everonasctiles/Tile3,17.asc
ncols 128
nrows 128
xllcorner 0
yllcorner 0
cellsize 2.0
NODATA_value  -9999
[rows 96 to 127 of 128, columns 0 to 70 of 128]
-90.50 -90.50 -90.50 -90.53 -90.53 -90.56 -90.59 -90.62 -90.66 -90.69 -90.72 -90.75 -90.78 -90.78 -90.81 -90.78 -90.78 -90.72 -90.69 -90.66 -90.59 -90.56 -90.50 -90.44 -90.38 -90.31 -90.25 -90.16 -90.06 -90.00 -89.94 -89.84 -89.78 -89.75 -89.69 -89.62 -89.56 -89.47 -89.38 -89.28 -89.19 -89.09 -89.09 -89.12 -89.22 -89.31 -89.41 -89.53 -89.66 -89.78 -89.91 -90.03 -90.16 -90.28 -90.41 -90.53 -90.66 -90.78 -90.91 -91.03 -91.12 -91.25 -91.38 -91.47 -91.56 -91.62 -91.69 -91.75 -91.78 -91.81 -91.84
-90.47 -90.47 -90.47 -90.47 -90.47 -90.50 -90.53 -90.53 -90.56 -90.59 -90.66 -90.69 -90.72 -90.75 -90.75 -90.75 -90.72 -90.69 -90.62 -90.59 -90.53 -90.50 -90.44 -90.38 -90.31 -90.25 -90.19 -90.12 -90.03 -89.94 -89.84 -89.78 -89.72 -89.66 -89.59 -89.53 -89.47 -89.38 -89.28 -89.19 -89.09 -89.03 -89.00 -89.06 -89.16 -89.28 -89.41 -89.53 -89.69 -89.81 -89.97 -90.12 -90.25 -90.41 -90.53 -90.66 -90.75 -90.88 -91.00 -91.09 -91.22 -91.31 -91.41 -91.50 -91.59 -91.66 -91.72 -91.78 -91.81 -91.88 -91.91
-90.44 -90.44 -90.41 -90.41 -90.44 -90.44 -90.47 -90.47 -90.50 -90.53 -90.56 -90.62 -90.66 -90.69 -90.69 -90.69 -90.66 -90.59 -90.56 -90.50 -90.47 -90.41 -90.34 -90.31 -90.25 -90.19 -90.12 -90.03 -89.94 -89.84 -89.75 -89.69 -89.59 -89.53 -89.47 -89.41 -89.34 -89.28 -89.19 -89.09 -89.00 -88.94 -88.94 -89.00 -89.12 -89.25 -89.41 -89.56 -89.72 -89.88 -90.03 -90.19 -90.34 -90.50 -90.62 -90.75 -90.84 -90.97 -91.06 -91.16 -91.25 -91.38 -91.44 -91.53 -91.62 -91.69 -91.75 -91.81 -91.84 -91.91 -91.97
-90.44 -90.41 -90.38 -90.38 -90.38 -90.38 -90.41 -90.41 -90.44 -90.47 -90.50 -90.53 -90.56 -90.59 -90.59 -90.59 -90.56 -90.53 -90.47 -90.44 -90.38 -90.31 -90.25 -90.22 -90.16 -90.09 -90.03 -89.94 -89.84 -89.75 -89.62 -89.56 -89.47 -89.41 -89.34 -89.28 -89.22 -89.16 -89.06 -89.00 -88.91 -88.88 -88.88 -88.97 -89.09 -89.25 -89.41 -89.56 -89.75 -89.91 -90.09 -90.25 -90.41 -90.56 -90.69 -90.81 -90.91 -91.00 -91.09 -91.19 -91.28 -91.38 -91.47 -91.53 -91.62 -91.69 -91.78 -91.84 -91.88 -91.94 -92.00
-90.41 -90.38 -90.34 -90.31 -90.31 -90.31 -90.31 -90.34 -90.34 -90.38 -90.41 -90.44 -90.47 -90.50 -90.50 -90.47 -90.44 -90.41 -90.38 -90.34 -90.28 -90.22 -90.16 -90.09 -90.03 -89.97 -89.91 -89.81 -89.72 -89.62 -89.50 -89.41 -89.34 -89.28 -89.22 -89.16 -89.09 -89.03 -88.94 -88.88 -88.81 -88.78 -88.81 -88.94 -89.06 -89.25 -89.44 -89.59 -89.78 -89.97 -90.16 -90.31 -90.47 -90.62 -90.75 -90.84 -90.97 -91.03 -91.12 -91.22 -91.28 -91.38 -91.47 -91.53 -91.62 -91.69 -91.78 -91.84 -91.91 -91.97 -92.03
-90.38 -90.31 -90.28 -90.25 -90.25 -90.25 -90.25 -90.25 -90.25 -90.28 -90.28 -90.31 -90.34 -90.38 -90.38 -90.34 -90.31 -90.28 -90.25 -90.22 -90.19 -90.12 -90.06 -90.00 -89.94 -89.84 -89.78 -89.69 -89.59 -89.47 -89.38 -89.28 -89.19 -89.12 -89.06 -89.03 -88.97 -88.91 -88.84 -88.75 -88.72 -88.69 -88.78 -88.91 -89.06 -89.25 -89.44 -89.62 -89.84 -90.03 -90.22 -90.38 -90.53 -90.69 -90.78 -90.91 -90.97 -91.06 -91.12 -91.22 -91.28 -91.38 -91.44 -91.53 -91.62 -91.69 -91.78 -91.84 -91.91 -91.97 -92.03
-90.31 -90.25 -90.22 -90.19 -90.16 -90.16 -90.12 -90.12 -90.12 -90.16 -90.16 -90.19 -90.22 -90.25 -90.25 -90.22 -90.19 -90.16 -90.12 -90.09 -90.06 -90.03 -89.97 -89.88 -89.81 -89.75 -89.66 -89.56 -89.47 -89.34 -89.25 -89.12 -89.06 -89.00 -88.97 -88.91 -88.84 -88.78 -88.72 -88.66 -88.62 -88.62 -88.72 -88.88 -89.06 -89.25 -89.47 -89.69 -89.88 -90.06 -90.25 -90.44 -90.56 -90.72 -90.81 -90.91 -91.00 -91.09 -91.16 -91.22 -91.28 -91.38 -91.44 -91.53 -91.59 -91.69 -91.75 -91.81 -91.88 -91.94 -92.00
-90.22 -90.19 -90.12 -90.09 -90.06 -90.06 -90.03 -90.03 -90.03 -90.03 -90.03 -90.06 -90.09 -90.09 -90.09 -90.06 -90.03 -90.03 -90.00 -89.97 -89.94 -89.91 -89.84 -89.78 -89.69 -89.59 -89.53 -89.44 -89.34 -89.22 -89.12 -89.03 -88.94 -88.88 -88.84 -88.81 -88.75 -88.69 -88.62 -88.56 -88.53 -88.56 -88.69 -88.84 -89.03 -89.25 -89.47 -89.69 -89.88 -90.09 -90.28 -90.44 -90.59 -90.72 -90.84 -90.94 -91.03 -91.09 -91.16 -91.22 -91.28 -91.38 -91.44 -91.50 -91.59 -91.66 -91.72 -91.78 -91.84 -91.91 -91.97
-90.12 -90.09 -90.06 -90.03 -90.00 -89.97 -89.94 -89.91 -89.91 -89.88 -89.91 -89.91 -89.94 -89.94 -89.94 -89.94 -89.91 -89.88 -89.88 -89.84 -89.81 -89.78 -89.72 -89.66 -89.56 -89.47 -89.41 -89.31 -89.22 -89.12 -89.03 -88.94 -88.84 -88.78 -88.75 -88.72 -88.66 -88.59 -88.53 -88.47 -88.44 -88.50 -88.62 -88.81 -89.00 -89.22 -89.44 -89.66 -89.88 -90.06 -90.25 -90.44 -90.59 -90.72 -90.84 -90.94 -91.03 -91.09 -91.16 -91.22 -91.28 -91.34 -91.41 -91.50 -91.56 -91.62 -91.66 -91.72 -91.78 -91.84 -91.91
-90.03 -90.00 -89.97 -89.94 -89.91 -89.88 -89.84 -89.81 -89.78 -89.75 -89.75 -89.78 -89.78 -89.78 -89.78 -89.78 -89.75 -89.75 -89.75 -89.72 -89.69 -89.66 -89.59 -89.53 -89.47 -89.38 -89.28 -89.19 -89.12 -89.03 -88.94 -88.84 -88.78 -88.72 -88.66 -88.62 -88.59 -88.53 -88.47 -88.41 -88.38 -88.47 -88.59 -88.75 -88.97 -89.19 -89.41 -89.62 -89.84 -90.03 -90.22 -90.41 -90.56 -90.69 -90.81 -90.91 -91.00 -91.09 -91.16 -91.22 -91.28 -91.34 -91.41 -91.47 -91.50 -91.56 -91.62 -91.66 -91.72 -91.78 -91.84
-89.94 -89.91 -89.88 -89.84 -89.81 -89.78 -89.75 -89.69 -89.66 -89.62 -89.62 -89.62 -89.62 -89.66 -89.66 -89.62 -89.62 -89.62 -89.59 -89.59 -89.59 -89.53 -89.50 -89.44 -89.34 -89.28 -89.19 -89.09 -89.03 -88.94 -88.84 -88.78 -88.69 -88.62 -88.59 -88.56 -88.50 -88.47 -88.41 -88.34 -88.34 -88.44 -88.59 -88.75 -88.94 -89.16 -89.38 -89.59 -89.81 -90.00 -90.19 -90.34 -90.50 -90.66 -90.75 -90.88 -90.97 -91.06 -91.12 -91.19 -91.25 -91.31 -91.38 -91.44 -91.47 -91.53 -91.56 -91.62 -91.66 -91.72 -91.78
-89.81 -89.78 -89.75 -89.72 -89.69 -89.66 -89.62 -89.56 -89.53 -89.50 -89.47 -89.47 -89.50 -89.50 -89.50 -89.50 -89.50 -89.50 -89.47 -89.47 -89.47 -89.44 -89.41 -89.34 -89.28 -89.19 -89.12 -89.03 -88.97 -88.88 -88.78 -88.69 -88.62 -88.56 -88.50 -88.47 -88.44 -88.38 -88.34 -88.31 -88.34 -88.44 -88.59 -88.75 -88.94 -89.12 -89.34 -89.56 -89.75 -89.94 -90.12 -90.28 -90.44 -90.59 -90.72 -90.81 -90.94 -91.00 -91.09 -91.16 -91.22 -91.28 -91.34 -91.38 -91.44 -91.47 -91.53 -91.56 -91.62 -91.66 -91.72
-89.72 -89.69 -89.66 -89.62 -89.59 -89.56 -89.50 -89.44 -89.41 -89.38 -89.34 -89.34 -89.38 -89.38 -89.38 -89.38 -89.38 -89.38 -89.38 -89.34 -89.34 -89.34 -89.31 -89.25 -89.19 -89.09 -89.03 -88.94 -88.88 -88.81 -88.72 -88.62 -88.53 -88.47 -88.41 -88.38 -88.34 -88.31 -88.28 -88.28 -88.34 -88.47 -88.59 -88.75 -88.94 -89.12 -89.31 -89.53 -89.72 -89.88 -90.06 -90.22 -90.38 -90.50 -90.62 -90.75 -90.88 -90.97 -91.03 -91.09 -91.16 -91.22 -91.28 -91.34 -91.38 -91.44 -91.47 -91.50 -91.56 -91.59 -91.66
-89.62 -89.59 -89.56 -89.53 -89.47 -89.44 -89.38 -89.31 -89.28 -89.25 -89.22 -89.22 -89.25 -89.25 -89.25 -89.25 -89.25 -89.25 -89.25 -89.25 -89.25 -89.22 -89.22 -89.16 -89.09 -89.03 -88.94 -88.88 -88.78 -88.72 -88.66 -88.56 -88.47 -88.41 -88.34 -88.31 -88.28 -88.28 -88.25 -88.28 -88.38 -88.47 -88.62 -88.78 -88.94 -89.12 -89.31 -89.47 -89.66 -89.81 -89.97 -90.12 -90.28 -90.44 -90.56 -90.69 -90.81 -90.88 -90.97 -91.03 -91.12 -91.19 -91.22 -91.28 -91.31 -91.34 -91.41 -91.44 -91.50 -91.53 -91.59
-89.50 -89.47 -89.44 -89.41 -89.34 -89.31 -89.25 -89.19 -89.16 -89.12 -89.09 -89.12 -89.12 -89.12 -89.12 -89.12 -89.12 -89.12 -89.12 -89.12 -89.12 -89.12 -89.09 -89.06 -89.00 -88.94 -88.84 -88.78 -88.72 -88.66 -88.56 -88.50 -88.41 -88.34 -88.31 -88.28 -88.25 -88.22 -88.25 -88.31 -88.38 -88.50 -88.62 -88.75 -88.94 -89.09 -89.25 -89.41 -89.56 -89.72 -89.88 -90.03 -90.19 -90.34 -90.50 -90.62 -90.72 -90.81 -90.91 -90.97 -91.03 -91.09 -91.16 -91.22 -91.25 -91.28 -91.34 -91.38 -91.44 -91.47 -91.53
-89.34 -89.31 -89.31 -89.28 -89.22 -89.19 -89.12 -89.06 -89.03 -89.00 -89.00 -89.00 -89.00 -89.03 -89.03 -89.03 -89.03 -89.00 -89.00 -89.00 -89.00 -89.00 -89.00 -88.94 -88.91 -88.81 -88.75 -88.69 -88.62 -88.56 -88.50 -88.44 -88.38 -88.31 -88.25 -88.22 -88.22 -88.22 -88.25 -88.31 -88.41 -88.50 -88.62 -88.75 -88.91 -89.06 -89.19 -89.34 -89.50 -89.66 -89.81 -89.97 -90.12 -90.28 -90.41 -90.53 -90.62 -90.72 -90.81 -90.88 -90.97 -91.03 -91.06 -91.12 -91.16 -91.22 -91.25 -91.31 -91.34 -91.41 -91.47
-89.22 -89.19 -89.16 -89.12 -89.12 -89.06 -89.00 -88.97 -88.91 -88.88 -88.88 -88.88 -88.91 -88.91 -88.91 -88.91 -88.91 -88.88 -88.88 -88.88 -88.88 -88.88 -88.88 -88.84 -88.78 -88.72 -88.66 -88.59 -88.53 -88.50 -88.44 -88.38 -88.31 -88.25 -88.22 -88.19 -88.19 -88.22 -88.28 -88.34 -88.41 -88.50 -88.59 -88.72 -88.84 -89.00 -89.12 -89.28 -89.44 -89.59 -89.75 -89.91 -90.03 -90.19 -90.31 -90.44 -90.53 -90.62 -90.72 -90.78 -90.84 -90.91 -90.97 -91.03 -91.06 -91.12 -91.19 -91.22 -91.28 -91.34 -91.38
-89.06 -89.03 -89.03 -89.00 -89.00 -88.97 -88.91 -88.84 -88.81 -88.78 -88.75 -88.78 -88.78 -88.78 -88.78 -88.78 -88.78 -88.75 -88.75 -88.75 -88.78 -88.78 -88.75 -88.72 -88.66 -88.59 -88.53 -88.50 -88.47 -88.41 -88.38 -88.31 -88.28 -88.22 -88.19 -88.16 -88.19 -88.22 -88.28 -88.34 -88.44 -88.50 -88.59 -88.69 -88.81 -88.91 -89.06 -89.19 -89.34 -89.50 -89.66 -89.81 -89.94 -90.09 -90.22 -90.34 -90.44 -90.53 -90.62 -90.69 -90.75 -90.81 -90.88 -90.91 -90.97 -91.03 -91.06 -91.12 -91.19 -91.25 -91.31
-88.94 -88.91 -88.91 -88.88 -88.88 -88.84 -88.81 -88.75 -88.72 -88.69 -88.66 -88.66 -88.66 -88.66 -88.66 -88.66 -88.66 -88.62 -88.62 -88.62 -88.66 -88.66 -88.62 -88.59 -88.53 -88.47 -88.44 -88.41 -88.38 -88.34 -88.31 -88.28 -88.22 -88.19 -88.16 -88.12 -88.16 -88.22 -88.28 -88.34 -88.41 -88.50 -88.56 -88.66 -88.75 -88.84 -89.00 -89.12 -89.28 -89.44 -89.56 -89.72 -89.84 -90.00 -90.12 -90.25 -90.34 -90.44 -90.50 -90.59 -90.66 -90.69 -90.75 -90.81 -90.88 -90.91 -90.97 -91.03 -91.09 -91.16 -91.19
-88.81 -88.78 -88.78 -88.78 -88.75 -88.75 -88.72 -88.66 -88.62 -88.59 -88.56 -88.56 -88.56 -88.53 -88.53 -88.53 -88.53 -88.53 -88.50 -88.50 -88.53 -88.53 -88.50 -88.47 -88.41 -88.34 -88.31 -88.28 -88.28 -88.28 -88.25 -88.22 -88.19 -88.16 -88.12 -88.12 -88.12 -88.19 -88.25 -88.31 -88.38 -88.44 -88.50 -88.59 -88.69 -88.81 -88.94 -89.06 -89.22 -89.34 -89.47 -89.62 -89.75 -89.91 -90.03 -90.16 -90.25 -90.34 -90.41 -90.47 -90.53 -90.59 -90.66 -90.72 -90.75 -90.81 -90.88 -90.94 -91.00 -91.03 -91.09
-88.69 -88.66 -88.66 -88.66 -88.62 -88.62 -88.59 -88.56 -88.53 -88.50 -88.47 -88.44 -88.44 -88.41 -88.41 -88.41 -88.41 -88.41 -88.38 -88.38 -88.41 -88.41 -88.38 -88.31 -88.28 -88.22 -88.19 -88.19 -88.19 -88.19 -88.19 -88.19 -88.16 -88.12 -88.09 -88.09 -88.09 -88.16 -88.22 -88.28 -88.31 -88.38 -88.44 -88.53 -88.62 -88.75 -88.84 -89.00 -89.12 -89.25 -89.41 -89.53 -89.69 -89.81 -89.94 -90.06 -90.16 -90.25 -90.31 -90.38 -90.44 -90.50 -90.56 -90.62 -90.69 -90.75 -90.78 -90.84 -90.91 -90.94 -91.00
-88.59 -88.56 -88.53 -88.53 -88.50 -88.50 -88.50 -88.47 -88.44 -88.41 -88.38 -88.34 -88.31 -88.28 -88.28 -88.28 -88.28 -88.28 -88.25 -88.25 -88.28 -88.25 -88.22 -88.19 -88.16 -88.12 -88.09 -88.09 -88.12 -88.12 -88.12 -88.12 -88.12 -88.09 -88.06 -88.06 -88.06 -88.09 -88.16 -88.19 -88.25 -88.31 -88.38 -88.47 -88.56 -88.66 -88.78 -88.91 -89.03 -89.19 -89.34 -89.47 -89.62 -89.75 -89.88 -89.97 -90.06 -90.16 -90.25 -90.31 -90.38 -90.44 -90.50 -90.56 -90.62 -90.69 -90.75 -90.78 -90.81 -90.88 -90.91
-88.53 -88.47 -88.44 -88.41 -88.38 -88.38 -88.38 -88.34 -88.31 -88.31 -88.25 -88.22 -88.19 -88.16 -88.16 -88.16 -88.16 -88.16 -88.12 -88.12 -88.12 -88.12 -88.09 -88.06 -88.03 -88.00 -88.00 -88.03 -88.03 -88.06 -88.09 -88.09 -88.06 -88.06 -88.03 -88.03 -88.03 -88.03 -88.09 -88.12 -88.19 -88.22 -88.31 -88.38 -88.47 -88.59 -88.72 -88.84 -88.97 -89.12 -89.28 -89.41 -89.56 -89.69 -89.81 -89.91 -90.00 -90.06 -90.16 -90.22 -90.31 -90.38 -90.44 -90.50 -90.56 -90.62 -90.69 -90.72 -90.78 -90.81 -90.84
-88.47 -88.38 -88.34 -88.28 -88.28 -88.25 -88.25 -88.22 -88.22 -88.19 -88.16 -88.09 -88.06 -88.03 -88.03 -88.03 -88.00 -88.00 -88.00 -88.00 -88.00 -87.97 -87.97 -87.94 -87.91 -87.91 -87.91 -87.94 -87.97 -88.00 -88.03 -88.03 -88.03 -88.03 -88.00 -88.00 -87.97 -88.00 -88.03 -88.06 -88.09 -88.16 -88.22 -88.31 -88.41 -88.53 -88.66 -88.78 -88.91 -89.06 -89.22 -89.38 -89.50 -89.62 -89.72 -89.81 -89.91 -90.00 -90.06 -90.16 -90.22 -90.28 -90.38 -90.44 -90.50 -90.56 -90.62 -90.69 -90.72 -90.75 -90.78
-88.41 -88.31 -88.25 -88.22 -88.19 -88.16 -88.12 -88.12 -88.09 -88.06 -88.03 -88.00 -87.94 -87.91 -87.91 -87.88 -87.88 -87.88 -87.88 -87.88 -87.88 -87.84 -87.84 -87.81 -87.81 -87.81 -87.84 -87.88 -87.94 -87.97 -88.00 -88.00 -88.00 -88.00 -87.97 -87.97 -87.94 -87.94 -87.97 -88.00 -88.03 -88.09 -88.19 -88.25 -88.38 -88.47 -88.59 -88.75 -88.88 -89.03 -89.19 -89.31 -89.44 -89.56 -89.66 -89.75 -89.84 -89.94 -90.00 -90.09 -90.16 -90.22 -90.31 -90.38 -90.47 -90.53 -90.59 -90.62 -90.66 -90.69 -90.72
-88.34 -88.28 -88.22 -88.16 -88.09 -88.06 -88.03 -88.03 -88.00 -87.97 -87.91 -87.88 -87.81 -87.78 -87.78 -87.75 -87.75 -87.75 -87.75 -87.75 -87.75 -87.72 -87.72 -87.72 -87.72 -87.75 -87.81 -87.84 -87.88 -87.94 -87.94 -87.97 -87.97 -87.97 -87.94 -87.94 -87.91 -87.91 -87.94 -87.97 -88.00 -88.06 -88.16 -88.22 -88.34 -88.44 -88.59 -88.72 -88.88 -89.00 -89.16 -89.28 -89.41 -89.50 -89.59 -89.69 -89.78 -89.88 -89.94 -90.03 -90.09 -90.19 -90.25 -90.34 -90.41 -90.50 -90.53 -90.59 -90.62 -90.66 -90.69
-88.31 -88.22 -88.16 -88.09 -88.03 -88.00 -87.97 -87.94 -87.88 -87.84 -87.78 -87.75 -87.69 -87.66 -87.62 -87.62 -87.62 -87.62 -87.62 -87.62 -87.62 -87.62 -87.62 -87.66 -87.69 -87.72 -87.78 -87.81 -87.84 -87.88 -87.91 -87.94 -87.94 -87.94 -87.91 -87.91 -87.91 -87.88 -87.91 -87.94 -87.97 -88.06 -88.12 -88.22 -88.31 -88.44 -88.56 -88.69 -88.84 -88.97 -89.12 -89.25 -89.38 -89.47 -89.56 -89.66 -89.72 -89.81 -89.88 -89.97 -90.06 -90.12 -90.22 -90.31 -90.38 -90.47 -90.50 -90.56 -90.59 -90.62 -90.62
-88.25 -88.19 -88.12 -88.06 -87.97 -87.94 -87.88 -87.84 -87.78 -87.72 -87.66 -87.62 -87.56 -87.53 -87.50 -87.47 -87.47 -87.50 -87.50 -87.50 -87.50 -87.50 -87.53 -87.59 -87.62 -87.69 -87.72 -87.78 -87.81 -87.84 -87.88 -87.88 -87.91 -87.91 -87.91 -87.88 -87.88 -87.88 -87.88 -87.94 -87.97 -88.03 -88.12 -88.22 -88.31 -88.41 -88.53 -88.69 -88.81 -88.94 -89.09 -89.22 -89.31 -89.41 -89.50 -89.59 -89.66 -89.75 -89.81 -89.91 -90.00 -90.09 -90.19 -90.28 -90.38 -90.44 -90.47 -90.53 -90.56 -90.56 -90.56
-88.22 -88.16 -88.06 -88.00 -87.94 -87.84 -87.78 -87.75 -87.69 -87.62 -87.56 -87.50 -87.44 -87.38 -87.34 -87.34 -87.34 -87.34 -87.34 -87.38 -87.38 -87.44 -87.47 -87.53 -87.59 -87.66 -87.69 -87.72 -87.75 -87.78 -87.81 -87.84 -87.88 -87.88 -87.88 -87.84 -87.84 -87.84 -87.88 -87.91 -87.97 -88.03 -88.09 -88.19 -88.28 -88.41 -88.53 -88.66 -88.78 -88.91 -89.03 -89.16 -89.28 -89.38 -89.44 -89.53 -89.59 -89.69 -89.78 -89.88 -89.97 -90.06 -90.16 -90.25 -90.34 -90.41 -90.44 -90.50 -90.53 -90.53 -90.53
-88.16 -88.09 -88.00 -87.94 -87.84 -87.78 -87.72 -87.62 -87.56 -87.50 -87.44 -87.38 -87.28 -87.22 -87.19 -87.19 -87.19 -87.19 -87.22 -87.25 -87.28 -87.34 -87.41 -87.47 -87.53 -87.59 -87.62 -87.66 -87.69 -87.72 -87.75 -87.81 -87.81 -87.84 -87.84 -87.84 -87.84 -87.84 -87.88 -87.91 -87.97 -88.03 -88.09 -88.16 -88.25 -88.38 -88.47 -88.59 -88.72 -88.84 -88.97 -89.09 -89.19 -89.31 -89.38 -89.47 -89.53 -89.62 -89.72 -89.84 -89.94 -90.03 -90.12 -90.22 -90.31 -90.38 -90.41 -90.44 -90.47 -90.47 -90.47
-88.06 -88.00 -87.94 -87.84 -87.78 -87.69 -87.59 -87.53 -87.47 -87.41 -87.31 -87.25 -87.16 -87.09 -87.03 -87.03 -87.03 -87.03 -87.09 -87.12 -87.19 -87.28 -87.34 -87.41 -87.47 -87.53 -87.56 -87.59 -87.62 -87.66 -87.72 -87.75 -87.78 -87.78 -87.78 -87.78 -87.81 -87.81 -87.84 -87.88 -87.94 -88.00 -88.06 -88.12 -88.22 -88.34 -88.44 -88.53 -88.66 -88.78 -88.88 -89.00 -89.12 -89.22 -89.31 -89.38 -89.47 -89.59 -89.69 -89.81 -89.91 -90.00 -90.09 -90.19 -90.25 -90.31 -90.38 -90.41 -90.44 -90.44 -90.44
-87.97 -87.91 -87.84 -87.75 -87.66 -87.59 -87.50 -87.41 -87.34 -87.28 -87.19 -87.12 -87.03 -86.97 -86.91 -86.88 -86.88 -86.91 -86.97 -87.03 -87.12 -87.19 -87.28 -87.34 -87.38 -87.44 -87.47 -87.50 -87.53 -87.59 -87.62 -87.66 -87.69 -87.72 -87.75 -87.75 -87.75 -87.78 -87.81 -87.84 -87.91 -87.97 -88.03 -88.09 -88.19 -88.28 -88.38 -88.47 -88.59 -88.69 -88.81 -88.94 -89.03 -89.12 -89.22 -89.31 -89.44 -89.56 -89.66 -89.78 -89.88 -89.97 -90.06 -90.16 -90.22 -90.28 -90.31 -90.38 -90.38 -90.41 -90.41
