everonasctiles/Tile26,13.asc
ncols 128
nrows 128
xllcorner 0
yllcorner 0
cellsize 2.0
NODATA_value  -9999
[rows 70 to 104 of 128, columns 0 to 77 of 128]
-3.69 -3.47 -3.19 -2.91 -2.59 -2.25 -2.03 -1.88 -1.75 -1.62 -1.53 -1.44 -1.38 -1.31 -1.25 -1.22 -1.22 -1.19 -1.19 -1.22 -1.25 -1.28 -1.38 -1.50 -1.62 -1.69 -1.72 -1.69 -1.66 -1.59 -1.53 -1.47 -1.41 -1.34 -1.28 -1.22 -1.19 -1.12 -1.06 -1.03 -1.00 -0.94 -0.91 -0.88 -0.84 -0.81 -0.81 -0.81 -0.84 -0.84 -0.84 -0.84 -0.81 -0.75 -0.66 -0.56 -0.47 -0.41 -0.25 0.06 0.50 0.66 0.69 0.62 0.56 0.56 0.50 0.53 0.59 0.69 0.84 1.03 1.22 1.38 1.59 1.81 2.84 4.16
-3.44 -3.19 -2.91 -2.59 -2.28 -2.03 -1.88 -1.72 -1.62 -1.53 -1.44 -1.38 -1.34 -1.28 -1.25 -1.25 -1.22 -1.22 -1.25 -1.25 -1.31 -1.34 -1.44 -1.56 -1.69 -1.72 -1.72 -1.69 -1.62 -1.56 -1.50 -1.44 -1.38 -1.31 -1.25 -1.19 -1.16 -1.09 -1.06 -1.00 -0.97 -0.94 -0.88 -0.84 -0.84 -0.81 -0.81 -0.81 -0.84 -0.84 -0.84 -0.84 -0.81 -0.75 -0.66 -0.56 -0.47 -0.38 -0.19 0.12 0.56 0.69 0.66 0.59 0.50 0.47 0.41 0.44 0.50 0.59 0.81 1.03 1.22 1.38 1.56 1.72 2.66 3.94
-3.19 -2.91 -2.59 -2.31 -2.03 -1.84 -1.72 -1.59 -1.53 -1.44 -1.38 -1.34 -1.31 -1.28 -1.25 -1.25 -1.25 -1.25 -1.28 -1.31 -1.38 -1.44 -1.53 -1.66 -1.72 -1.75 -1.72 -1.66 -1.59 -1.53 -1.47 -1.41 -1.34 -1.28 -1.22 -1.16 -1.12 -1.06 -1.03 -0.97 -0.94 -0.91 -0.88 -0.84 -0.81 -0.78 -0.81 -0.81 -0.84 -0.84 -0.84 -0.84 -0.81 -0.75 -0.66 -0.59 -0.50 -0.34 -0.12 0.22 0.62 0.66 0.62 0.56 0.44 0.41 0.34 0.38 0.47 0.59 0.81 1.03 1.25 1.38 1.53 1.69 2.50 3.81
-2.91 -2.59 -2.31 -2.03 -1.81 -1.69 -1.59 -1.50 -1.44 -1.38 -1.34 -1.31 -1.28 -1.25 -1.25 -1.25 -1.28 -1.31 -1.34 -1.38 -1.44 -1.50 -1.59 -1.72 -1.75 -1.75 -1.69 -1.62 -1.56 -1.50 -1.44 -1.38 -1.31 -1.25 -1.19 -1.12 -1.09 -1.03 -1.00 -0.97 -0.91 -0.88 -0.84 -0.81 -0.81 -0.78 -0.78 -0.81 -0.81 -0.84 -0.84 -0.81 -0.81 -0.75 -0.69 -0.59 -0.50 -0.31 -0.06 0.28 0.66 0.62 0.59 0.53 0.44 0.41 0.41 0.44 0.50 0.62 0.81 1.06 1.28 1.44 1.53 1.75 2.66 3.84
-2.62 -2.31 -2.03 -1.81 -1.69 -1.56 -1.50 -1.44 -1.38 -1.34 -1.31 -1.28 -1.28 -1.25 -1.28 -1.28 -1.31 -1.34 -1.38 -1.44 -1.50 -1.56 -1.69 -1.75 -1.75 -1.72 -1.66 -1.59 -1.53 -1.44 -1.38 -1.31 -1.28 -1.22 -1.16 -1.09 -1.06 -1.00 -0.97 -0.94 -0.91 -0.88 -0.84 -0.81 -0.78 -0.78 -0.78 -0.78 -0.81 -0.81 -0.84 -0.81 -0.78 -0.75 -0.66 -0.56 -0.44 -0.25 0.03 0.34 0.59 0.59 0.56 0.50 0.47 0.50 0.53 0.53 0.59 0.72 0.91 1.12 1.31 1.47 1.59 1.88 2.84 3.78
-2.38 -2.09 -1.84 -1.69 -1.59 -1.50 -1.44 -1.38 -1.34 -1.31 -1.28 -1.28 -1.28 -1.28 -1.28 -1.31 -1.34 -1.38 -1.44 -1.50 -1.56 -1.66 -1.75 -1.78 -1.75 -1.69 -1.62 -1.53 -1.47 -1.41 -1.34 -1.28 -1.22 -1.19 -1.12 -1.06 -1.03 -1.00 -0.97 -0.94 -0.91 -0.88 -0.84 -0.81 -0.78 -0.78 -0.75 -0.78 -0.78 -0.81 -0.81 -0.78 -0.72 -0.69 -0.62 -0.53 -0.38 -0.12 0.16 0.44 0.59 0.56 0.53 0.50 0.56 0.62 0.69 0.72 0.75 0.84 1.06 1.25 1.44 1.59 1.69 2.09 3.16 3.75
-2.16 -1.91 -1.75 -1.62 -1.53 -1.47 -1.41 -1.38 -1.31 -1.31 -1.28 -1.28 -1.28 -1.28 -1.31 -1.34 -1.38 -1.44 -1.50 -1.56 -1.62 -1.72 -1.78 -1.78 -1.72 -1.66 -1.56 -1.50 -1.44 -1.38 -1.31 -1.25 -1.19 -1.16 -1.09 -1.03 -1.00 -1.00 -0.97 -0.94 -0.91 -0.88 -0.84 -0.81 -0.78 -0.75 -0.75 -0.75 -0.78 -0.78 -0.78 -0.75 -0.69 -0.62 -0.56 -0.44 -0.25 0.00 0.28 0.50 0.62 0.59 0.56 0.56 0.62 0.69 0.75 0.84 0.91 1.00 1.22 1.41 1.59 1.75 1.97 2.62 3.38 3.78
-2.00 -1.81 -1.69 -1.59 -1.53 -1.47 -1.41 -1.38 -1.34 -1.31 -1.31 -1.28 -1.31 -1.31 -1.34 -1.38 -1.44 -1.50 -1.56 -1.62 -1.72 -1.78 -1.78 -1.75 -1.66 -1.59 -1.53 -1.47 -1.41 -1.34 -1.28 -1.22 -1.16 -1.12 -1.06 -1.03 -1.00 -1.00 -0.97 -0.94 -0.94 -0.91 -0.88 -0.84 -0.78 -0.78 -0.75 -0.75 -0.75 -0.75 -0.72 -0.69 -0.66 -0.59 -0.50 -0.31 -0.09 0.16 0.38 0.56 0.69 0.66 0.62 0.59 0.66 0.72 0.78 0.88 0.97 1.16 1.38 1.59 1.78 2.00 2.56 3.22 3.50 3.81
-1.94 -1.78 -1.69 -1.59 -1.53 -1.47 -1.41 -1.38 -1.34 -1.34 -1.31 -1.31 -1.34 -1.34 -1.41 -1.44 -1.50 -1.53 -1.62 -1.69 -1.78 -1.81 -1.78 -1.69 -1.62 -1.56 -1.50 -1.41 -1.34 -1.28 -1.22 -1.19 -1.12 -1.06 -1.03 -1.00 -1.00 -1.00 -1.00 -1.00 -0.97 -0.94 -0.91 -0.84 -0.81 -0.78 -0.75 -0.75 -0.75 -0.75 -0.69 -0.66 -0.62 -0.56 -0.38 -0.16 0.06 0.28 0.47 0.69 0.78 0.75 0.69 0.66 0.69 0.75 0.81 0.91 1.06 1.28 1.50 1.75 2.00 2.44 3.06 3.28 3.53 3.81
-1.94 -1.81 -1.72 -1.62 -1.56 -1.50 -1.44 -1.41 -1.38 -1.38 -1.34 -1.38 -1.38 -1.41 -1.44 -1.50 -1.53 -1.62 -1.69 -1.78 -1.81 -1.78 -1.72 -1.66 -1.59 -1.50 -1.44 -1.38 -1.31 -1.25 -1.19 -1.16 -1.09 -1.03 -1.00 -1.03 -1.03 -1.03 -1.03 -1.03 -1.00 -0.97 -0.94 -0.91 -0.84 -0.81 -0.78 -0.78 -0.75 -0.75 -0.69 -0.66 -0.59 -0.44 -0.22 0.00 0.22 0.38 0.56 0.78 0.88 0.84 0.78 0.75 0.75 0.78 0.88 1.00 1.19 1.41 1.62 1.88 2.16 2.66 3.16 3.31 3.53 3.75
-1.97 -1.84 -1.75 -1.66 -1.59 -1.53 -1.50 -1.44 -1.44 -1.41 -1.41 -1.41 -1.44 -1.47 -1.50 -1.53 -1.59 -1.69 -1.78 -1.81 -1.81 -1.75 -1.69 -1.59 -1.53 -1.47 -1.41 -1.34 -1.28 -1.22 -1.16 -1.09 -1.06 -1.00 -1.00 -1.03 -1.06 -1.06 -1.06 -1.03 -1.00 -0.97 -0.94 -0.91 -0.84 -0.81 -0.78 -0.78 -0.78 -0.75 -0.69 -0.62 -0.50 -0.25 -0.03 0.16 0.31 0.47 0.66 0.91 0.97 0.97 0.88 0.84 0.84 0.91 1.00 1.16 1.31 1.50 1.75 1.97 2.25 2.66 3.03 3.25 3.47 3.69
-2.00 -1.91 -1.78 -1.72 -1.66 -1.59 -1.53 -1.50 -1.47 -1.47 -1.47 -1.47 -1.47 -1.50 -1.56 -1.59 -1.69 -1.75 -1.84 -1.84 -1.78 -1.72 -1.62 -1.56 -1.47 -1.41 -1.34 -1.28 -1.22 -1.16 -1.12 -1.06 -1.03 -0.97 -1.00 -1.03 -1.06 -1.09 -1.06 -1.03 -1.00 -0.97 -0.94 -0.91 -0.84 -0.81 -0.75 -0.75 -0.75 -0.72 -0.62 -0.53 -0.25 0.00 0.16 0.28 0.44 0.56 0.78 0.97 1.03 1.00 0.97 0.97 0.97 1.06 1.19 1.31 1.47 1.66 1.84 2.03 2.25 2.50 2.81 3.00 3.34 3.66
-2.06 -1.97 -1.84 -1.78 -1.72 -1.66 -1.59 -1.56 -1.53 -1.53 -1.50 -1.53 -1.53 -1.56 -1.62 -1.66 -1.75 -1.84 -1.84 -1.81 -1.72 -1.66 -1.59 -1.50 -1.44 -1.38 -1.31 -1.25 -1.19 -1.12 -1.06 -1.03 -1.00 -0.97 -1.00 -1.03 -1.06 -1.09 -1.06 -1.03 -0.97 -0.94 -0.91 -0.88 -0.81 -0.78 -0.75 -0.69 -0.66 -0.66 -0.59 -0.38 -0.03 0.16 0.31 0.44 0.56 0.69 0.88 1.03 1.06 1.06 1.06 1.06 1.12 1.22 1.34 1.50 1.62 1.78 1.91 2.06 2.25 2.44 2.59 2.62 2.97 3.53
-2.16 -2.03 -1.94 -1.84 -1.78 -1.72 -1.66 -1.62 -1.59 -1.59 -1.56 -1.56 -1.59 -1.62 -1.66 -1.75 -1.81 -1.84 -1.84 -1.75 -1.69 -1.59 -1.53 -1.47 -1.38 -1.31 -1.25 -1.19 -1.12 -1.09 -1.03 -1.00 -0.97 -0.97 -1.00 -1.03 -1.09 -1.09 -1.06 -1.00 -0.94 -0.91 -0.91 -0.84 -0.78 -0.72 -0.66 -0.62 -0.59 -0.59 -0.50 -0.16 0.16 0.31 0.47 0.59 0.69 0.81 0.97 1.06 1.12 1.12 1.12 1.16 1.22 1.31 1.47 1.59 1.72 1.84 1.97 2.16 2.31 2.47 2.62 2.72 2.88 3.38
-2.22 -2.09 -2.00 -1.91 -1.84 -1.78 -1.72 -1.69 -1.66 -1.66 -1.62 -1.62 -1.66 -1.69 -1.72 -1.81 -1.84 -1.84 -1.78 -1.72 -1.62 -1.53 -1.47 -1.41 -1.34 -1.28 -1.22 -1.16 -1.09 -1.06 -1.03 -1.00 -0.97 -0.97 -1.00 -1.03 -1.06 -1.09 -1.03 -1.00 -0.94 -0.91 -0.88 -0.81 -0.75 -0.69 -0.56 -0.53 -0.53 -0.50 -0.31 0.03 0.28 0.44 0.59 0.72 0.81 0.91 1.06 1.09 1.16 1.19 1.19 1.25 1.31 1.41 1.53 1.62 1.78 1.91 2.09 2.34 2.62 2.94 3.19 3.28 3.31 3.53
-2.31 -2.19 -2.09 -2.00 -1.94 -1.84 -1.81 -1.75 -1.72 -1.72 -1.69 -1.69 -1.72 -1.75 -1.78 -1.84 -1.84 -1.81 -1.72 -1.66 -1.56 -1.50 -1.41 -1.34 -1.28 -1.22 -1.16 -1.09 -1.06 -1.03 -1.00 -0.97 -0.97 -0.97 -0.97 -1.03 -1.06 -1.09 -1.03 -0.97 -0.94 -0.88 -0.84 -0.78 -0.72 -0.62 -0.50 -0.47 -0.47 -0.38 -0.09 0.16 0.38 0.56 0.72 0.81 0.88 0.97 1.06 1.09 1.19 1.22 1.28 1.34 1.44 1.50 1.59 1.72 1.84 2.03 2.28 2.69 3.16 3.59 3.91 4.03 3.94 4.03
-2.41 -2.28 -2.19 -2.09 -2.00 -1.94 -1.88 -1.84 -1.78 -1.78 -1.75 -1.75 -1.78 -1.81 -1.84 -1.88 -1.81 -1.75 -1.66 -1.59 -1.50 -1.44 -1.38 -1.28 -1.22 -1.19 -1.12 -1.06 -1.03 -1.00 -0.97 -0.97 -0.94 -0.94 -0.94 -1.00 -1.06 -1.06 -1.00 -0.91 -0.84 -0.78 -0.75 -0.72 -0.69 -0.59 -0.50 -0.44 -0.41 -0.22 0.09 0.31 0.50 0.66 0.81 0.88 0.94 1.00 1.03 1.09 1.19 1.28 1.38 1.47 1.56 1.66 1.75 1.84 1.97 2.19 2.53 3.09 3.69 4.06 4.31 4.50 4.53 4.53
-2.50 -2.38 -2.25 -2.16 -2.09 -2.00 -1.94 -1.91 -1.88 -1.84 -1.81 -1.81 -1.81 -1.84 -1.88 -1.84 -1.78 -1.69 -1.59 -1.53 -1.44 -1.38 -1.31 -1.25 -1.19 -1.12 -1.06 -1.03 -0.97 -0.97 -0.94 -0.94 -0.94 -0.94 -0.97 -1.03 -1.03 -1.00 -0.94 -0.84 -0.75 -0.66 -0.66 -0.62 -0.62 -0.56 -0.50 -0.44 -0.28 0.00 0.28 0.44 0.62 0.75 0.88 0.91 0.94 1.03 1.03 1.12 1.22 1.31 1.47 1.56 1.69 1.78 1.91 2.00 2.09 2.34 2.75 3.41 3.91 4.09 4.28 4.50 4.69 4.84
-2.59 -2.47 -2.34 -2.25 -2.16 -2.09 -2.03 -1.97 -1.94 -1.91 -1.88 -1.88 -1.88 -1.91 -1.88 -1.78 -1.72 -1.62 -1.53 -1.47 -1.41 -1.31 -1.25 -1.19 -1.12 -1.09 -1.03 -1.00 -0.94 -0.94 -0.91 -0.91 -0.94 -0.97 -1.03 -1.03 -1.03 -1.03 -0.94 -0.78 -0.66 -0.56 -0.53 -0.53 -0.53 -0.50 -0.50 -0.41 -0.12 0.22 0.41 0.53 0.66 0.75 0.84 0.88 0.94 1.00 1.03 1.16 1.25 1.38 1.53 1.69 1.81 1.91 2.03 2.12 2.22 2.47 2.91 3.53 3.97 4.12 4.34 4.50 4.75 5.06
-2.69 -2.56 -2.44 -2.31 -2.25 -2.16 -2.09 -2.03 -2.00 -1.94 -1.94 -1.94 -1.94 -1.91 -1.81 -1.72 -1.66 -1.56 -1.50 -1.41 -1.34 -1.28 -1.22 -1.16 -1.09 -1.03 -1.00 -0.94 -0.91 -0.88 -0.91 -0.94 -0.97 -1.03 -1.06 -1.06 -1.03 -1.00 -0.88 -0.72 -0.59 -0.50 -0.44 -0.47 -0.47 -0.47 -0.47 -0.28 0.06 0.34 0.47 0.59 0.69 0.75 0.81 0.84 0.91 0.97 1.09 1.22 1.34 1.47 1.59 1.75 1.91 2.03 2.12 2.22 2.34 2.56 3.00 3.50 3.94 4.12 4.31 4.53 4.66 5.06
-2.75 -2.62 -2.50 -2.41 -2.31 -2.22 -2.16 -2.09 -2.03 -2.00 -1.97 -1.97 -1.94 -1.84 -1.75 -1.69 -1.59 -1.50 -1.44 -1.34 -1.28 -1.22 -1.16 -1.09 -1.03 -1.00 -0.94 -0.91 -0.88 -0.84 -0.88 -0.94 -1.00 -1.09 -1.12 -1.06 -1.00 -0.94 -0.81 -0.69 -0.56 -0.47 -0.41 -0.41 -0.44 -0.47 -0.38 -0.09 0.19 0.38 0.50 0.59 0.62 0.69 0.72 0.78 0.88 0.97 1.12 1.31 1.44 1.56 1.72 1.84 2.00 2.16 2.25 2.41 2.56 2.78 3.09 3.44 3.81 4.06 4.25 4.41 4.41 5.00
-2.84 -2.72 -2.59 -2.47 -2.38 -2.28 -2.22 -2.16 -2.09 -2.06 -2.00 -1.97 -1.88 -1.78 -1.69 -1.62 -1.53 -1.44 -1.38 -1.31 -1.22 -1.16 -1.09 -1.06 -1.00 -0.94 -0.91 -0.88 -0.84 -0.84 -0.88 -0.97 -1.09 -1.16 -1.12 -1.06 -1.00 -0.88 -0.75 -0.66 -0.53 -0.41 -0.38 -0.34 -0.41 -0.41 -0.19 0.06 0.28 0.38 0.44 0.53 0.56 0.62 0.66 0.75 0.84 0.97 1.19 1.41 1.56 1.69 1.81 1.97 2.19 2.41 2.56 2.78 2.91 3.09 3.25 3.47 3.69 3.84 3.97 4.09 4.28 4.94
-2.91 -2.75 -2.62 -2.53 -2.44 -2.34 -2.25 -2.19 -2.12 -2.06 -2.00 -1.91 -1.81 -1.72 -1.62 -1.56 -1.47 -1.41 -1.31 -1.25 -1.19 -1.12 -1.06 -1.00 -0.94 -0.91 -0.88 -0.84 -0.81 -0.84 -0.91 -1.03 -1.12 -1.16 -1.12 -1.03 -0.94 -0.78 -0.69 -0.59 -0.50 -0.41 -0.34 -0.31 -0.34 -0.22 0.03 0.22 0.31 0.38 0.44 0.53 0.59 0.66 0.72 0.75 0.88 1.06 1.25 1.50 1.69 1.81 1.97 2.16 2.41 2.69 3.00 3.25 3.41 3.50 3.56 3.62 3.81 3.97 4.12 4.31 4.59 5.34
-2.94 -2.81 -2.69 -2.56 -2.47 -2.38 -2.28 -2.19 -2.12 -2.03 -1.94 -1.84 -1.75 -1.66 -1.56 -1.50 -1.41 -1.34 -1.25 -1.19 -1.12 -1.06 -1.00 -0.94 -0.91 -0.88 -0.84 -0.81 -0.81 -0.84 -0.94 -1.06 -1.12 -1.16 -1.09 -0.97 -0.84 -0.72 -0.62 -0.53 -0.44 -0.34 -0.28 -0.25 -0.22 0.00 0.25 0.31 0.38 0.41 0.47 0.56 0.62 0.72 0.81 0.88 1.00 1.19 1.38 1.62 1.84 1.97 2.09 2.25 2.56 2.94 3.28 3.41 3.53 3.69 3.84 3.88 3.97 4.16 4.34 4.56 5.09 5.97
-2.91 -2.78 -2.69 -2.56 -2.47 -2.34 -2.25 -2.16 -2.06 -1.97 -1.88 -1.78 -1.69 -1.59 -1.50 -1.41 -1.34 -1.25 -1.19 -1.12 -1.06 -1.00 -0.97 -0.91 -0.88 -0.84 -0.81 -0.81 -0.81 -0.84 -0.94 -1.03 -1.06 -1.06 -1.00 -0.84 -0.78 -0.69 -0.59 -0.50 -0.38 -0.28 -0.22 -0.16 0.03 0.28 0.44 0.44 0.50 0.50 0.53 0.66 0.75 0.88 1.00 1.06 1.19 1.38 1.56 1.81 2.00 2.09 2.16 2.25 2.56 2.97 3.41 3.53 3.72 3.88 4.03 4.16 4.22 4.38 4.59 4.88 5.59 6.50
-2.88 -2.75 -2.66 -2.53 -2.41 -2.31 -2.19 -2.09 -2.00 -1.88 -1.78 -1.69 -1.59 -1.53 -1.44 -1.34 -1.28 -1.19 -1.12 -1.06 -1.03 -0.97 -0.91 -0.88 -0.84 -0.81 -0.78 -0.78 -0.81 -0.84 -0.91 -0.97 -0.94 -0.94 -0.88 -0.75 -0.69 -0.62 -0.53 -0.47 -0.34 -0.25 -0.16 0.03 0.28 0.47 0.56 0.59 0.66 0.66 0.69 0.81 0.97 1.09 1.22 1.34 1.44 1.66 1.91 2.19 2.34 2.28 2.19 2.16 2.41 2.94 3.50 3.69 3.88 4.03 4.19 4.38 4.47 4.59 4.81 5.12 5.91 6.69
-2.81 -2.72 -2.59 -2.47 -2.34 -2.25 -2.12 -2.03 -1.94 -1.81 -1.72 -1.62 -1.53 -1.47 -1.38 -1.28 -1.22 -1.16 -1.09 -1.03 -0.97 -0.94 -0.88 -0.84 -0.81 -0.78 -0.78 -0.78 -0.78 -0.78 -0.81 -0.84 -0.81 -0.78 -0.72 -0.69 -0.62 -0.53 -0.50 -0.41 -0.31 -0.22 -0.03 0.28 0.50 0.59 0.69 0.75 0.81 0.88 0.91 1.03 1.19 1.31 1.47 1.59 1.78 2.19 2.50 2.75 2.72 2.47 2.25 2.09 2.31 2.94 3.66 3.81 4.00 4.19 4.34 4.56 4.62 4.72 4.97 5.31 5.91 6.62
-2.75 -2.62 -2.50 -2.41 -2.28 -2.19 -2.06 -1.97 -1.84 -1.75 -1.66 -1.56 -1.47 -1.41 -1.31 -1.25 -1.16 -1.09 -1.03 -1.00 -0.94 -0.88 -0.84 -0.81 -0.78 -0.78 -0.78 -0.78 -0.75 -0.72 -0.72 -0.72 -0.69 -0.66 -0.59 -0.59 -0.53 -0.47 -0.44 -0.34 -0.25 -0.09 0.19 0.50 0.59 0.69 0.84 0.94 1.00 1.09 1.16 1.28 1.41 1.56 1.75 1.91 2.28 2.72 3.09 3.06 3.12 2.81 2.34 2.25 2.41 2.94 3.81 4.06 4.19 4.34 4.53 4.66 4.75 4.84 5.12 5.44 5.88 6.44
-2.66 -2.53 -2.44 -2.31 -2.22 -2.09 -2.00 -1.88 -1.78 -1.69 -1.59 -1.50 -1.41 -1.34 -1.25 -1.19 -1.12 -1.06 -1.00 -0.94 -0.91 -0.84 -0.81 -0.78 -0.78 -0.75 -0.75 -0.75 -0.72 -0.66 -0.62 -0.59 -0.56 -0.56 -0.53 -0.50 -0.47 -0.41 -0.34 -0.28 -0.12 0.03 0.38 0.59 0.66 0.81 0.97 1.12 1.22 1.31 1.44 1.56 1.72 1.91 2.12 2.41 2.91 3.25 3.28 3.31 3.09 3.03 2.66 2.59 2.78 3.28 3.88 4.19 4.34 4.50 4.62 4.72 4.81 4.97 5.25 5.59 6.00 6.47
-2.59 -2.47 -2.34 -2.25 -2.12 -2.03 -1.91 -1.81 -1.72 -1.62 -1.53 -1.44 -1.38 -1.28 -1.22 -1.16 -1.06 -1.00 -0.97 -0.91 -0.84 -0.81 -0.78 -0.78 -0.75 -0.75 -0.72 -0.69 -0.59 -0.53 -0.50 -0.47 -0.47 -0.50 -0.50 -0.47 -0.41 -0.34 -0.28 -0.19 0.00 0.25 0.53 0.66 0.78 0.94 1.09 1.28 1.44 1.56 1.72 1.84 2.00 2.25 2.66 3.12 3.47 3.53 3.50 3.31 3.03 3.03 3.00 3.03 3.34 3.88 4.06 4.12 4.28 4.50 4.66 4.78 4.94 5.12 5.44 5.78 6.19 6.69
-2.53 -2.41 -2.28 -2.19 -2.06 -1.97 -1.88 -1.75 -1.66 -1.56 -1.47 -1.41 -1.31 -1.25 -1.16 -1.09 -1.03 -0.97 -0.91 -0.84 -0.81 -0.78 -0.78 -0.75 -0.75 -0.69 -0.62 -0.59 -0.50 -0.44 -0.38 -0.38 -0.41 -0.44 -0.44 -0.41 -0.38 -0.28 -0.19 -0.03 0.22 0.47 0.59 0.72 0.88 1.06 1.22 1.41 1.59 1.78 1.97 2.12 2.34 2.75 3.19 3.56 3.72 3.69 3.50 3.34 3.22 3.34 3.41 3.53 3.91 4.31 4.44 4.41 4.47 4.56 4.72 4.91 5.12 5.41 5.72 6.06 6.44 6.94
-2.47 -2.34 -2.22 -2.12 -2.00 -1.91 -1.81 -1.72 -1.62 -1.53 -1.44 -1.34 -1.25 -1.19 -1.12 -1.03 -0.97 -0.91 -0.88 -0.81 -0.78 -0.78 -0.75 -0.75 -0.69 -0.62 -0.56 -0.50 -0.44 -0.34 -0.31 -0.28 -0.31 -0.34 -0.41 -0.41 -0.34 -0.25 -0.06 0.19 0.44 0.50 0.62 0.81 1.00 1.16 1.34 1.53 1.75 1.94 2.16 2.50 2.84 3.19 3.44 3.66 3.84 3.75 3.66 3.91 4.16 3.62 4.09 4.22 4.56 4.84 4.91 4.84 4.81 4.81 4.91 5.16 5.44 5.75 6.09 6.41 6.78 7.22
-2.41 -2.28 -2.16 -2.06 -1.94 -1.84 -1.75 -1.66 -1.56 -1.47 -1.38 -1.28 -1.22 -1.12 -1.06 -1.00 -0.94 -0.88 -0.84 -0.78 -0.78 -0.75 -0.75 -0.72 -0.66 -0.59 -0.50 -0.44 -0.38 -0.31 -0.25 -0.22 -0.22 -0.28 -0.34 -0.38 -0.28 -0.12 0.12 0.34 0.47 0.56 0.72 0.91 1.09 1.25 1.44 1.66 1.84 2.12 2.50 2.91 3.16 3.34 3.59 3.88 4.06 4.16 4.09 4.69 7.59 9.88 10.44 9.84 8.22 6.03 5.59 5.44 5.31 5.22 5.28 5.50 5.81 6.12 6.47 6.78 7.06 7.47
-2.34 -2.22 -2.09 -2.00 -1.88 -1.78 -1.69 -1.59 -1.50 -1.41 -1.31 -1.22 -1.16 -1.09 -1.00 -0.97 -0.91 -0.84 -0.81 -0.78 -0.78 -0.75 -0.75 -0.69 -0.62 -0.56 -0.47 -0.44 -0.38 -0.31 -0.25 -0.22 -0.22 -0.25 -0.25 -0.25 -0.12 0.09 0.31 0.41 0.53 0.66 0.81 1.00 1.16 1.34 1.53 1.75 2.06 2.47 2.91 3.25 3.38 3.47 3.75 4.25 4.78 5.09 6.12 8.47 10.00 10.47 10.81 10.56 9.97 8.06 6.34 6.06 5.81 5.75 5.78 5.97 6.22 6.53 6.97 7.09 7.34 7.69
-2.25 -2.16 -2.03 -1.94 -1.81 -1.72 -1.62 -1.53 -1.44 -1.34 -1.25 -1.19 -1.09 -1.03 -0.97 -0.94 -0.88 -0.84 -0.78 -0.78 -0.75 -0.75 -0.75 -0.69 -0.59 -0.53 -0.47 -0.44 -0.41 -0.38 -0.31 -0.25 -0.22 -0.22 -0.19 -0.09 0.09 0.28 0.38 0.50 0.62 0.75 0.94 1.09 1.25 1.41 1.62 1.97 2.44 2.88 3.25 3.47 3.62 3.72 4.06 4.94 6.16 7.81 8.50 9.09 9.56 10.09 10.44 10.47 10.22 9.06 7.28 6.72 6.38 6.34 6.34 6.41 6.56 6.84 7.31 7.41 7.59 8.06
