everonasctiles/Tile[45,12].asc
ncols 128
nrows 128
xllcorner 0
yllcorner 0
cellsize 2.0
NODATA_value  -9999
[rows 32 to 63 of 128, columns 0 to 70 of 128]
-63.88 -64.47 -64.69 -64.31 -63.78 -63.22 -62.53 -61.66 -60.75 -59.94 -59.19 -58.41 -57.59 -56.56 -55.69 -55.22 -54.94 -54.72 -54.69 -54.72 -54.62 -54.31 -53.53 -52.81 -52.81 -53.19 -52.72 -51.41 -50.53 -51.06 -52.03 -52.41 -52.28 -51.19 -50.22 -50.00 -50.94 -52.75 -54.06 -54.66 -54.84 -55.06 -55.41 -55.22 -54.59 -53.22 -52.31 -53.09 -54.22 -54.62 -54.72 -54.34 -53.31 -53.28 -54.16 -54.34 -54.12 -53.75 -53.19 -51.69 -50.66 -51.38 -52.62 -53.06 -52.88 -52.03 -50.00 -48.50 -48.09 -48.59 -49.03
-62.34 -62.69 -63.41 -63.34 -62.84 -62.28 -61.75 -60.84 -59.69 -59.09 -58.56 -58.00 -57.28 -56.28 -55.12 -54.44 -54.12 -53.84 -53.66 -53.84 -53.84 -53.59 -52.97 -51.84 -51.25 -51.25 -51.22 -50.50 -49.84 -50.50 -51.31 -51.59 -51.31 -50.09 -49.06 -49.03 -50.22 -52.19 -52.97 -53.41 -53.41 -53.69 -54.22 -54.28 -53.91 -53.25 -52.19 -52.75 -53.59 -53.91 -53.88 -53.50 -52.44 -52.22 -52.91 -53.34 -53.22 -52.91 -52.31 -51.12 -50.16 -50.91 -51.75 -52.06 -51.97 -51.41 -49.72 -47.97 -47.12 -47.34 -48.06
-61.28 -61.16 -61.59 -62.16 -61.84 -61.31 -60.81 -60.06 -58.56 -57.72 -57.72 -57.38 -56.84 -56.09 -55.03 -53.97 -53.28 -52.84 -52.53 -52.66 -52.97 -52.84 -52.34 -51.47 -50.22 -49.72 -49.59 -49.34 -49.22 -50.00 -50.62 -50.75 -50.38 -49.19 -48.09 -48.22 -49.56 -51.34 -51.91 -52.16 -51.84 -52.28 -53.06 -53.28 -53.16 -52.81 -52.16 -52.50 -53.03 -53.22 -53.12 -52.75 -51.84 -51.28 -51.50 -51.72 -51.69 -51.41 -50.91 -50.19 -49.66 -50.41 -50.91 -51.09 -51.03 -50.62 -49.34 -47.50 -46.34 -46.25 -47.03
-61.12 -60.34 -60.19 -60.50 -60.69 -60.34 -59.84 -59.19 -57.81 -56.62 -56.41 -56.59 -56.28 -55.72 -54.97 -53.97 -52.88 -52.00 -51.47 -51.34 -51.84 -52.00 -51.69 -51.03 -49.81 -48.72 -48.28 -48.25 -48.72 -49.50 -49.88 -49.91 -49.53 -48.50 -47.34 -47.50 -48.91 -50.38 -50.78 -50.53 -50.53 -51.06 -51.91 -52.31 -52.38 -52.22 -52.00 -52.22 -52.53 -52.62 -52.44 -52.06 -51.41 -50.56 -50.22 -50.12 -50.00 -49.78 -49.41 -49.03 -49.16 -49.75 -50.06 -50.12 -50.09 -49.81 -48.94 -47.06 -45.69 -45.34 -46.06
-61.97 -60.75 -59.72 -59.25 -59.25 -59.28 -58.91 -58.31 -57.44 -55.97 -55.28 -55.50 -55.53 -55.16 -54.59 -53.84 -52.91 -51.69 -50.66 -50.19 -50.50 -51.00 -50.94 -50.44 -49.62 -48.31 -47.50 -47.56 -48.41 -48.91 -49.12 -49.03 -48.75 -48.00 -46.78 -46.78 -47.91 -48.81 -49.00 -49.06 -49.41 -50.03 -50.72 -51.28 -51.56 -51.66 -51.69 -51.88 -52.06 -52.03 -51.78 -51.38 -50.81 -49.91 -49.22 -48.78 -48.47 -48.22 -47.97 -47.94 -48.56 -49.06 -49.25 -49.12 -49.16 -49.03 -48.41 -46.91 -45.34 -44.62 -45.16
-62.47 -61.47 -60.28 -59.06 -58.25 -58.06 -57.94 -57.50 -56.88 -55.69 -54.53 -54.28 -54.50 -54.38 -54.00 -53.47 -52.72 -51.75 -50.44 -49.41 -49.28 -49.94 -50.09 -49.81 -49.25 -48.34 -47.25 -47.28 -48.00 -48.28 -48.38 -48.28 -48.06 -47.47 -46.25 -45.97 -46.69 -47.25 -47.50 -47.84 -48.38 -49.06 -49.75 -50.41 -50.84 -51.09 -51.28 -51.47 -51.59 -51.50 -51.22 -50.75 -50.09 -49.19 -48.34 -47.62 -47.16 -46.84 -46.72 -47.00 -47.94 -48.38 -48.41 -48.16 -48.12 -48.19 -47.75 -46.84 -45.28 -44.19 -44.28
-62.31 -61.47 -60.50 -59.16 -57.84 -57.00 -56.91 -56.66 -56.16 -55.47 -54.19 -53.34 -53.25 -53.31 -53.12 -52.78 -52.28 -51.53 -50.53 -49.22 -48.47 -48.81 -49.19 -49.09 -48.75 -48.19 -47.44 -47.16 -47.53 -47.66 -47.59 -47.50 -47.28 -46.59 -45.56 -45.09 -45.44 -45.84 -46.28 -46.81 -47.53 -48.31 -49.09 -49.78 -50.28 -50.62 -50.88 -51.00 -51.06 -50.97 -50.69 -50.16 -49.44 -48.47 -47.50 -46.62 -45.97 -45.62 -45.66 -46.28 -47.31 -47.66 -47.62 -47.31 -47.22 -47.31 -47.06 -46.41 -45.34 -44.00 -43.47
-61.88 -61.12 -60.25 -59.12 -57.59 -56.34 -55.75 -55.75 -55.44 -54.91 -53.97 -52.72 -52.09 -51.88 -51.84 -51.81 -51.53 -51.03 -50.25 -49.31 -48.16 -47.81 -48.25 -48.31 -48.12 -47.81 -47.38 -47.00 -46.94 -46.81 -46.44 -46.16 -45.88 -45.34 -44.62 -44.16 -44.28 -44.69 -45.28 -46.06 -46.97 -47.91 -48.72 -49.38 -49.88 -50.19 -50.38 -50.47 -50.50 -50.44 -50.16 -49.69 -48.97 -47.97 -46.84 -45.81 -45.03 -44.69 -44.91 -45.84 -46.69 -47.00 -46.94 -46.66 -46.50 -46.53 -46.34 -45.78 -45.00 -43.97 -42.94
-61.31 -60.66 -59.84 -58.91 -57.47 -55.97 -54.94 -54.75 -54.69 -54.28 -53.59 -52.31 -51.25 -50.62 -50.34 -50.41 -50.56 -50.28 -49.75 -49.03 -48.19 -47.31 -47.38 -47.53 -47.47 -47.31 -47.03 -46.69 -46.38 -45.97 -45.28 -44.78 -44.41 -43.97 -43.47 -43.16 -43.31 -43.88 -44.72 -45.72 -46.78 -47.72 -48.44 -49.03 -49.47 -49.72 -49.81 -49.88 -49.91 -49.88 -49.66 -49.22 -48.56 -47.75 -46.66 -45.50 -44.56 -44.09 -44.47 -45.50 -46.12 -46.34 -46.31 -46.06 -45.88 -45.84 -45.62 -45.19 -44.53 -43.75 -42.81
-60.59 -60.06 -59.31 -58.50 -57.47 -56.03 -54.69 -53.94 -53.91 -53.66 -53.12 -52.16 -50.84 -49.81 -49.16 -48.94 -49.12 -49.31 -49.00 -48.47 -47.84 -47.12 -46.69 -46.78 -46.81 -46.75 -46.53 -46.25 -45.88 -45.41 -44.59 -43.75 -43.16 -42.72 -42.38 -42.31 -42.75 -43.62 -44.69 -45.84 -46.75 -47.50 -48.12 -48.66 -49.00 -49.16 -49.19 -49.19 -49.28 -49.25 -49.09 -48.72 -48.19 -47.50 -46.69 -45.78 -44.69 -43.91 -44.16 -45.06 -45.53 -45.75 -45.72 -45.50 -45.31 -45.19 -44.97 -44.56 -44.03 -43.38 -42.72
-59.75 -59.41 -58.75 -58.00 -57.16 -56.19 -55.06 -54.03 -53.41 -53.09 -52.66 -52.00 -51.00 -49.72 -48.66 -47.94 -47.72 -47.88 -48.06 -47.78 -47.31 -46.75 -46.25 -46.16 -46.19 -46.16 -45.97 -45.75 -45.41 -44.94 -44.34 -43.38 -42.47 -41.81 -41.56 -41.91 -42.81 -43.97 -45.06 -45.84 -46.56 -47.19 -47.78 -48.25 -48.44 -48.50 -48.50 -48.56 -48.66 -48.66 -48.50 -48.16 -47.69 -47.12 -46.44 -45.72 -44.94 -43.97 -43.81 -44.56 -44.97 -45.16 -45.12 -44.94 -44.75 -44.59 -44.38 -44.00 -43.50 -42.94 -42.38
-58.78 -58.66 -58.12 -57.41 -56.69 -55.91 -55.03 -54.12 -53.34 -52.72 -52.22 -51.69 -51.00 -50.12 -49.03 -47.81 -46.94 -46.56 -46.62 -46.91 -46.69 -46.19 -45.75 -45.62 -45.62 -45.53 -45.38 -45.16 -44.91 -44.50 -44.00 -43.41 -42.47 -41.56 -41.28 -42.00 -43.19 -44.25 -44.94 -45.59 -46.22 -46.81 -47.38 -47.72 -47.84 -47.81 -47.88 -47.97 -48.03 -48.03 -47.88 -47.56 -47.09 -46.56 -45.97 -45.34 -44.69 -43.97 -43.50 -44.03 -44.38 -44.56 -44.53 -44.34 -44.16 -43.97 -43.78 -43.44 -42.94 -42.38 -41.88
-57.59 -57.81 -57.47 -56.84 -56.16 -55.47 -54.72 -53.94 -53.16 -52.41 -51.78 -51.22 -50.69 -50.03 -49.28 -48.28 -46.97 -45.94 -45.47 -45.53 -45.66 -45.47 -45.19 -45.12 -45.09 -44.97 -44.75 -44.56 -44.31 -44.00 -43.59 -43.12 -42.62 -41.66 -41.31 -42.16 -43.38 -43.97 -44.56 -45.16 -45.78 -46.38 -46.91 -47.19 -47.25 -47.22 -47.31 -47.44 -47.44 -47.41 -47.25 -46.94 -46.38 -45.84 -45.34 -44.81 -44.25 -43.69 -43.28 -43.56 -43.81 -43.94 -43.91 -43.75 -43.56 -43.34 -43.03 -42.62 -41.97 -41.38 -41.03
-56.22 -56.84 -56.69 -56.22 -55.53 -54.84 -54.16 -53.44 -52.56 -51.62 -51.00 -50.50 -50.06 -49.62 -49.03 -48.31 -47.34 -46.03 -45.00 -44.56 -44.56 -44.56 -44.59 -44.62 -44.56 -44.41 -44.19 -43.97 -43.72 -43.44 -43.09 -42.75 -42.38 -41.66 -41.28 -42.16 -43.12 -43.59 -44.12 -44.72 -45.38 -45.97 -46.41 -46.62 -46.66 -46.69 -46.84 -46.91 -46.88 -46.75 -46.59 -46.22 -45.31 -44.53 -44.09 -43.97 -43.69 -43.25 -42.97 -43.06 -43.22 -43.28 -43.25 -43.16 -42.97 -42.72 -42.25 -41.44 -40.72 -40.09 -39.75
-54.97 -55.78 -55.84 -55.50 -54.91 -54.12 -53.12 -52.25 -51.34 -50.41 -49.62 -49.16 -49.09 -48.91 -48.56 -48.03 -47.31 -46.34 -45.16 -44.25 -43.81 -43.81 -44.03 -44.12 -44.06 -43.91 -43.66 -43.38 -43.12 -42.88 -42.59 -42.31 -41.97 -41.31 -41.12 -41.88 -42.69 -43.12 -43.69 -44.34 -45.00 -45.50 -45.88 -46.03 -46.12 -46.25 -46.41 -46.41 -46.28 -46.12 -45.88 -45.44 -44.41 -43.44 -42.81 -42.62 -42.66 -42.59 -42.53 -42.56 -42.62 -42.62 -42.59 -42.50 -42.38 -42.09 -41.53 -40.41 -39.47 -38.81 -38.47
-54.06 -54.81 -54.97 -54.75 -54.22 -53.47 -52.38 -51.22 -50.22 -49.19 -48.25 -47.62 -47.56 -47.94 -47.84 -47.53 -47.03 -46.38 -45.50 -44.59 -43.81 -43.41 -43.53 -43.62 -43.56 -43.41 -43.19 -42.88 -42.56 -42.28 -41.91 -41.56 -41.16 -40.75 -40.75 -41.34 -41.94 -42.44 -43.09 -43.88 -44.50 -45.00 -45.31 -45.50 -45.62 -45.81 -45.97 -45.94 -45.78 -45.56 -45.22 -44.72 -43.81 -42.72 -41.94 -41.59 -41.66 -41.81 -42.00 -42.06 -42.06 -42.03 -41.84 -41.75 -41.72 -41.50 -40.97 -39.78 -38.50 -37.66 -37.25
-53.75 -53.97 -54.16 -53.97 -53.53 -52.88 -51.91 -50.59 -49.34 -48.12 -47.03 -46.25 -46.09 -46.69 -47.06 -46.91 -46.59 -46.12 -45.53 -44.84 -44.19 -43.59 -43.25 -43.19 -43.12 -42.97 -42.72 -42.41 -42.09 -41.75 -41.19 -40.72 -40.34 -40.12 -40.22 -40.69 -41.19 -41.72 -42.41 -43.25 -43.94 -44.47 -44.78 -44.94 -45.12 -45.34 -45.50 -45.47 -45.34 -45.09 -44.75 -44.25 -43.59 -42.66 -41.75 -41.12 -40.91 -41.00 -41.16 -41.34 -41.38 -41.19 -40.84 -40.72 -40.88 -40.84 -40.44 -39.50 -38.00 -36.84 -36.22
-53.84 -53.41 -53.41 -53.22 -52.88 -52.25 -51.47 -50.34 -48.88 -47.47 -46.19 -45.19 -44.91 -45.44 -46.19 -46.22 -46.03 -45.75 -45.31 -44.81 -44.25 -43.72 -43.22 -42.91 -42.72 -42.53 -42.28 -41.97 -41.66 -41.31 -40.69 -40.09 -39.66 -39.50 -39.66 -40.06 -40.59 -41.22 -42.00 -42.84 -43.53 -44.00 -44.25 -44.38 -44.59 -44.84 -45.00 -45.00 -44.88 -44.69 -44.38 -43.94 -43.44 -42.84 -42.19 -41.47 -40.69 -40.31 -40.25 -40.25 -40.19 -40.00 -39.66 -39.41 -39.78 -40.03 -39.88 -39.25 -38.06 -36.53 -35.53
-53.53 -52.97 -52.78 -52.53 -52.16 -51.66 -50.97 -50.12 -48.88 -47.25 -45.75 -44.59 -44.06 -44.50 -45.41 -45.56 -45.44 -45.22 -44.94 -44.56 -44.09 -43.59 -43.12 -42.72 -42.41 -42.12 -41.84 -41.56 -41.25 -40.91 -40.28 -39.59 -39.12 -39.00 -39.25 -39.78 -40.41 -41.22 -41.97 -42.66 -43.16 -43.50 -43.69 -43.81 -44.06 -44.34 -44.47 -44.47 -44.38 -44.22 -44.00 -43.62 -43.19 -42.72 -42.22 -41.66 -40.94 -40.09 -39.50 -39.19 -38.94 -38.69 -38.38 -38.12 -38.47 -39.03 -39.16 -38.75 -37.94 -36.59 -35.22
-52.69 -52.38 -52.16 -51.91 -51.50 -51.00 -50.41 -49.66 -48.81 -47.44 -45.78 -44.47 -43.69 -43.88 -44.72 -44.97 -44.81 -44.66 -44.44 -44.16 -43.81 -43.38 -42.94 -42.53 -42.12 -41.78 -41.47 -41.16 -40.88 -40.44 -39.78 -39.16 -38.72 -38.81 -39.34 -39.97 -40.66 -41.28 -41.88 -42.38 -42.75 -42.94 -43.06 -43.19 -43.50 -43.78 -43.94 -43.91 -43.78 -43.69 -43.50 -43.25 -42.88 -42.44 -42.00 -41.53 -40.97 -40.22 -39.31 -38.53 -37.94 -37.50 -37.16 -36.94 -37.19 -38.00 -38.28 -38.12 -37.53 -36.53 -35.06
-51.72 -51.50 -51.47 -51.28 -50.88 -50.34 -49.75 -49.09 -48.34 -47.47 -46.19 -44.81 -43.91 -43.53 -43.94 -44.19 -44.12 -44.00 -43.91 -43.72 -43.44 -43.06 -42.69 -42.28 -41.88 -41.47 -41.09 -40.75 -40.38 -39.84 -39.22 -38.69 -38.53 -39.03 -39.66 -40.19 -40.72 -41.22 -41.69 -42.03 -42.22 -42.31 -42.38 -42.59 -42.97 -43.25 -43.34 -43.22 -43.03 -42.91 -42.91 -42.75 -42.47 -42.12 -41.72 -41.31 -40.81 -40.22 -39.50 -38.59 -37.59 -36.78 -36.19 -35.88 -36.09 -36.97 -37.44 -37.44 -37.00 -36.22 -34.91
-51.19 -50.75 -50.56 -50.50 -50.19 -49.62 -49.03 -48.44 -47.78 -47.09 -46.28 -45.41 -44.56 -43.84 -43.38 -43.28 -43.22 -43.22 -43.28 -43.22 -43.03 -42.75 -42.38 -42.00 -41.59 -41.19 -40.78 -40.41 -39.91 -39.28 -38.69 -38.28 -38.50 -39.22 -39.75 -40.19 -40.62 -41.03 -41.34 -41.53 -41.62 -41.66 -41.72 -42.06 -42.41 -42.66 -42.69 -42.47 -41.94 -41.72 -41.94 -42.12 -42.00 -41.72 -41.34 -41.00 -40.56 -40.03 -39.44 -38.75 -37.91 -36.81 -35.81 -35.12 -35.12 -35.88 -36.50 -36.62 -36.38 -35.66 -34.56
-51.47 -50.75 -50.12 -49.66 -49.25 -48.72 -48.16 -47.66 -47.16 -46.62 -46.03 -45.38 -44.75 -44.16 -43.44 -42.81 -42.50 -42.38 -42.56 -42.66 -42.59 -42.38 -42.06 -41.69 -41.31 -40.91 -40.50 -40.09 -39.66 -38.97 -38.31 -38.00 -38.44 -39.19 -39.66 -40.06 -40.44 -40.75 -40.91 -41.00 -41.00 -40.97 -41.16 -41.50 -41.78 -42.00 -41.94 -41.59 -40.78 -40.41 -40.62 -41.19 -41.41 -41.28 -40.97 -40.59 -40.19 -39.75 -39.19 -38.56 -37.91 -37.09 -35.84 -34.78 -34.34 -34.84 -35.62 -35.81 -35.69 -35.28 -34.50
-52.06 -51.25 -50.44 -49.53 -48.75 -48.03 -47.28 -46.69 -46.41 -46.06 -45.66 -45.19 -44.62 -44.09 -43.50 -42.78 -42.16 -41.81 -41.88 -42.09 -42.12 -42.00 -41.75 -41.41 -41.00 -40.62 -40.22 -39.84 -39.44 -38.91 -38.19 -37.84 -38.38 -39.06 -39.50 -39.88 -40.19 -40.34 -40.41 -40.38 -40.28 -40.31 -40.59 -40.91 -41.12 -41.28 -41.19 -40.75 -39.72 -39.16 -39.34 -40.19 -40.72 -40.78 -40.53 -40.16 -39.75 -39.31 -38.81 -38.25 -37.66 -36.97 -35.91 -34.56 -33.69 -33.81 -34.62 -34.97 -34.88 -34.69 -34.19
-52.31 -51.53 -50.72 -49.84 -48.91 -47.94 -47.03 -46.25 -45.72 -45.56 -45.28 -44.91 -44.44 -43.94 -43.41 -42.81 -42.16 -41.59 -41.41 -41.59 -41.69 -41.59 -41.41 -41.09 -40.72 -40.31 -39.94 -39.56 -39.19 -38.84 -38.19 -37.78 -38.34 -38.88 -39.25 -39.59 -39.81 -39.88 -39.81 -39.66 -39.44 -39.59 -40.00 -40.28 -40.44 -40.53 -40.44 -40.03 -38.91 -38.16 -38.34 -39.31 -40.00 -40.22 -40.06 -39.69 -39.28 -38.84 -38.38 -37.84 -37.25 -36.66 -35.84 -34.28 -33.16 -32.81 -33.16 -33.81 -34.12 -33.62 -33.53
-52.34 -51.56 -50.75 -49.91 -49.03 -48.16 -47.28 -46.44 -45.75 -45.28 -44.97 -44.62 -44.22 -43.75 -43.25 -42.75 -42.25 -41.72 -41.31 -41.22 -41.25 -41.19 -41.00 -40.75 -40.41 -40.03 -39.62 -39.28 -38.97 -38.66 -38.12 -37.72 -38.19 -38.59 -38.94 -39.22 -39.38 -39.34 -39.16 -38.78 -38.56 -38.88 -39.38 -39.59 -39.72 -39.75 -39.66 -39.34 -38.41 -37.50 -37.75 -38.81 -39.34 -39.56 -39.50 -39.22 -38.78 -38.34 -37.88 -37.38 -36.81 -36.22 -35.53 -34.28 -32.84 -32.03 -31.97 -32.19 -32.84 -33.09 -32.53
-52.16 -51.41 -50.59 -49.78 -48.94 -48.12 -47.28 -46.53 -45.84 -45.25 -44.78 -44.38 -43.97 -43.56 -43.12 -42.66 -42.22 -41.78 -41.38 -41.06 -40.91 -40.78 -40.62 -40.41 -40.12 -39.75 -39.34 -38.97 -38.66 -38.38 -37.88 -37.53 -37.94 -38.28 -38.56 -38.81 -38.91 -38.81 -38.50 -37.94 -37.69 -38.06 -38.69 -38.91 -39.00 -38.97 -38.88 -38.62 -38.06 -37.19 -37.66 -38.38 -38.75 -38.91 -38.88 -38.62 -38.25 -37.81 -37.38 -36.88 -36.28 -35.69 -35.03 -34.06 -32.44 -31.12 -30.66 -30.78 -31.28 -31.94 -32.16
-51.84 -51.06 -50.25 -49.44 -48.66 -47.88 -47.12 -46.44 -45.78 -45.16 -44.59 -44.16 -43.75 -43.38 -42.97 -42.56 -42.12 -41.72 -41.31 -40.94 -40.62 -40.41 -40.22 -40.03 -39.78 -39.47 -39.09 -38.66 -38.25 -37.88 -37.47 -37.28 -37.66 -37.97 -38.19 -38.38 -38.44 -38.31 -37.88 -37.19 -36.84 -37.22 -37.91 -38.19 -38.25 -38.22 -38.12 -37.97 -37.62 -37.09 -37.47 -37.88 -38.09 -38.22 -38.19 -38.00 -37.66 -37.25 -36.81 -36.31 -35.75 -34.94 -34.03 -32.91 -31.56 -30.16 -29.47 -29.62 -30.00 -30.72 -31.41
-51.53 -50.59 -49.66 -48.81 -48.16 -47.50 -46.84 -46.22 -45.59 -44.97 -44.41 -43.94 -43.56 -43.19 -42.81 -42.41 -42.00 -41.56 -41.12 -40.72 -40.38 -40.09 -39.84 -39.62 -39.41 -39.19 -38.84 -38.44 -38.00 -37.50 -37.09 -37.03 -37.38 -37.62 -37.81 -37.94 -37.97 -37.81 -37.41 -36.66 -36.12 -36.34 -37.09 -37.44 -37.50 -37.47 -37.41 -37.31 -37.12 -36.94 -37.09 -37.31 -37.44 -37.53 -37.56 -37.38 -37.03 -36.59 -36.12 -35.62 -34.81 -33.81 -33.03 -31.88 -30.78 -29.94 -28.97 -28.69 -29.09 -29.88 -29.84
-51.22 -50.38 -49.22 -48.12 -47.38 -46.88 -46.44 -45.94 -45.41 -44.84 -44.31 -43.88 -43.47 -43.09 -42.69 -42.28 -41.84 -41.38 -40.94 -40.47 -40.06 -39.75 -39.47 -39.22 -39.03 -38.84 -38.62 -38.28 -37.88 -37.44 -37.00 -36.81 -37.09 -37.28 -37.41 -37.47 -37.47 -37.38 -37.00 -36.38 -35.59 -35.50 -36.09 -36.62 -36.75 -36.75 -36.69 -36.66 -36.62 -36.56 -36.62 -36.72 -36.75 -36.72 -36.72 -36.56 -36.12 -35.50 -35.06 -34.47 -33.62 -32.69 -32.25 -31.41 -30.28 -29.44 -28.53 -28.00 -28.44 -28.88 -29.03
-50.81 -50.22 -49.28 -48.22 -47.25 -46.59 -46.12 -45.75 -45.31 -44.88 -44.41 -43.97 -43.50 -43.06 -42.62 -42.16 -41.69 -41.19 -40.69 -40.19 -39.72 -39.38 -39.06 -38.81 -38.62 -38.47 -38.34 -38.09 -37.75 -37.41 -37.03 -36.75 -36.84 -36.94 -37.00 -37.00 -36.97 -36.91 -36.62 -36.12 -35.44 -34.91 -35.19 -35.78 -35.97 -36.00 -36.00 -36.03 -36.06 -36.09 -36.12 -36.12 -35.97 -35.28 -35.12 -34.84 -33.91 -33.47 -32.94 -32.59 -31.88 -31.00 -30.94 -30.41 -29.53 -28.81 -28.06 -27.59 -27.91 -28.44 -28.56
-50.25 -49.94 -49.28 -48.47 -47.69 -46.97 -46.38 -45.88 -45.44 -44.97 -44.50 -44.03 -43.56 -43.06 -42.56 -42.06 -41.53 -41.00 -40.50 -39.81 -39.16 -38.88 -38.62 -38.41 -38.19 -38.09 -37.97 -37.84 -37.59 -37.31 -37.03 -36.72 -36.62 -36.66 -36.62 -36.56 -36.50 -36.41 -36.22 -35.84 -35.28 -34.62 -34.38 -34.91 -35.19 -35.28 -35.31 -35.34 -35.41 -35.50 -35.56 -35.50 -35.09 -34.00 -33.38 -32.62 -32.25 -31.56 -30.69 -30.22 -29.78 -29.53 -29.81 -29.56 -28.94 -28.00 -27.88 -27.38 -27.50 -27.72 -27.69
