everonasctiles/Tile31,11.asc
ncols 128
nrows 128
xllcorner 0
yllcorner 0
cellsize 2.0
NODATA_value  -9999
[rows 0 to 31 of 128, columns 0 to 70 of 128]
356.28 355.75 355.16 354.38 353.16 352.09 351.00 350.06 349.38 348.94 348.59 347.91 347.19 346.16 346.22 346.22 345.25 344.28 343.09 342.00 341.22 340.84 340.34 339.97 339.69 339.38 339.06 338.72 338.38 338.06 337.41 336.47 335.41 334.03 332.53 331.25 330.53 330.44 329.88 329.34 328.38 327.56 326.75 326.12 325.31 324.47 323.56 322.69 321.66 320.59 319.50 318.66 317.81 317.06 316.44 315.72 314.84 313.78 312.34 310.72 308.72 307.28 306.53 305.88 304.97 303.94 303.03 302.25 301.84 300.84 300.25
356.00 355.47 354.91 354.22 353.09 352.00 350.91 349.94 349.28 348.75 348.22 347.75 347.06 346.00 346.03 345.62 344.78 344.00 342.88 341.69 340.91 340.38 339.88 339.41 339.00 338.88 338.66 338.41 338.09 337.62 337.16 336.19 335.09 334.09 332.69 331.47 330.44 329.75 329.03 328.25 327.41 326.66 325.88 325.06 324.50 323.69 322.84 321.75 320.72 319.97 319.41 318.75 318.09 317.19 316.34 315.50 314.72 313.69 312.44 310.91 309.50 308.34 307.59 306.84 305.91 305.00 304.19 303.91 302.91 301.94 301.22
355.66 355.19 354.62 353.91 352.91 351.94 351.03 350.00 349.22 348.59 347.88 347.47 346.22 346.03 346.00 344.66 344.19 343.56 342.44 341.41 340.69 340.16 339.62 339.12 338.66 338.31 338.09 338.00 337.72 337.34 336.78 335.97 334.88 333.72 332.75 331.75 330.31 329.38 328.59 327.81 326.94 326.12 325.56 324.88 324.09 323.12 322.44 321.12 320.19 319.78 319.22 318.47 317.56 316.72 315.84 314.94 314.47 313.66 312.44 311.28 310.16 309.22 308.50 307.50 306.66 306.19 305.59 304.81 303.91 302.81 302.09
355.34 354.94 354.44 353.69 352.56 351.81 351.00 350.09 349.19 348.38 347.59 347.12 346.31 346.19 345.91 344.44 343.81 342.97 341.91 341.06 340.50 339.94 339.44 338.66 338.06 337.72 337.72 337.62 337.31 336.97 336.50 335.78 334.84 333.66 332.47 331.59 330.53 329.59 328.75 327.81 326.75 325.66 325.09 324.66 323.91 323.09 322.12 320.91 320.12 319.59 318.91 317.97 317.09 316.16 315.09 314.16 313.62 313.19 312.50 311.75 310.84 310.06 308.94 307.78 307.47 307.25 306.53 305.69 304.72 303.47 302.59
355.06 354.62 354.06 353.50 352.47 351.59 350.88 350.16 349.28 348.56 347.66 346.62 346.47 346.38 344.69 344.16 343.56 342.81 341.84 341.19 340.47 339.84 339.09 338.38 337.53 337.12 337.16 337.16 336.88 336.50 336.09 335.56 334.81 333.81 332.53 331.09 330.62 329.84 329.09 328.22 327.16 326.16 325.22 324.41 323.81 323.00 321.78 320.91 320.22 319.47 318.81 317.94 317.00 315.91 314.97 314.19 313.66 313.16 312.81 312.31 311.56 311.09 310.19 309.47 308.88 308.12 307.34 306.50 305.59 304.59 303.78
354.72 354.28 353.78 353.06 352.22 351.44 350.66 349.97 349.09 348.41 347.59 346.84 346.72 346.06 344.47 343.81 343.06 342.41 341.91 341.25 340.59 339.94 339.22 338.25 337.38 336.75 336.47 336.41 336.31 336.09 335.53 335.12 334.62 333.94 333.16 331.56 330.38 330.03 329.34 328.38 327.09 326.03 325.16 324.56 323.62 322.69 321.81 321.06 320.34 319.41 318.84 318.16 317.00 316.06 315.34 314.81 314.38 313.72 313.28 313.25 312.59 312.16 311.88 311.03 309.97 309.12 308.28 307.41 306.62 305.94 305.38
354.28 353.84 353.44 352.72 352.00 351.16 350.47 349.81 349.16 348.31 347.25 347.09 346.97 345.19 344.38 343.66 342.94 342.19 341.72 341.22 340.56 340.00 339.41 338.62 337.78 336.88 336.25 335.72 335.06 334.50 334.16 334.41 334.19 333.78 333.19 332.47 331.81 330.97 329.81 328.66 327.22 326.22 325.19 324.06 323.22 322.59 322.03 321.09 320.31 319.53 318.88 318.00 317.22 316.88 316.34 315.81 315.25 314.56 314.25 314.22 313.72 313.28 312.81 312.19 311.00 310.09 309.25 308.41 307.53 306.19 305.78
353.91 353.38 353.16 352.53 351.75 351.12 350.41 349.69 348.94 348.19 347.38 347.31 346.12 345.00 344.34 343.78 343.12 342.41 341.66 341.12 340.53 340.00 339.31 338.53 337.78 337.09 336.53 335.84 335.47 334.56 333.81 333.34 333.62 333.31 332.94 332.50 331.97 331.25 330.31 329.09 327.78 326.75 325.62 324.34 323.41 322.41 321.72 321.16 320.50 319.91 319.25 318.56 318.16 317.88 317.34 316.88 316.31 315.62 315.19 314.72 314.31 314.19 313.47 312.50 311.72 311.09 310.22 309.44 309.31 310.38 310.44
353.56 353.06 352.78 352.25 351.62 350.84 350.12 349.41 348.69 347.59 347.47 347.44 345.94 345.03 344.34 343.78 343.19 342.56 341.94 341.12 340.53 340.00 339.16 338.38 337.62 337.00 336.41 335.81 335.28 334.53 333.44 332.91 332.56 332.38 332.31 332.06 331.72 331.25 330.47 329.47 328.12 326.72 325.78 324.62 323.66 322.69 321.94 321.44 320.84 320.22 319.75 319.47 318.94 318.41 317.91 317.47 316.78 316.19 315.78 315.47 314.53 313.53 313.16 313.16 313.00 312.44 312.00 311.38 311.06 310.56 310.12
353.09 352.78 352.41 351.94 351.16 350.56 350.00 349.28 348.47 347.66 347.59 347.47 345.97 345.16 344.47 343.84 343.34 342.81 342.12 341.41 340.59 339.81 339.09 337.97 337.22 336.62 336.09 335.50 334.78 334.06 333.41 332.59 332.28 331.81 330.94 331.16 331.12 330.81 330.28 329.53 328.59 327.75 326.44 325.22 324.03 323.09 322.59 322.03 321.47 320.78 320.31 319.97 319.41 318.88 318.34 317.88 317.16 316.38 315.72 315.16 314.38 314.44 314.56 314.22 313.78 313.41 312.97 312.22 311.53 310.75 310.31
352.94 352.59 352.28 351.69 350.81 350.22 349.59 349.03 348.44 347.66 347.66 346.66 345.84 345.09 344.50 344.00 343.50 342.91 342.12 341.41 340.81 339.69 338.06 337.31 336.28 336.03 335.59 334.97 334.19 333.44 332.97 332.25 331.78 331.50 331.16 329.84 330.25 330.16 329.81 329.28 328.56 327.75 326.84 326.03 324.97 323.88 323.25 322.69 321.84 321.22 320.75 320.34 319.84 319.31 318.53 317.75 317.16 316.72 316.31 315.91 315.75 315.47 315.06 314.59 314.09 313.78 313.41 312.72 312.00 311.16 310.56
352.91 352.56 352.00 351.41 350.69 349.88 349.31 348.84 348.34 347.59 347.59 346.41 345.84 345.22 344.69 344.09 343.62 342.81 342.16 341.38 340.78 339.69 336.91 336.06 335.66 335.34 334.97 334.25 333.22 332.28 332.06 331.81 331.41 330.94 330.75 330.31 329.53 329.41 329.22 328.75 328.25 327.62 326.94 326.16 325.31 324.44 323.62 322.84 322.12 321.72 321.22 320.75 320.19 319.59 318.78 318.00 317.72 317.44 317.03 316.62 316.19 315.72 315.09 314.50 314.06 313.75 313.47 312.72 311.91 310.84 310.19
352.59 352.22 351.62 351.06 350.44 349.75 349.19 348.62 348.06 347.47 347.47 346.62 346.12 345.75 344.94 344.38 343.69 342.81 342.06 341.38 340.69 339.25 336.19 335.59 335.06 334.56 334.03 333.66 332.34 331.66 331.31 331.12 331.00 330.59 330.19 329.88 329.47 328.72 328.34 328.12 327.75 327.28 326.75 326.12 325.41 324.66 323.91 323.25 322.62 322.09 321.56 321.03 320.44 319.81 319.22 318.69 318.19 317.75 317.28 316.78 316.19 315.44 314.69 314.16 313.72 313.41 313.31 312.59 311.28 310.09 309.22
352.31 351.94 351.44 350.94 350.31 349.50 348.84 348.31 347.69 347.28 347.28 346.72 346.28 345.72 345.12 344.47 343.69 342.88 342.03 341.22 340.16 337.94 336.31 335.19 334.59 334.00 333.16 332.53 331.81 331.22 330.91 330.47 330.09 330.00 329.66 329.22 329.00 328.38 327.81 327.53 327.16 326.78 326.34 325.81 325.19 324.56 323.91 323.31 322.72 322.19 321.62 321.06 320.44 319.81 319.25 318.69 318.16 317.62 317.09 316.53 315.88 315.03 314.34 313.72 313.22 312.88 312.94 311.59 309.50 308.47 307.62
351.97 351.62 351.22 350.78 350.22 349.50 348.84 348.34 347.59 347.09 347.09 346.72 346.28 345.75 345.12 344.44 343.66 342.75 341.78 340.81 339.38 337.03 336.22 335.09 334.31 333.53 332.44 331.84 331.41 330.84 330.38 329.97 329.50 329.31 328.91 328.47 328.22 327.88 327.12 326.88 326.59 326.25 325.88 325.38 324.78 324.19 323.56 322.97 322.41 321.84 321.28 320.69 320.06 319.44 318.84 318.28 317.62 317.12 316.56 316.00 315.38 314.59 313.91 313.25 312.66 312.12 311.53 309.91 308.34 307.34 306.69
351.62 351.31 350.97 350.56 350.09 349.56 348.97 348.25 347.53 346.88 346.88 346.66 346.25 345.66 344.91 344.12 343.28 342.31 341.28 340.03 338.53 337.19 335.84 334.72 334.16 333.41 332.31 331.66 331.06 330.44 329.94 329.50 329.12 328.78 328.41 327.69 327.28 327.16 326.66 326.31 326.03 325.75 325.38 325.00 324.38 323.94 323.00 322.47 321.69 321.06 320.59 320.06 319.34 318.66 318.03 317.38 317.00 316.50 315.84 315.31 314.75 314.09 313.44 312.75 312.03 311.25 310.22 308.69 307.41 306.50 305.94
351.03 350.94 350.69 350.34 349.94 349.47 349.03 348.25 347.44 346.62 346.62 346.47 345.91 345.22 344.34 343.78 342.94 341.75 340.41 339.19 337.72 336.78 335.59 334.53 333.81 333.12 332.28 331.53 330.88 330.31 329.78 329.38 328.81 328.19 327.50 326.75 326.00 326.00 326.03 325.78 325.47 325.16 324.78 324.34 323.34 322.88 322.25 321.12 320.69 319.97 319.53 318.97 318.38 317.91 317.38 316.50 316.03 315.34 314.94 314.50 314.06 313.53 312.94 312.25 311.44 310.44 309.22 307.81 306.81 305.94 305.12
350.75 350.47 350.28 350.00 349.75 349.34 348.91 348.22 347.69 346.41 346.41 346.50 345.94 344.94 343.78 342.66 341.88 340.44 339.56 338.28 337.19 336.19 335.38 334.38 333.56 332.84 332.25 331.62 330.72 330.06 329.53 328.81 328.28 327.53 326.81 326.22 325.44 325.25 325.16 325.16 324.84 324.50 324.12 323.59 322.72 322.31 321.41 320.53 319.91 319.25 318.78 318.06 317.44 317.12 316.88 316.12 315.19 314.38 313.91 313.59 313.16 312.81 312.25 311.69 310.88 309.38 308.06 307.41 306.44 305.44 304.44
350.66 350.25 350.00 349.72 349.44 349.19 348.78 348.38 347.88 346.16 346.16 346.31 345.78 344.84 343.69 341.94 340.56 339.50 338.62 337.56 336.34 335.41 334.50 333.81 333.19 332.69 332.00 331.25 330.53 329.72 328.97 328.28 327.62 327.03 326.03 325.31 324.78 324.56 324.22 324.16 324.09 323.81 323.41 322.94 322.31 321.78 320.94 320.09 319.12 318.75 318.22 317.81 317.31 316.81 316.47 315.97 315.06 314.25 313.44 313.09 312.72 312.19 311.47 310.94 309.78 308.62 307.81 306.75 305.75 304.81 303.69
350.62 350.38 350.00 349.62 349.28 348.97 348.69 348.28 347.88 345.94 345.94 346.03 345.56 344.84 343.31 341.41 340.31 339.31 338.38 337.28 336.19 335.12 334.12 333.44 332.88 332.38 331.62 331.00 330.34 329.44 328.56 327.88 327.19 326.62 325.94 325.28 324.41 323.97 323.66 323.25 323.06 323.06 322.69 322.25 321.72 321.22 320.66 319.81 319.03 318.50 318.09 317.62 316.91 316.41 315.69 314.81 314.09 313.72 313.25 312.47 312.00 311.50 310.78 309.84 308.94 308.09 307.03 305.81 304.69 304.09 303.12
350.66 350.25 349.94 349.59 349.12 348.69 348.47 348.19 347.78 345.69 345.66 345.78 345.25 344.53 343.59 342.12 340.84 339.38 338.44 337.56 336.44 335.25 334.25 333.16 332.53 331.94 331.41 330.59 329.94 329.00 328.06 327.25 326.59 326.06 325.44 324.72 324.50 323.94 323.34 322.72 322.28 322.12 321.94 321.56 321.12 320.69 320.16 319.59 319.00 318.44 317.53 316.94 316.44 315.72 314.84 314.16 313.66 313.22 312.50 312.00 311.44 310.88 310.16 309.38 308.53 307.31 306.00 304.72 303.75 303.03 302.38
350.69 350.34 349.94 349.34 348.94 348.50 348.31 348.09 347.62 345.38 345.38 345.53 344.97 344.16 343.12 341.94 340.72 339.56 338.53 337.41 336.53 335.38 334.38 333.25 332.50 331.75 330.94 330.16 329.44 328.88 327.78 326.62 325.78 325.25 324.59 324.09 323.78 323.41 322.81 322.22 321.69 321.41 321.22 320.91 320.56 320.16 319.69 319.19 318.66 318.19 317.59 316.72 315.97 315.06 314.62 314.31 313.88 312.88 312.19 311.53 311.03 310.28 309.69 308.91 307.72 306.53 305.28 304.19 303.72 302.62 301.53
350.62 350.25 349.84 349.44 348.94 348.53 348.34 348.06 347.47 345.09 345.06 345.12 344.56 343.78 342.84 341.66 340.41 339.41 338.47 337.56 336.53 335.53 334.38 333.31 332.38 331.66 330.75 329.88 328.97 328.44 327.56 326.25 325.19 324.59 324.12 323.53 323.03 322.62 322.16 321.62 321.22 320.91 320.72 320.47 320.00 319.62 319.22 318.56 318.09 317.62 317.19 316.84 316.12 315.47 314.75 314.16 313.34 312.72 311.97 311.22 310.72 310.25 309.38 308.59 307.50 306.25 305.22 304.88 303.81 302.28 301.59
350.62 350.28 349.62 349.28 348.91 348.56 348.28 347.81 347.31 344.81 344.78 344.78 344.03 343.38 342.50 341.00 339.75 339.16 338.28 337.56 336.84 335.72 334.78 333.88 332.69 331.62 330.75 329.88 328.78 328.00 327.34 326.28 325.09 324.38 323.78 323.41 322.97 322.41 321.84 321.12 320.69 320.22 319.84 319.91 319.53 319.03 318.59 318.09 317.72 317.34 317.00 316.62 316.09 315.50 314.75 313.94 312.94 312.38 311.62 311.03 310.41 309.84 309.06 308.09 307.22 306.41 305.62 304.78 303.69 302.62 301.91
350.28 349.81 349.00 349.16 348.75 348.41 348.19 347.25 346.00 344.56 344.50 344.47 343.53 342.81 341.88 340.81 339.59 338.88 338.12 337.34 336.53 335.72 334.84 333.84 332.78 331.81 330.88 330.03 328.91 327.91 327.06 326.19 325.16 324.41 323.81 323.19 322.81 322.34 321.59 320.84 320.22 319.75 319.41 319.09 318.81 318.56 318.28 317.78 317.50 317.31 316.91 316.38 315.91 315.53 314.81 313.94 312.91 311.97 311.31 310.75 310.38 309.59 308.88 308.12 307.19 306.25 305.31 304.16 303.44 303.03 301.97
350.25 349.78 348.94 348.69 348.62 348.19 347.88 346.75 345.50 344.34 344.22 344.19 342.84 342.22 341.28 340.31 339.72 338.88 338.03 337.34 336.59 335.78 334.81 333.75 332.69 331.66 330.75 329.91 329.00 327.88 326.88 325.94 325.06 324.41 323.78 323.03 322.44 321.94 321.50 320.69 320.12 319.66 319.19 318.97 318.78 318.53 318.38 318.12 317.72 317.28 317.06 316.72 316.19 315.50 314.84 314.34 313.66 312.78 311.97 311.25 310.56 309.72 309.00 308.12 307.44 306.69 305.00 303.81 302.75 301.91 300.88
350.72 350.03 348.97 348.25 348.19 347.97 347.44 346.34 345.19 344.16 343.94 343.91 342.44 342.03 341.28 340.38 339.59 338.75 338.03 337.31 336.53 335.69 334.75 333.41 332.22 331.38 330.56 329.72 328.84 327.94 326.84 325.78 324.94 324.41 323.78 323.00 322.34 321.56 321.16 320.56 319.91 319.56 319.25 318.88 318.69 318.53 318.31 318.03 317.75 317.44 317.22 316.88 316.34 315.66 314.97 314.31 313.56 312.75 311.97 311.19 310.47 309.72 309.19 308.50 307.22 306.19 305.66 305.19 304.28 302.84 301.66
350.62 350.03 349.25 348.03 347.66 347.56 347.09 346.31 345.06 344.03 343.66 343.62 341.84 341.47 340.75 340.03 339.31 338.59 337.84 337.12 336.41 335.59 334.31 332.84 331.62 330.84 330.31 329.50 328.66 327.78 326.91 325.72 324.84 324.34 323.84 323.28 322.81 322.06 321.00 320.47 320.12 319.56 319.22 318.91 318.66 318.50 318.25 318.03 317.75 317.28 317.00 316.66 316.28 315.56 314.88 313.88 313.50 312.81 311.94 311.06 310.38 309.81 309.16 308.56 307.69 307.56 306.97 305.84 304.88 303.50 302.00
350.62 349.97 349.25 348.44 347.34 347.16 346.66 345.94 345.09 344.16 343.38 343.34 341.94 341.09 340.28 339.47 338.91 338.16 337.56 336.84 336.19 335.09 333.88 332.28 331.41 330.84 329.81 328.91 328.12 327.56 326.94 325.97 325.09 324.50 323.78 323.31 322.97 322.31 321.72 321.09 320.50 319.91 319.44 319.31 319.03 318.72 318.28 317.84 317.56 317.41 317.09 316.75 316.16 315.56 314.91 314.38 313.44 312.56 311.66 310.94 310.16 309.44 308.78 308.47 308.47 307.91 307.22 306.31 305.22 304.06 302.84
350.50 349.88 349.12 348.47 347.34 346.69 346.28 345.59 344.88 344.12 343.09 343.03 342.06 341.19 340.38 339.47 338.41 337.72 336.97 336.38 335.47 334.44 333.31 332.19 331.41 330.75 329.56 328.50 327.84 327.28 326.62 326.00 325.41 324.78 324.06 323.44 322.88 322.47 322.03 321.41 320.88 320.50 320.19 319.75 319.44 319.25 318.91 318.56 318.16 317.72 317.28 316.78 316.22 315.59 314.94 314.31 313.66 312.25 311.28 310.59 309.97 309.47 309.25 309.03 308.69 308.22 307.53 306.62 305.56 304.47 303.31
350.19 349.62 348.91 348.22 347.31 346.12 345.75 345.34 344.62 343.94 342.78 342.75 342.19 341.00 340.22 339.25 338.44 337.50 336.78 336.00 335.16 334.34 333.22 332.31 331.62 330.69 329.72 328.69 327.78 327.09 326.59 326.06 325.53 325.00 324.25 323.59 322.88 322.31 321.94 321.75 321.44 321.12 320.94 320.53 320.16 319.78 319.38 318.91 318.44 317.88 317.34 316.78 316.31 315.50 314.84 313.75 313.41 312.19 311.31 310.66 310.12 310.00 309.56 309.19 308.75 308.22 307.53 306.72 305.81 304.78 303.59
349.69 349.22 348.62 347.91 347.00 345.81 345.12 344.75 344.34 343.81 342.47 342.44 342.22 340.75 339.97 339.06 338.25 337.69 336.81 336.16 335.25 334.50 333.75 332.88 331.91 331.34 330.28 329.00 327.84 327.00 326.47 326.03 325.59 325.28 324.81 324.06 323.44 322.91 322.44 322.09 321.81 321.62 321.50 321.09 320.72 320.25 319.78 319.22 318.66 318.00 317.25 316.41 315.75 315.03 314.38 313.53 312.47 311.72 311.50 311.16 310.50 310.09 309.66 309.12 308.53 308.03 307.25 306.56 305.91 304.91 303.59
