everonasctiles/Tile11,25.asc
ncols 128
nrows 128
xllcorner 0
yllcorner 0
cellsize 2.0
NODATA_value  -9999
[rows 68 to 101 of 128, columns 0 to 76 of 128]
78.47 78.50 78.50 78.50 78.50 78.53 78.53 78.56 78.56 78.56 78.59 78.59 78.59 78.56 78.56 78.53 78.50 78.47 78.41 78.38 78.31 78.22 78.09 78.00 77.88 77.72 77.59 77.47 77.34 77.22 77.09 76.97 76.81 76.69 76.56 76.44 76.31 76.22 76.12 76.06 76.00 75.94 75.94 75.91 75.91 75.91 75.91 75.38 75.06 74.97 75.44 75.88 76.09 76.25 76.38 76.50 76.62 76.75 76.84 76.97 77.09 77.19 77.31 77.44 77.53 77.72 78.03 78.09 78.09 78.09 78.09 78.09 78.09 78.09 78.09 78.19 78.47
78.62 78.59 78.59 78.59 78.59 78.59 78.59 78.62 78.62 78.62 78.62 78.59 78.59 78.59 78.56 78.53 78.50 78.47 78.41 78.38 78.31 78.22 78.12 78.03 77.91 77.78 77.66 77.53 77.41 77.28 77.16 77.03 76.88 76.75 76.59 76.47 76.34 76.22 76.12 76.06 76.00 75.97 75.94 75.94 75.94 75.94 75.94 75.81 75.25 75.06 75.19 75.72 76.06 76.25 76.38 76.47 76.59 76.69 76.81 76.91 77.03 77.16 77.28 77.38 77.50 77.59 77.88 78.09 78.09 78.09 78.09 78.09 78.09 78.09 78.09 78.22 78.50
78.75 78.75 78.72 78.72 78.69 78.69 78.69 78.69 78.66 78.66 78.66 78.62 78.62 78.59 78.56 78.53 78.50 78.47 78.41 78.38 78.31 78.22 78.16 78.06 77.94 77.81 77.72 77.59 77.47 77.34 77.22 77.09 76.94 76.78 76.66 76.50 76.38 76.25 76.16 76.06 76.03 75.97 75.94 75.94 75.94 75.97 75.97 75.97 75.59 75.22 75.16 75.47 76.00 76.22 76.34 76.44 76.53 76.66 76.75 76.88 77.00 77.09 77.22 77.34 77.47 77.59 77.78 78.06 78.09 78.09 78.09 78.09 78.09 78.09 78.06 78.19 78.47
78.91 78.88 78.84 78.81 78.78 78.78 78.75 78.75 78.72 78.72 78.69 78.66 78.66 78.62 78.59 78.56 78.53 78.47 78.44 78.38 78.31 78.25 78.16 78.09 77.97 77.88 77.78 77.66 77.53 77.44 77.31 77.16 77.00 76.84 76.69 76.53 76.41 76.28 76.16 76.09 76.03 75.97 75.94 75.94 75.94 75.97 76.00 76.00 75.88 75.47 75.22 75.25 75.75 76.16 76.34 76.41 76.50 76.59 76.69 76.81 76.94 77.06 77.19 77.31 77.44 77.56 77.72 78.00 78.09 78.09 78.09 78.09 78.09 78.09 78.06 78.12 78.41
79.03 79.00 78.97 78.94 78.91 78.88 78.84 78.81 78.78 78.75 78.75 78.72 78.69 78.66 78.62 78.56 78.53 78.50 78.44 78.38 78.31 78.25 78.19 78.12 78.03 77.91 77.81 77.72 77.59 77.50 77.38 77.25 77.06 76.91 76.72 76.56 76.41 76.28 76.19 76.09 76.03 76.00 75.97 75.94 75.97 75.97 76.00 76.00 75.94 75.75 75.41 75.25 75.41 75.97 76.34 76.44 76.47 76.53 76.66 76.78 76.91 77.03 77.16 77.28 77.44 77.56 77.72 77.94 78.09 78.09 78.09 78.09 78.09 78.09 78.06 78.03 78.28
79.16 79.12 79.09 79.06 79.00 78.97 78.94 78.91 78.88 78.81 78.78 78.75 78.72 78.69 78.66 78.59 78.56 78.50 78.44 78.41 78.34 78.28 78.19 78.12 78.03 77.97 77.88 77.75 77.66 77.56 77.44 77.31 77.12 76.94 76.78 76.59 76.44 76.31 76.19 76.09 76.03 76.00 75.97 75.94 75.97 75.97 76.00 76.00 76.00 75.88 75.62 75.34 75.28 75.59 76.22 76.50 76.47 76.47 76.59 76.72 76.88 77.00 77.12 77.25 77.41 77.56 77.72 77.91 78.06 78.06 78.06 78.06 78.06 78.06 78.03 77.97 78.06
79.31 79.28 79.22 79.19 79.12 79.09 79.03 79.00 78.94 78.91 78.84 78.81 78.78 78.72 78.69 78.62 78.59 78.53 78.47 78.41 78.34 78.28 78.22 78.16 78.06 77.97 77.88 77.78 77.69 77.59 77.47 77.34 77.16 76.97 76.78 76.62 76.47 76.31 76.19 76.09 76.03 76.00 75.97 75.97 75.97 75.97 76.00 76.00 76.00 75.97 75.81 75.53 75.31 75.31 75.75 76.25 76.38 76.44 76.56 76.69 76.81 76.97 77.09 77.25 77.38 77.53 77.69 77.88 78.03 78.06 78.03 78.03 78.03 78.03 78.03 77.94 77.94
79.50 79.44 79.38 79.31 79.28 79.22 79.16 79.09 79.03 78.97 78.94 78.88 78.81 78.78 78.72 78.66 78.62 78.56 78.50 78.44 78.38 78.28 78.22 78.16 78.06 78.00 77.91 77.81 77.72 77.59 77.47 77.31 77.16 76.97 76.81 76.66 76.50 76.34 76.22 76.09 76.03 76.00 75.97 75.97 75.97 76.00 76.00 76.03 76.03 76.00 75.94 75.78 75.41 75.19 75.28 75.88 76.28 76.41 76.53 76.66 76.81 76.94 77.06 77.22 77.38 77.53 77.69 77.84 78.03 78.03 78.03 78.03 78.00 78.00 78.00 77.91 77.88
79.84 79.62 79.53 79.47 79.41 79.34 79.25 79.19 79.12 79.06 79.00 78.94 78.88 78.84 78.78 78.72 78.66 78.59 78.53 78.47 78.38 78.31 78.25 78.16 78.09 78.00 77.91 77.81 77.72 77.59 77.47 77.31 77.16 76.97 76.81 76.66 76.50 76.38 76.25 76.12 76.03 76.00 75.97 75.97 75.97 76.00 76.00 76.03 76.03 76.03 76.03 75.97 75.62 75.25 75.16 75.47 76.03 76.34 76.50 76.66 76.78 76.91 77.06 77.19 77.34 77.50 77.66 77.84 77.94 77.97 77.97 77.97 77.97 78.00 78.00 77.88 77.81
79.94 79.97 79.72 79.62 79.56 79.47 79.38 79.31 79.22 79.16 79.09 79.03 78.97 78.91 78.81 78.75 78.69 78.62 78.56 78.47 78.41 78.34 78.25 78.16 78.09 78.00 77.91 77.81 77.72 77.59 77.47 77.31 77.16 77.00 76.81 76.69 76.53 76.41 76.28 76.16 76.06 76.03 76.00 76.00 76.00 76.00 76.00 76.03 76.06 76.06 76.09 76.09 75.97 75.41 75.22 75.28 75.62 76.16 76.47 76.62 76.75 76.91 77.03 77.19 77.31 77.47 77.62 77.81 77.91 77.91 77.91 77.91 77.94 77.94 77.94 77.81 77.78
79.97 80.03 80.06 79.78 79.69 79.59 79.50 79.44 79.34 79.25 79.19 79.09 79.03 78.97 78.91 78.81 78.75 78.66 78.59 78.53 78.44 78.34 78.28 78.19 78.09 78.00 77.91 77.81 77.72 77.59 77.44 77.31 77.16 77.00 76.84 76.69 76.56 76.41 76.31 76.19 76.09 76.03 76.03 76.00 76.00 76.00 76.03 76.03 76.06 76.09 76.12 76.16 76.12 75.72 75.34 75.22 75.31 75.75 76.28 76.59 76.75 76.91 77.03 77.16 77.31 77.44 77.59 77.78 77.78 77.84 77.84 77.88 77.88 77.88 77.84 77.75 77.72
80.03 80.09 80.12 80.16 79.84 79.75 79.66 79.56 79.47 79.38 79.28 79.22 79.12 79.03 78.97 78.88 78.81 78.72 78.62 78.56 78.47 78.38 78.28 78.19 78.09 78.00 77.91 77.81 77.72 77.59 77.44 77.31 77.16 77.00 76.84 76.72 76.56 76.44 76.34 76.22 76.16 76.09 76.03 76.03 76.03 76.03 76.03 76.03 76.06 76.09 76.09 76.12 76.12 76.00 75.62 75.31 75.25 75.44 75.94 76.50 76.75 76.91 77.03 77.19 77.31 77.47 77.62 77.72 77.72 77.75 77.78 77.81 77.84 77.84 77.78 77.69 77.69
80.09 80.16 80.19 80.25 80.22 79.91 79.81 79.72 79.62 79.50 79.41 79.31 79.22 79.16 79.06 78.97 78.88 78.78 78.69 78.59 78.50 78.41 78.31 78.22 78.12 78.00 77.91 77.81 77.69 77.59 77.44 77.31 77.16 77.00 76.88 76.72 76.59 76.47 76.38 76.28 76.19 76.12 76.09 76.06 76.06 76.03 76.06 76.06 76.06 76.06 76.09 76.06 76.09 76.12 76.00 75.59 75.31 75.31 75.56 76.19 76.75 76.94 77.06 77.22 77.38 77.53 77.62 77.59 77.66 77.69 77.72 77.75 77.78 77.81 77.72 77.62 77.62
80.22 80.19 80.25 80.28 80.31 80.25 79.97 79.88 79.78 79.66 79.56 79.47 79.34 79.25 79.16 79.03 78.94 78.84 78.75 78.66 78.53 78.44 78.34 78.22 78.12 78.03 77.91 77.81 77.69 77.59 77.47 77.31 77.19 77.03 76.91 76.75 76.62 76.50 76.41 76.31 76.25 76.19 76.12 76.09 76.09 76.06 76.06 76.06 76.09 76.09 76.09 76.12 76.12 76.19 76.19 76.00 75.59 75.34 75.34 75.66 76.59 76.97 77.16 77.31 77.47 77.56 77.53 77.53 77.56 77.62 77.66 77.69 77.72 77.72 77.62 77.56 77.53
80.78 80.31 80.28 80.34 80.38 80.41 80.28 80.06 79.97 79.84 79.72 79.59 79.47 79.38 79.25 79.12 79.03 78.91 78.81 78.69 78.59 78.47 78.38 78.25 78.16 78.03 77.94 77.81 77.69 77.59 77.47 77.34 77.19 77.06 76.91 76.78 76.66 76.53 76.44 76.34 76.28 76.22 76.19 76.16 76.12 76.12 76.12 76.12 76.12 76.12 76.12 76.16 76.19 76.22 76.25 76.25 76.03 75.50 75.31 75.44 76.12 77.03 77.25 77.44 77.50 77.44 77.44 77.47 77.53 77.56 77.59 77.62 77.66 77.62 77.53 77.50 77.53
81.25 80.84 80.38 80.38 80.41 80.47 80.50 80.34 80.12 80.00 79.91 79.75 79.62 79.50 79.38 79.25 79.12 79.00 78.88 78.75 78.66 78.53 78.41 78.28 78.19 78.06 77.94 77.84 77.72 77.59 77.47 77.34 77.22 77.09 76.97 76.81 76.69 76.59 76.47 76.41 76.34 76.28 76.25 76.22 76.19 76.19 76.16 76.16 76.16 76.19 76.19 76.22 76.25 76.28 76.31 76.34 76.38 76.03 75.50 75.50 75.72 76.88 77.38 77.44 77.38 77.34 77.38 77.44 77.47 77.50 77.56 77.59 77.62 77.53 77.47 77.50 77.50
81.69 81.34 80.88 80.44 80.47 80.50 80.56 80.59 80.38 80.19 80.06 79.91 79.78 79.62 79.50 79.34 79.22 79.09 78.97 78.84 78.72 78.59 78.47 78.34 78.22 78.09 77.97 77.84 77.75 77.62 77.50 77.38 77.25 77.12 77.00 76.88 76.75 76.62 76.53 76.44 76.38 76.34 76.31 76.28 76.25 76.25 76.22 76.22 76.22 76.22 76.25 76.28 76.28 76.31 76.38 76.41 76.50 76.53 75.94 75.69 75.75 76.69 77.38 77.28 77.25 77.28 77.34 77.38 77.41 77.44 77.50 77.50 77.47 77.47 77.47 77.47 77.50
81.81 81.75 81.34 80.88 80.53 80.56 80.59 80.62 80.69 80.41 80.22 80.06 79.91 79.78 79.62 79.47 79.34 79.19 79.06 78.91 78.78 78.66 78.53 78.41 78.28 78.16 78.03 77.91 77.78 77.66 77.53 77.41 77.28 77.16 77.03 76.91 76.78 76.69 76.59 76.50 76.44 76.41 76.38 76.34 76.31 76.28 76.28 76.28 76.28 76.28 76.31 76.34 76.38 76.41 76.44 76.50 76.56 76.69 76.59 75.94 76.28 77.19 77.22 77.22 77.22 77.25 77.28 77.34 77.38 77.41 77.41 77.44 77.44 77.44 77.47 77.47 77.44
81.94 81.97 81.84 81.44 80.97 80.62 80.66 80.69 80.72 80.75 80.38 80.22 80.06 79.94 79.78 79.62 79.47 79.31 79.16 79.00 78.88 78.72 78.59 78.47 78.34 78.19 78.06 77.94 77.81 77.69 77.56 77.44 77.31 77.22 77.09 76.97 76.84 76.75 76.66 76.56 76.50 76.47 76.44 76.41 76.38 76.34 76.34 76.31 76.34 76.34 76.38 76.41 76.44 76.47 76.53 76.59 76.66 76.81 77.00 77.16 77.19 77.16 77.19 77.19 77.22 77.22 77.25 77.28 77.31 77.28 77.34 77.41 77.44 77.44 77.41 77.38 77.38
82.00 82.09 82.16 81.97 81.50 80.94 80.69 80.72 80.78 80.81 80.81 80.34 80.25 80.09 79.94 79.78 79.59 79.44 79.28 79.12 78.97 78.81 78.69 78.53 78.41 78.28 78.12 78.00 77.88 77.75 77.62 77.50 77.38 77.25 77.16 77.03 76.94 76.84 76.72 76.66 76.59 76.53 76.50 76.47 76.44 76.41 76.38 76.38 76.38 76.41 76.44 76.47 76.53 76.59 76.66 76.72 76.84 77.06 77.19 77.19 77.16 77.16 77.16 77.19 77.19 77.22 77.25 77.16 77.06 77.16 77.28 77.34 77.34 77.28 77.28 77.31 77.34
82.06 82.16 82.25 82.28 82.03 81.53 80.97 80.78 80.81 80.84 80.91 80.81 80.41 80.28 80.12 79.94 79.75 79.56 79.38 79.22 79.06 78.91 78.78 78.62 78.50 78.34 78.22 78.09 77.94 77.81 77.69 77.56 77.44 77.31 77.22 77.09 77.00 76.91 76.81 76.75 76.69 76.62 76.59 76.53 76.50 76.47 76.44 76.41 76.44 76.44 76.50 76.56 76.66 76.72 76.84 77.06 77.22 77.25 77.22 77.19 77.16 77.16 77.16 77.16 77.19 77.22 77.19 76.81 77.00 77.06 77.19 76.91 76.88 77.06 77.12 77.22 77.28
82.09 82.22 82.31 82.34 82.25 82.00 81.56 80.94 80.88 80.91 80.94 80.97 80.78 80.44 80.31 80.09 79.91 79.72 79.53 79.34 79.19 79.03 78.88 78.75 78.59 78.47 78.31 78.19 78.03 77.91 77.78 77.66 77.53 77.41 77.28 77.19 77.09 77.00 76.94 76.84 76.78 76.75 76.69 76.62 76.56 76.53 76.47 76.47 76.47 76.50 76.56 76.66 76.81 77.09 77.31 77.41 77.34 77.28 77.22 77.19 77.19 77.16 77.12 77.16 77.19 77.19 77.19 76.69 76.88 76.97 76.44 76.31 76.50 76.78 76.94 77.09 77.19
82.12 82.22 82.31 82.38 82.34 82.22 81.94 81.50 80.97 80.94 81.00 81.03 81.06 80.78 80.44 80.28 80.06 79.88 79.69 79.50 79.34 79.16 79.03 78.88 78.72 78.56 78.41 78.28 78.12 78.00 77.88 77.75 77.62 77.50 77.38 77.28 77.19 77.09 77.03 76.94 76.88 76.78 76.72 76.69 76.62 76.56 76.50 76.47 76.50 76.56 76.72 77.06 77.38 77.53 77.50 77.44 77.38 77.31 77.25 77.22 77.19 77.16 77.16 77.16 77.16 77.16 76.84 76.25 76.12 75.69 75.78 76.06 75.94 76.53 76.78 76.97 77.09
82.16 82.25 82.31 82.38 82.38 82.31 82.16 81.88 81.50 81.03 81.03 81.06 81.09 81.12 80.66 80.44 80.25 80.03 79.84 79.66 79.50 79.31 79.16 79.00 78.84 78.69 78.50 78.34 78.22 78.09 77.97 77.84 77.72 77.59 77.50 77.41 77.28 77.19 77.06 76.94 76.84 76.81 76.75 76.72 76.69 76.66 76.66 76.66 76.75 77.09 77.44 77.66 77.66 77.59 77.53 77.47 77.41 77.34 77.31 77.25 77.22 77.19 77.16 77.12 77.06 76.69 75.94 75.50 75.50 75.44 75.66 76.03 76.16 76.41 76.66 76.88 77.03
82.22 82.28 82.34 82.38 82.38 82.34 82.28 82.16 81.88 81.53 81.12 81.09 81.12 81.16 81.12 80.56 80.41 80.19 80.00 79.84 79.66 79.50 79.31 79.16 78.97 78.78 78.59 78.44 78.31 78.19 78.09 77.97 77.84 77.75 77.62 77.50 77.34 77.16 77.03 76.94 76.88 76.84 76.81 76.84 76.84 76.84 76.94 77.22 77.56 77.78 77.81 77.75 77.69 77.62 77.56 77.50 77.44 77.38 77.31 77.28 77.22 77.19 77.16 76.94 76.41 75.91 75.50 75.22 75.22 75.50 75.75 76.03 76.19 76.38 76.59 76.81 76.97
82.25 82.31 82.38 82.41 82.41 82.38 82.34 82.25 82.16 81.91 81.47 81.16 81.16 81.16 81.19 81.09 80.53 80.38 80.19 80.03 79.84 79.69 79.50 79.31 79.12 78.94 78.75 78.59 78.44 78.34 78.22 78.12 78.00 77.88 77.72 77.53 77.38 77.19 77.03 76.94 76.94 76.94 77.00 77.06 77.16 77.41 77.72 77.94 77.97 77.91 77.84 77.78 77.72 77.66 77.59 77.53 77.47 77.41 77.34 77.16 77.09 77.09 76.69 76.19 75.72 75.44 75.38 75.19 75.28 75.50 75.69 75.88 76.09 76.31 76.53 76.75 76.94
82.31 82.38 82.41 82.44 82.44 82.41 82.38 82.31 82.25 82.09 81.81 81.31 81.19 81.19 81.22 81.22 81.00 80.53 80.38 80.22 80.06 79.88 79.69 79.50 79.31 79.12 78.94 78.75 78.62 78.50 78.41 78.25 78.12 77.94 77.78 77.59 77.44 77.25 77.12 77.06 77.09 77.16 77.31 77.62 77.94 78.12 78.12 78.06 78.00 77.94 77.88 77.81 77.75 77.69 77.62 77.56 77.50 77.38 77.19 77.12 77.12 77.09 76.06 75.44 75.16 75.03 75.06 75.12 75.19 75.31 75.41 75.66 75.97 76.28 76.53 76.75 76.94
82.38 82.44 82.47 82.47 82.47 82.44 82.41 82.34 82.28 82.09 81.91 81.69 81.25 81.22 81.25 81.25 81.25 80.88 80.53 80.41 80.25 80.06 79.88 79.66 79.47 79.31 79.16 79.00 78.84 78.72 78.56 78.34 78.16 77.97 77.81 77.69 77.56 77.44 77.34 77.31 77.47 77.81 78.12 78.31 78.34 78.25 78.16 78.09 78.03 77.97 77.91 77.84 77.78 77.72 77.66 77.59 77.44 77.22 77.22 77.16 77.12 76.62 75.38 74.97 74.72 74.78 74.94 74.84 74.94 74.97 75.16 75.50 75.88 76.25 76.56 76.78 77.00
82.47 82.50 82.53 82.53 82.53 82.47 82.44 82.34 82.25 82.12 81.94 81.84 81.72 81.25 81.25 81.22 81.22 81.19 80.81 80.53 80.41 80.22 80.00 79.81 79.62 79.47 79.34 79.22 79.03 78.84 78.62 78.41 78.19 78.00 77.91 77.81 77.75 77.69 77.75 78.00 78.34 78.53 78.53 78.44 78.38 78.28 78.22 78.12 78.06 78.00 77.94 77.88 77.81 77.62 77.41 77.31 77.31 77.25 77.22 77.16 76.59 75.62 74.97 74.62 74.59 74.72 74.75 74.59 74.56 74.75 75.00 75.38 75.84 76.19 76.53 76.81 77.03
82.53 82.56 82.59 82.59 82.56 82.53 82.44 82.34 82.25 82.12 82.03 81.97 81.88 81.66 81.22 81.22 81.19 81.16 81.12 80.72 80.53 80.28 80.06 79.91 79.75 79.59 79.44 79.28 79.12 78.94 78.72 78.47 78.25 78.12 78.06 78.03 78.12 78.34 78.56 78.75 78.72 78.62 78.56 78.47 78.41 78.31 78.25 78.16 78.09 78.03 77.97 77.78 77.50 77.50 77.44 77.34 77.28 77.28 77.22 76.81 76.25 75.53 74.97 74.78 74.72 74.59 74.38 74.19 74.25 74.53 74.91 75.34 75.75 76.19 76.53 76.88 77.09
82.59 82.62 82.66 82.66 82.62 82.56 82.47 82.38 82.28 82.22 82.16 82.06 82.00 81.91 81.56 81.19 81.16 81.12 81.12 81.06 80.66 80.41 80.16 79.97 79.81 79.62 79.47 79.34 79.19 79.03 78.84 78.62 78.47 78.34 78.38 78.62 78.84 78.97 78.94 78.84 78.75 78.69 78.59 78.50 78.44 78.34 78.28 78.19 78.09 77.91 77.66 77.56 77.53 77.50 77.47 77.34 77.31 77.34 77.22 76.81 76.22 75.66 75.28 75.19 74.94 74.50 74.12 74.03 74.12 74.38 74.69 75.16 75.72 76.09 76.50 76.81 77.09
82.66 82.69 82.72 82.69 82.66 82.59 82.50 82.41 82.31 82.25 82.22 82.19 82.09 82.00 81.91 81.41 81.12 81.09 81.09 81.06 80.91 80.44 80.16 79.97 79.81 79.69 79.53 79.38 79.22 79.09 78.97 78.84 78.78 78.91 79.09 79.12 79.03 79.00 78.97 78.88 78.81 78.72 78.62 78.53 78.44 78.34 78.19 77.97 77.78 77.78 77.66 77.56 77.56 77.50 77.50 77.50 77.47 77.44 77.34 76.97 76.44 75.94 75.66 75.47 75.06 74.59 74.28 74.09 74.19 74.31 74.47 74.94 75.47 75.94 76.38 76.72 77.06
82.72 82.75 82.75 82.75 82.69 82.62 82.53 82.44 82.34 82.34 82.25 82.19 82.09 82.03 81.94 81.81 81.22 81.09 81.06 81.03 81.00 80.62 80.16 80.00 79.84 79.75 79.62 79.50 79.34 79.25 79.25 79.34 79.41 79.41 79.28 79.19 79.12 79.06 79.00 78.94 78.84 78.75 78.66 78.53 78.38 78.09 77.97 77.91 77.81 77.78 77.72 77.56 77.59 77.69 77.69 77.66 77.59 77.53 77.44 77.16 76.75 76.38 75.97 75.56 75.09 74.69 74.47 74.41 74.41 74.38 74.41 74.78 75.25 75.78 76.19 76.56 76.94
82.75 82.78 82.78 82.78 82.72 82.62 82.56 82.47 82.38 82.28 82.22 82.16 82.06 82.00 81.91 81.84 81.72 81.06 81.00 80.97 80.94 80.91 80.34 80.06 79.97 79.91 79.84 79.75 79.66 79.72 79.81 79.78 79.62 79.50 79.41 79.31 79.22 79.12 79.06 78.97 78.88 78.78 78.59 78.31 78.19 78.12 78.00 77.94 77.84 77.75 77.78 77.84 77.88 77.88 77.88 77.84 77.78 77.69 77.59 77.34 77.03 76.66 76.19 75.72 75.25 74.97 74.88 74.91 74.91 74.72 74.56 74.69 75.06 75.56 76.03 76.44 76.81
