everonasctiles/Tile7,32.asc
ncols 128
nrows 128
xllcorner 0
yllcorner 0
cellsize 2.0
NODATA_value  -9999
[rows 32 to 63 of 128, columns 0 to 70 of 128]
-25.62 -25.53 -25.69 -26.19 -26.25 -26.09 -26.31 -26.56 -26.66 -26.66 -26.75 -26.84 -26.91 -26.84 -26.66 -26.47 -26.47 -26.44 -26.38 -26.53 -26.62 -26.50 -26.53 -26.44 -25.94 -25.19 -24.81 -24.47 -24.28 -24.12 -23.97 -23.91 -23.75 -23.62 -23.53 -23.59 -23.75 -23.81 -23.75 -23.69 -23.59 -23.41 -23.16 -23.09 -23.19 -23.06 -22.97 -22.88 -22.88 -22.78 -22.78 -22.66 -22.53 -22.47 -22.47 -22.56 -22.66 -22.66 -22.53 -22.41 -22.38 -22.44 -22.59 -22.88 -22.97 -22.78 -22.56 -22.50 -22.41 -22.28 -22.19
-25.94 -25.84 -25.94 -26.41 -26.47 -26.28 -26.28 -26.56 -26.72 -26.78 -26.88 -26.94 -26.94 -26.84 -26.78 -26.66 -26.66 -26.66 -26.66 -26.72 -26.88 -26.81 -26.69 -26.44 -26.03 -25.47 -24.94 -24.66 -24.44 -24.19 -23.94 -23.88 -23.88 -23.81 -23.75 -23.81 -23.81 -23.81 -23.81 -23.78 -23.78 -23.59 -23.34 -23.25 -23.25 -23.16 -23.09 -23.06 -23.06 -23.00 -22.94 -22.84 -22.72 -22.66 -22.66 -22.66 -22.72 -22.75 -22.69 -22.53 -22.56 -22.53 -22.69 -23.06 -23.16 -22.94 -22.62 -22.50 -22.44 -22.38 -22.28
-26.22 -26.25 -26.28 -26.53 -26.59 -26.34 -26.38 -26.56 -26.78 -26.97 -26.97 -26.97 -26.88 -26.81 -26.88 -26.84 -26.81 -26.84 -26.94 -26.97 -27.03 -27.06 -26.78 -26.50 -26.22 -25.59 -25.09 -24.81 -24.62 -24.41 -24.16 -24.06 -24.06 -24.16 -24.06 -24.03 -23.94 -23.84 -23.78 -23.75 -23.84 -23.81 -23.59 -23.50 -23.38 -23.22 -23.16 -23.19 -23.25 -23.19 -23.03 -22.88 -22.78 -22.69 -22.72 -22.72 -22.81 -22.88 -22.72 -22.56 -22.56 -22.53 -22.69 -23.12 -23.28 -23.09 -22.72 -22.53 -22.44 -22.38 -22.38
-26.41 -26.38 -26.41 -26.53 -26.69 -26.62 -26.56 -26.69 -26.91 -27.06 -27.06 -26.97 -26.88 -26.78 -26.84 -26.91 -26.84 -26.91 -27.06 -27.16 -27.19 -27.16 -26.84 -26.53 -26.25 -25.66 -25.12 -24.91 -24.72 -24.53 -24.38 -24.25 -24.28 -24.28 -24.22 -24.12 -23.97 -23.91 -23.81 -23.75 -23.91 -23.94 -23.78 -23.72 -23.62 -23.41 -23.22 -23.19 -23.19 -23.16 -22.97 -22.81 -22.75 -22.78 -22.81 -22.81 -22.91 -22.97 -22.84 -22.66 -22.62 -22.59 -22.69 -23.06 -23.19 -22.97 -22.72 -22.62 -22.47 -22.38 -22.38
-26.62 -26.47 -26.47 -26.59 -26.72 -26.81 -26.78 -26.84 -27.03 -27.12 -27.12 -27.06 -26.97 -26.91 -26.91 -27.03 -26.94 -27.00 -27.19 -27.31 -27.31 -27.25 -26.97 -26.62 -26.38 -25.75 -25.28 -25.16 -24.88 -24.69 -24.59 -24.53 -24.56 -24.50 -24.34 -24.19 -24.12 -23.97 -23.94 -23.88 -23.91 -23.94 -23.84 -23.84 -23.81 -23.47 -23.31 -23.22 -23.16 -23.09 -22.97 -22.88 -22.81 -22.91 -23.00 -22.97 -23.00 -22.97 -22.94 -22.91 -22.81 -22.75 -22.94 -23.16 -23.16 -22.84 -22.66 -22.62 -22.50 -22.44 -22.47
-26.72 -26.75 -26.72 -26.78 -26.84 -26.88 -26.97 -27.03 -27.09 -27.12 -27.12 -27.16 -27.06 -27.03 -27.03 -27.16 -27.16 -27.12 -27.25 -27.38 -27.38 -27.28 -27.00 -26.72 -26.62 -26.19 -25.59 -25.34 -25.09 -24.97 -24.84 -24.81 -24.84 -24.66 -24.44 -24.31 -24.28 -24.09 -24.06 -23.97 -24.00 -24.00 -23.97 -23.94 -23.88 -23.66 -23.50 -23.41 -23.22 -23.09 -23.03 -22.94 -22.88 -22.97 -23.03 -22.97 -22.91 -22.84 -22.91 -22.97 -22.94 -22.81 -23.03 -23.31 -23.34 -22.97 -22.75 -22.62 -22.62 -22.62 -22.56
-26.78 -26.81 -26.88 -26.88 -26.91 -26.94 -27.06 -27.16 -27.16 -27.09 -27.09 -27.16 -27.16 -27.06 -27.09 -27.19 -27.28 -27.31 -27.34 -27.38 -27.34 -27.25 -26.97 -26.75 -26.78 -26.56 -26.00 -25.62 -25.34 -25.19 -25.19 -25.19 -25.03 -24.78 -24.59 -24.47 -24.44 -24.28 -24.22 -24.12 -24.12 -24.16 -24.16 -24.03 -23.88 -23.78 -23.72 -23.56 -23.19 -23.09 -23.12 -23.09 -23.03 -23.06 -23.06 -23.00 -22.94 -22.94 -23.03 -23.22 -23.16 -23.12 -23.19 -23.41 -23.47 -23.19 -22.84 -22.75 -22.72 -22.69 -22.66
-26.75 -26.81 -26.91 -26.91 -26.94 -27.03 -27.12 -27.16 -27.12 -27.03 -27.06 -27.16 -27.22 -27.16 -27.12 -27.16 -27.31 -27.41 -27.44 -27.38 -27.31 -27.31 -27.16 -26.88 -26.91 -26.72 -26.19 -25.84 -25.69 -25.53 -25.56 -25.47 -25.25 -24.97 -24.78 -24.69 -24.56 -24.44 -24.34 -24.28 -24.28 -24.31 -24.28 -24.16 -23.88 -23.69 -23.69 -23.53 -23.12 -23.06 -23.16 -23.09 -23.09 -23.22 -23.25 -23.19 -23.12 -23.16 -23.22 -23.28 -23.31 -23.28 -23.31 -23.38 -23.47 -23.41 -23.06 -22.88 -22.84 -22.75 -22.66
-26.81 -26.88 -26.88 -26.88 -27.00 -27.09 -27.12 -27.09 -27.00 -27.00 -27.00 -27.06 -27.19 -27.22 -27.25 -27.28 -27.34 -27.41 -27.41 -27.41 -27.41 -27.41 -27.34 -27.09 -26.94 -26.91 -26.47 -26.00 -25.94 -25.88 -25.78 -25.62 -25.34 -25.12 -24.94 -24.84 -24.72 -24.56 -24.47 -24.47 -24.44 -24.38 -24.31 -24.22 -23.97 -23.66 -23.56 -23.44 -23.22 -23.22 -23.22 -23.12 -23.16 -23.28 -23.34 -23.38 -23.34 -23.34 -23.31 -23.38 -23.31 -23.31 -23.47 -23.59 -23.59 -23.59 -23.25 -23.00 -22.91 -22.81 -22.69
-26.88 -26.97 -26.91 -26.97 -27.06 -27.12 -27.09 -27.00 -26.97 -27.00 -27.00 -26.97 -27.12 -27.28 -27.31 -27.34 -27.31 -27.25 -27.25 -27.44 -27.47 -27.44 -27.44 -27.25 -27.03 -27.00 -26.72 -26.19 -26.00 -25.97 -25.91 -25.72 -25.50 -25.31 -25.06 -24.88 -24.81 -24.75 -24.66 -24.56 -24.47 -24.44 -24.38 -24.28 -24.03 -23.88 -23.66 -23.50 -23.44 -23.31 -23.25 -23.25 -23.28 -23.34 -23.41 -23.47 -23.47 -23.53 -23.50 -23.53 -23.50 -23.41 -23.53 -23.69 -23.84 -23.84 -23.47 -23.06 -23.00 -22.91 -22.81
-26.84 -26.97 -27.00 -27.06 -27.12 -27.16 -27.09 -27.03 -27.03 -27.06 -27.09 -27.09 -27.19 -27.31 -27.34 -27.34 -27.25 -27.06 -27.00 -27.34 -27.50 -27.50 -27.53 -27.47 -27.34 -27.16 -26.97 -26.47 -26.09 -25.94 -25.91 -25.75 -25.56 -25.44 -25.22 -24.94 -24.88 -24.91 -24.84 -24.72 -24.53 -24.50 -24.44 -24.25 -23.97 -23.88 -23.72 -23.56 -23.41 -23.22 -23.19 -23.19 -23.34 -23.53 -23.56 -23.53 -23.53 -23.56 -23.66 -23.75 -23.72 -23.62 -23.59 -23.72 -23.91 -24.06 -23.91 -23.38 -23.06 -22.97 -22.91
-26.84 -26.94 -27.06 -27.12 -27.12 -27.06 -27.06 -27.06 -27.09 -27.12 -27.19 -27.22 -27.25 -27.28 -27.31 -27.28 -27.19 -27.09 -27.06 -27.28 -27.47 -27.56 -27.59 -27.56 -27.50 -27.38 -27.16 -26.69 -26.16 -25.81 -25.56 -25.41 -25.41 -25.34 -25.12 -24.94 -24.84 -24.88 -24.88 -24.75 -24.66 -24.59 -24.44 -24.16 -23.88 -23.66 -23.50 -23.41 -23.31 -23.19 -23.22 -23.31 -23.53 -23.69 -23.69 -23.72 -23.62 -23.56 -23.66 -23.81 -23.81 -23.81 -23.78 -23.75 -23.94 -24.16 -24.22 -23.94 -23.28 -23.06 -22.97
-26.94 -27.00 -27.12 -27.16 -27.12 -27.03 -27.03 -27.06 -27.09 -27.12 -27.19 -27.22 -27.19 -27.12 -27.19 -27.22 -27.16 -27.12 -27.16 -27.28 -27.47 -27.59 -27.62 -27.62 -27.56 -27.50 -27.38 -26.88 -26.12 -25.81 -25.53 -25.25 -25.25 -25.19 -24.97 -24.75 -24.78 -24.78 -24.81 -24.78 -24.72 -24.59 -24.34 -24.06 -23.81 -23.56 -23.41 -23.28 -23.28 -23.28 -23.34 -23.53 -23.66 -23.75 -23.78 -23.84 -23.75 -23.66 -23.72 -23.94 -24.00 -24.03 -23.97 -23.97 -24.09 -24.31 -24.47 -24.28 -23.62 -23.16 -23.09
-27.09 -27.12 -27.16 -27.16 -27.12 -27.09 -27.06 -27.00 -27.03 -27.03 -27.06 -27.06 -27.00 -27.00 -27.06 -27.16 -27.12 -27.12 -27.28 -27.41 -27.47 -27.59 -27.62 -27.66 -27.62 -27.56 -27.44 -27.12 -26.38 -25.97 -25.69 -25.47 -25.28 -25.19 -25.00 -24.84 -24.84 -24.75 -24.72 -24.78 -24.69 -24.50 -24.22 -23.91 -23.66 -23.53 -23.41 -23.28 -23.34 -23.38 -23.53 -23.69 -23.78 -23.81 -23.88 -23.91 -23.84 -23.91 -23.97 -24.06 -24.12 -24.06 -24.06 -24.16 -24.31 -24.50 -24.59 -24.47 -23.78 -23.19 -23.12
-27.16 -27.16 -27.16 -27.16 -27.12 -27.03 -26.97 -26.88 -26.88 -26.94 -26.91 -26.88 -26.91 -26.94 -26.94 -27.03 -27.06 -27.12 -27.31 -27.44 -27.47 -27.53 -27.62 -27.66 -27.66 -27.59 -27.50 -27.25 -26.53 -26.09 -25.78 -25.59 -25.41 -25.25 -25.09 -25.00 -24.94 -24.88 -24.78 -24.72 -24.53 -24.28 -24.00 -23.81 -23.69 -23.59 -23.56 -23.44 -23.44 -23.41 -23.53 -23.78 -23.88 -23.88 -23.94 -24.00 -23.97 -24.03 -24.09 -24.12 -24.12 -24.12 -24.06 -24.34 -24.47 -24.62 -24.66 -24.59 -24.12 -23.31 -23.19
-27.16 -27.12 -27.12 -27.09 -27.06 -26.91 -26.81 -26.75 -26.75 -26.75 -26.75 -26.78 -26.75 -26.75 -26.84 -26.91 -27.03 -27.12 -27.28 -27.38 -27.44 -27.50 -27.56 -27.66 -27.66 -27.62 -27.50 -27.31 -26.62 -26.09 -25.97 -25.81 -25.62 -25.44 -25.22 -25.09 -25.03 -24.94 -24.88 -24.62 -24.34 -24.06 -23.75 -23.62 -23.62 -23.69 -23.75 -23.62 -23.47 -23.44 -23.62 -23.91 -23.97 -23.94 -23.94 -23.94 -23.97 -24.03 -24.06 -24.09 -24.09 -24.06 -24.19 -24.41 -24.53 -24.62 -24.66 -24.62 -24.41 -23.62 -23.19
-27.06 -27.06 -27.03 -27.03 -27.00 -26.88 -26.84 -26.72 -26.66 -26.59 -26.66 -26.69 -26.66 -26.62 -26.75 -26.84 -26.94 -27.12 -27.28 -27.34 -27.44 -27.53 -27.56 -27.62 -27.62 -27.59 -27.50 -27.38 -26.91 -26.31 -26.12 -25.97 -25.78 -25.56 -25.34 -25.22 -25.09 -25.00 -24.81 -24.50 -24.22 -24.00 -23.66 -23.44 -23.50 -23.56 -23.66 -23.69 -23.62 -23.69 -23.75 -23.91 -23.97 -23.97 -24.00 -23.97 -24.03 -24.06 -24.03 -24.06 -24.16 -24.25 -24.38 -24.50 -24.56 -24.59 -24.59 -24.53 -24.41 -24.00 -23.34
-26.88 -26.91 -26.94 -26.94 -26.94 -26.91 -26.81 -26.69 -26.62 -26.62 -26.59 -26.56 -26.59 -26.69 -26.81 -26.88 -26.94 -27.12 -27.28 -27.38 -27.44 -27.53 -27.56 -27.56 -27.53 -27.50 -27.47 -27.38 -27.09 -26.50 -26.19 -26.00 -25.81 -25.66 -25.41 -25.19 -25.09 -25.03 -24.78 -24.44 -24.09 -24.00 -23.69 -23.47 -23.50 -23.53 -23.62 -23.66 -23.78 -23.97 -23.97 -24.00 -24.03 -24.03 -24.09 -24.12 -24.12 -24.12 -24.06 -24.12 -24.31 -24.44 -24.50 -24.53 -24.53 -24.50 -24.41 -24.38 -24.41 -24.16 -23.50
-26.72 -26.72 -26.81 -26.84 -26.88 -26.84 -26.75 -26.66 -26.62 -26.56 -26.53 -26.50 -26.53 -26.69 -26.91 -26.97 -27.03 -27.16 -27.25 -27.34 -27.41 -27.47 -27.50 -27.44 -27.41 -27.38 -27.34 -27.31 -27.09 -26.53 -26.16 -25.97 -25.78 -25.62 -25.44 -25.22 -25.12 -25.09 -24.81 -24.50 -24.09 -23.91 -23.72 -23.59 -23.62 -23.62 -23.72 -23.78 -23.91 -24.03 -24.12 -24.12 -24.12 -24.12 -24.22 -24.19 -24.12 -24.12 -24.09 -24.19 -24.38 -24.50 -24.56 -24.53 -24.44 -24.31 -24.28 -24.34 -24.41 -24.25 -23.69
-26.72 -26.72 -26.75 -26.72 -26.69 -26.69 -26.72 -26.72 -26.59 -26.47 -26.44 -26.44 -26.47 -26.62 -26.84 -26.91 -26.91 -27.09 -27.25 -27.28 -27.28 -27.38 -27.38 -27.28 -27.25 -27.31 -27.25 -27.19 -27.09 -26.69 -26.19 -25.88 -25.56 -25.50 -25.38 -25.34 -25.19 -25.06 -24.78 -24.44 -24.09 -23.88 -23.84 -23.81 -23.81 -23.88 -24.00 -24.03 -24.00 -24.00 -24.12 -24.19 -24.16 -24.16 -24.22 -24.19 -24.12 -24.19 -24.19 -24.28 -24.44 -24.53 -24.53 -24.47 -24.28 -24.19 -24.22 -24.28 -24.34 -24.25 -23.72
-26.84 -26.81 -26.75 -26.66 -26.59 -26.56 -26.69 -26.72 -26.59 -26.31 -26.34 -26.41 -26.47 -26.56 -26.72 -26.75 -26.81 -27.03 -27.19 -27.19 -27.19 -27.25 -27.25 -27.16 -27.12 -27.16 -27.16 -27.09 -27.00 -26.66 -26.00 -25.69 -25.50 -25.41 -25.34 -25.34 -25.25 -25.06 -24.75 -24.38 -24.03 -23.81 -23.94 -24.06 -24.12 -24.16 -24.19 -24.22 -24.16 -24.12 -24.16 -24.19 -24.19 -24.19 -24.25 -24.22 -24.22 -24.28 -24.34 -24.41 -24.50 -24.50 -24.44 -24.28 -24.06 -24.00 -24.19 -24.31 -24.38 -24.25 -23.69
-26.94 -26.88 -26.69 -26.59 -26.66 -26.53 -26.53 -26.56 -26.53 -26.28 -26.06 -26.25 -26.41 -26.59 -26.75 -26.78 -26.75 -26.94 -27.09 -27.09 -27.19 -27.16 -27.09 -27.00 -26.97 -27.00 -27.00 -27.00 -26.91 -26.59 -25.94 -25.72 -25.59 -25.47 -25.34 -25.31 -25.28 -25.06 -24.78 -24.28 -24.03 -23.94 -23.97 -24.12 -24.16 -24.28 -24.34 -24.34 -24.28 -24.25 -24.19 -24.19 -24.22 -24.25 -24.28 -24.28 -24.34 -24.41 -24.41 -24.47 -24.50 -24.44 -24.31 -24.16 -24.03 -24.03 -24.22 -24.38 -24.44 -24.31 -23.69
-26.94 -26.84 -26.69 -26.62 -26.66 -26.50 -26.38 -26.34 -26.44 -26.38 -26.16 -26.22 -26.38 -26.56 -26.66 -26.69 -26.75 -26.91 -27.03 -27.06 -27.12 -27.09 -26.97 -26.91 -26.84 -26.84 -26.91 -26.94 -26.91 -26.78 -26.28 -25.66 -25.47 -25.38 -25.34 -25.22 -25.19 -25.00 -24.72 -24.31 -24.19 -24.12 -23.97 -24.03 -24.19 -24.25 -24.34 -24.31 -24.28 -24.25 -24.22 -24.19 -24.25 -24.25 -24.25 -24.31 -24.34 -24.38 -24.41 -24.44 -24.44 -24.28 -24.12 -24.06 -24.06 -24.09 -24.22 -24.38 -24.50 -24.38 -23.84
-26.84 -26.75 -26.56 -26.56 -26.59 -26.47 -26.25 -26.22 -26.34 -26.47 -26.44 -26.41 -26.44 -26.59 -26.59 -26.56 -26.69 -26.84 -26.97 -27.03 -27.00 -26.97 -26.91 -26.78 -26.75 -26.84 -26.97 -26.97 -26.94 -26.88 -26.50 -25.75 -25.44 -25.34 -25.34 -25.22 -25.16 -25.00 -24.72 -24.47 -24.38 -24.19 -24.03 -24.00 -24.12 -24.22 -24.25 -24.28 -24.25 -24.19 -24.22 -24.19 -24.22 -24.28 -24.28 -24.28 -24.31 -24.38 -24.44 -24.38 -24.25 -24.12 -24.03 -24.00 -24.06 -24.12 -24.25 -24.41 -24.50 -24.50 -24.06
-27.03 -26.81 -26.53 -26.31 -26.44 -26.47 -26.28 -26.25 -26.31 -26.38 -26.44 -26.50 -26.53 -26.59 -26.62 -26.50 -26.59 -26.72 -26.88 -26.88 -26.81 -26.84 -26.84 -26.69 -26.69 -26.88 -26.97 -27.03 -27.00 -26.97 -26.72 -26.12 -25.75 -25.59 -25.53 -25.41 -25.19 -25.03 -24.75 -24.56 -24.47 -24.31 -24.09 -24.09 -24.12 -24.22 -24.31 -24.38 -24.41 -24.34 -24.31 -24.25 -24.25 -24.28 -24.22 -24.25 -24.38 -24.44 -24.44 -24.31 -24.16 -24.09 -24.06 -24.03 -24.06 -24.19 -24.31 -24.47 -24.59 -24.56 -24.16
-27.09 -26.81 -26.47 -26.44 -26.56 -26.56 -26.38 -26.25 -26.25 -26.22 -26.31 -26.41 -26.47 -26.56 -26.56 -26.53 -26.62 -26.72 -26.81 -26.81 -26.75 -26.78 -26.75 -26.69 -26.69 -26.81 -26.94 -27.03 -27.12 -27.09 -26.94 -26.47 -25.97 -25.75 -25.59 -25.41 -25.19 -25.06 -24.88 -24.72 -24.56 -24.41 -24.25 -24.06 -24.12 -24.25 -24.31 -24.41 -24.44 -24.41 -24.31 -24.22 -24.25 -24.25 -24.25 -24.34 -24.44 -24.44 -24.38 -24.19 -24.09 -24.16 -24.16 -24.03 -24.06 -24.19 -24.38 -24.56 -24.66 -24.59 -24.16
-27.09 -26.81 -26.56 -26.62 -26.81 -26.69 -26.44 -26.25 -26.28 -26.25 -26.22 -26.22 -26.41 -26.56 -26.53 -26.53 -26.59 -26.75 -26.78 -26.81 -26.81 -26.81 -26.84 -26.78 -26.72 -26.78 -26.94 -27.12 -27.25 -27.22 -27.09 -26.75 -26.16 -25.81 -25.56 -25.41 -25.28 -25.25 -25.06 -24.78 -24.59 -24.47 -24.25 -24.06 -24.19 -24.34 -24.34 -24.41 -24.41 -24.34 -24.25 -24.16 -24.19 -24.28 -24.38 -24.44 -24.44 -24.31 -24.22 -24.06 -23.97 -24.12 -24.22 -24.12 -24.03 -24.09 -24.38 -24.59 -24.69 -24.59 -24.06
-27.16 -26.97 -26.88 -26.88 -26.94 -26.78 -26.47 -26.38 -26.41 -26.25 -26.12 -26.16 -26.41 -26.66 -26.66 -26.53 -26.56 -26.72 -26.78 -26.81 -26.84 -26.88 -26.91 -26.88 -26.81 -26.84 -27.09 -27.22 -27.31 -27.31 -27.25 -27.00 -26.41 -25.88 -25.59 -25.47 -25.47 -25.25 -25.03 -24.78 -24.59 -24.44 -24.25 -24.16 -24.28 -24.44 -24.44 -24.44 -24.41 -24.38 -24.28 -24.25 -24.22 -24.28 -24.41 -24.47 -24.34 -24.16 -24.03 -24.03 -23.94 -24.06 -24.19 -24.19 -24.09 -24.16 -24.38 -24.62 -24.69 -24.53 -23.91
-27.22 -27.16 -27.00 -27.03 -27.09 -26.88 -26.62 -26.47 -26.31 -26.12 -26.00 -26.03 -26.28 -26.62 -26.75 -26.66 -26.56 -26.72 -26.81 -26.88 -26.91 -26.88 -26.97 -26.94 -26.84 -26.91 -27.16 -27.28 -27.38 -27.41 -27.34 -27.16 -26.62 -25.94 -25.69 -25.56 -25.47 -25.28 -25.09 -24.91 -24.66 -24.47 -24.25 -24.25 -24.28 -24.41 -24.47 -24.53 -24.50 -24.44 -24.31 -24.25 -24.34 -24.34 -24.41 -24.41 -24.22 -24.03 -24.06 -24.06 -24.06 -24.16 -24.22 -24.28 -24.31 -24.38 -24.53 -24.69 -24.72 -24.47 -23.75
-27.41 -27.25 -27.22 -27.28 -27.28 -27.09 -26.81 -26.53 -26.22 -26.03 -25.94 -25.94 -26.09 -26.50 -26.75 -26.75 -26.56 -26.72 -26.81 -26.84 -26.91 -26.94 -26.91 -26.91 -26.84 -26.94 -27.16 -27.34 -27.47 -27.47 -27.41 -27.22 -26.78 -26.06 -25.75 -25.72 -25.53 -25.34 -25.19 -25.06 -24.84 -24.62 -24.34 -24.28 -24.34 -24.38 -24.47 -24.53 -24.50 -24.47 -24.34 -24.31 -24.44 -24.44 -24.34 -24.31 -24.19 -24.06 -24.16 -24.22 -24.22 -24.25 -24.28 -24.34 -24.47 -24.53 -24.69 -24.75 -24.72 -24.34 -23.53
-27.69 -27.50 -27.44 -27.44 -27.38 -27.25 -27.03 -26.75 -26.47 -26.34 -26.19 -26.09 -26.22 -26.47 -26.75 -26.88 -26.78 -26.88 -26.97 -27.00 -27.06 -27.03 -26.97 -26.97 -27.00 -27.12 -27.25 -27.44 -27.56 -27.56 -27.44 -27.28 -26.88 -26.25 -25.97 -25.78 -25.56 -25.31 -25.22 -25.09 -24.81 -24.59 -24.41 -24.38 -24.41 -24.41 -24.38 -24.44 -24.44 -24.44 -24.44 -24.47 -24.50 -24.47 -24.28 -24.19 -24.19 -24.22 -24.25 -24.34 -24.38 -24.38 -24.44 -24.44 -24.53 -24.66 -24.75 -24.78 -24.66 -24.19 -23.53
-27.81 -27.72 -27.66 -27.56 -27.50 -27.38 -27.09 -26.94 -26.72 -26.53 -26.47 -26.34 -26.38 -26.56 -26.81 -27.03 -27.09 -27.09 -27.12 -27.19 -27.19 -27.22 -27.16 -27.16 -27.19 -27.28 -27.41 -27.50 -27.59 -27.59 -27.44 -27.28 -26.91 -26.31 -26.12 -25.78 -25.47 -25.19 -25.09 -24.94 -24.72 -24.53 -24.50 -24.44 -24.44 -24.44 -24.34 -24.34 -24.38 -24.44 -24.50 -24.50 -24.50 -24.47 -24.34 -24.22 -24.25 -24.25 -24.31 -24.34 -24.34 -24.41 -24.50 -24.50 -24.53 -24.62 -24.75 -24.75 -24.50 -23.97 -23.50
