everonasctiles/Tile[37,34].asc
ncols 128
nrows 128
xllcorner 0
yllcorner 0
cellsize 2.0
NODATA_value  -9999
[rows 32 to 63 of 128, columns 0 to 70 of 128]
-64.53 -65.19 -65.75 -66.25 -66.66 -66.97 -67.19 -67.22 -67.06 -66.78 -66.31 -65.09 -63.25 -61.09 -59.03 -57.41 -56.47 -56.28 -56.59 -57.16 -57.72 -58.19 -58.38 -58.22 -57.81 -57.16 -56.41 -55.62 -55.00 -54.84 -55.16 -56.00 -57.28 -58.81 -60.16 -61.25 -62.25 -63.31 -64.44 -65.50 -66.41 -66.91 -67.28 -67.66 -67.94 -68.03 -68.00 -67.88 -67.84 -67.81 -67.81 -67.78 -67.69 -67.44 -67.09 -66.69 -66.06 -65.38 -64.69 -64.03 -63.59 -63.50 -63.69 -64.03 -64.44 -64.84 -65.09 -65.16 -65.03 -64.88 -64.97
-64.44 -65.31 -65.91 -66.38 -66.75 -67.03 -67.12 -67.03 -66.78 -66.41 -65.69 -64.16 -62.22 -60.19 -58.34 -56.84 -55.94 -55.84 -56.53 -57.50 -58.50 -59.25 -59.47 -59.34 -58.84 -58.06 -57.19 -56.25 -55.41 -54.69 -54.34 -54.72 -55.62 -56.78 -57.84 -58.84 -59.94 -61.16 -62.53 -63.94 -65.25 -66.25 -66.81 -67.31 -67.69 -67.81 -67.72 -67.44 -67.31 -67.31 -67.41 -67.44 -67.44 -67.28 -66.97 -66.59 -66.09 -65.28 -64.50 -63.94 -63.88 -64.12 -64.50 -64.91 -65.28 -65.44 -65.53 -65.56 -65.53 -65.41 -65.38
-64.31 -65.41 -66.12 -66.59 -66.94 -67.19 -67.22 -67.00 -66.62 -66.12 -65.06 -63.44 -61.53 -59.69 -58.09 -56.78 -55.88 -55.81 -56.69 -57.94 -59.25 -59.91 -60.12 -60.06 -59.75 -59.12 -58.25 -57.34 -56.44 -55.53 -54.72 -54.19 -54.44 -55.16 -55.97 -56.91 -58.00 -59.34 -60.91 -62.53 -64.19 -65.50 -66.34 -66.97 -67.38 -67.53 -67.38 -66.91 -66.41 -66.41 -66.78 -66.97 -67.06 -67.06 -66.84 -66.50 -66.16 -65.50 -64.75 -64.47 -64.69 -65.06 -65.41 -65.59 -65.72 -65.78 -65.81 -65.84 -65.84 -65.84 -65.88
-64.28 -65.31 -66.34 -66.84 -67.16 -67.38 -67.34 -67.03 -66.56 -65.91 -64.62 -63.03 -61.31 -59.66 -58.22 -56.97 -56.06 -56.00 -56.84 -58.16 -59.69 -60.47 -60.69 -60.62 -60.34 -59.84 -59.25 -58.56 -57.78 -56.75 -55.66 -54.66 -54.00 -54.22 -54.94 -55.91 -57.06 -58.50 -60.16 -61.97 -63.81 -65.06 -65.97 -66.56 -66.94 -67.16 -67.03 -66.50 -65.69 -65.31 -65.72 -66.38 -66.62 -66.69 -66.59 -66.38 -66.09 -65.66 -65.16 -65.16 -65.50 -65.72 -65.84 -65.94 -66.00 -66.09 -66.12 -66.16 -66.16 -66.16 -66.19
-64.62 -65.44 -66.50 -67.09 -67.44 -67.62 -67.53 -67.12 -66.62 -65.66 -64.22 -62.69 -61.12 -59.62 -58.31 -57.25 -56.56 -56.56 -57.28 -58.53 -60.09 -61.12 -61.34 -61.22 -60.81 -60.28 -59.66 -58.97 -58.28 -57.62 -56.44 -55.16 -54.16 -54.09 -55.00 -56.22 -57.59 -59.12 -60.88 -62.50 -63.78 -64.78 -65.56 -66.06 -66.38 -66.62 -66.66 -66.31 -65.53 -64.69 -64.75 -65.53 -66.16 -66.28 -66.28 -66.16 -65.97 -65.75 -65.66 -65.75 -65.91 -66.00 -66.12 -66.22 -66.31 -66.38 -66.44 -66.44 -66.44 -66.41 -66.41
-65.50 -66.00 -66.84 -67.44 -67.75 -67.88 -67.72 -67.34 -66.78 -65.50 -63.91 -62.25 -60.75 -59.56 -58.62 -57.88 -57.47 -57.59 -58.22 -59.31 -60.84 -61.91 -62.06 -61.81 -61.28 -60.62 -59.91 -59.16 -58.44 -57.75 -56.56 -55.31 -54.28 -54.22 -55.34 -57.03 -58.88 -60.19 -61.31 -62.47 -63.44 -64.28 -64.91 -65.34 -65.62 -65.97 -66.16 -66.00 -65.47 -64.62 -64.06 -64.62 -65.44 -65.84 -65.94 -65.97 -65.94 -65.94 -66.00 -66.06 -66.16 -66.28 -66.38 -66.50 -66.59 -66.66 -66.69 -66.69 -66.69 -66.66 -66.66
-66.66 -66.97 -67.50 -67.81 -68.06 -68.16 -67.97 -67.59 -67.03 -65.69 -63.91 -62.28 -61.06 -60.25 -59.50 -58.94 -58.81 -59.09 -59.72 -60.66 -62.03 -62.78 -62.75 -62.28 -61.56 -60.81 -60.00 -59.22 -58.44 -57.50 -56.38 -55.28 -54.38 -54.19 -55.31 -57.09 -59.06 -60.09 -61.03 -61.94 -62.75 -63.44 -63.97 -64.31 -64.66 -65.19 -65.53 -65.53 -65.22 -64.59 -63.66 -63.69 -64.34 -64.97 -65.47 -65.78 -65.97 -66.12 -66.25 -66.31 -66.41 -66.50 -66.62 -66.72 -66.81 -66.88 -66.91 -66.91 -66.91 -66.91 -66.88
-67.66 -67.84 -68.03 -68.19 -68.34 -68.38 -68.22 -67.88 -67.41 -66.19 -64.56 -63.22 -62.34 -61.59 -60.66 -60.19 -60.44 -60.94 -61.56 -62.44 -63.38 -63.62 -63.28 -62.53 -61.72 -60.81 -59.97 -59.12 -58.22 -57.28 -56.38 -55.47 -54.53 -54.06 -54.88 -56.34 -57.91 -59.28 -60.28 -61.22 -61.97 -62.38 -62.19 -62.34 -63.03 -64.12 -64.78 -64.94 -64.75 -64.28 -63.31 -62.84 -63.31 -64.12 -65.06 -65.72 -66.06 -66.28 -66.47 -66.56 -66.62 -66.72 -66.81 -66.91 -67.00 -67.06 -67.09 -67.09 -67.09 -67.09 -67.06
-68.12 -68.25 -68.38 -68.53 -68.62 -68.62 -68.44 -68.12 -67.72 -67.00 -65.78 -64.88 -64.16 -62.97 -61.69 -61.44 -62.12 -62.84 -63.50 -64.09 -64.41 -64.19 -63.53 -62.62 -61.62 -60.66 -59.66 -58.78 -57.94 -57.25 -56.56 -55.75 -54.75 -53.94 -54.12 -55.06 -56.19 -57.31 -58.62 -60.00 -60.62 -60.09 -59.88 -60.34 -61.38 -62.81 -63.91 -64.19 -64.19 -63.84 -62.91 -62.19 -62.62 -63.75 -64.97 -65.72 -66.16 -66.44 -66.66 -66.75 -66.84 -66.91 -66.97 -67.06 -67.16 -67.22 -67.25 -67.25 -67.25 -67.22 -67.16
-68.44 -68.56 -68.69 -68.78 -68.84 -68.84 -68.66 -68.38 -67.97 -67.50 -66.91 -66.31 -65.50 -63.81 -62.53 -62.59 -63.66 -64.56 -64.91 -65.12 -65.03 -64.50 -63.53 -62.38 -61.19 -60.25 -59.41 -58.66 -58.00 -57.59 -57.09 -56.12 -55.00 -53.94 -53.47 -53.84 -54.66 -55.75 -57.00 -58.12 -58.25 -57.81 -57.78 -58.50 -59.88 -61.53 -63.03 -63.44 -63.50 -63.25 -62.31 -61.69 -62.44 -63.81 -65.06 -65.72 -66.19 -66.50 -66.72 -66.81 -66.88 -66.94 -67.00 -67.09 -67.19 -67.25 -67.28 -67.28 -67.25 -67.22 -67.12
-68.72 -68.81 -68.91 -69.00 -69.06 -69.00 -68.84 -68.56 -68.19 -67.75 -67.25 -66.75 -66.03 -64.41 -63.38 -63.62 -64.81 -65.44 -65.69 -65.75 -65.38 -64.53 -63.28 -62.16 -61.38 -60.69 -59.94 -59.22 -58.81 -58.66 -58.03 -56.91 -55.62 -54.41 -53.47 -53.12 -53.59 -54.47 -55.47 -56.19 -56.16 -55.88 -56.03 -56.94 -58.44 -60.22 -61.88 -62.69 -62.78 -62.56 -61.62 -61.53 -62.66 -64.16 -65.09 -65.72 -66.16 -66.44 -66.59 -66.66 -66.69 -66.78 -66.88 -66.97 -67.06 -67.16 -67.19 -67.19 -67.16 -67.09 -67.00
-68.84 -68.94 -69.03 -69.12 -69.19 -69.12 -68.97 -68.72 -68.38 -68.00 -67.56 -67.09 -66.34 -65.06 -64.25 -64.56 -65.56 -66.09 -66.31 -66.22 -65.66 -64.75 -63.69 -63.00 -62.50 -61.91 -61.09 -60.41 -60.19 -60.16 -59.47 -58.22 -56.88 -55.50 -54.22 -53.41 -53.34 -53.84 -54.44 -54.78 -54.72 -54.53 -54.75 -55.69 -57.16 -58.84 -60.41 -61.75 -62.03 -61.72 -61.03 -61.72 -63.16 -64.31 -65.06 -65.62 -66.00 -66.22 -66.28 -66.31 -66.38 -66.47 -66.59 -66.72 -66.88 -66.97 -67.03 -67.00 -66.97 -66.91 -66.84
-68.75 -68.88 -69.00 -69.09 -69.19 -69.16 -69.00 -68.81 -68.53 -68.19 -67.81 -67.44 -66.84 -65.84 -65.25 -65.50 -66.25 -66.66 -66.81 -66.62 -66.16 -65.50 -64.88 -64.41 -64.00 -63.41 -62.59 -61.97 -61.84 -61.88 -61.22 -60.06 -58.69 -57.06 -55.53 -54.53 -54.28 -54.62 -55.03 -55.09 -54.72 -54.25 -54.12 -54.84 -56.12 -57.59 -59.09 -60.66 -61.22 -60.88 -61.16 -62.38 -63.44 -64.25 -64.91 -65.38 -65.66 -65.75 -65.75 -65.78 -65.88 -66.03 -66.25 -66.44 -66.62 -66.75 -66.78 -66.75 -66.69 -66.62 -66.62
-68.44 -68.66 -68.84 -69.00 -69.09 -69.12 -69.03 -68.84 -68.62 -68.34 -68.06 -67.78 -67.41 -66.69 -66.22 -66.41 -66.84 -67.09 -67.19 -67.03 -66.72 -66.41 -66.09 -65.75 -65.41 -64.88 -64.16 -63.59 -63.47 -63.47 -63.09 -62.09 -60.62 -58.84 -57.19 -56.19 -56.00 -56.44 -56.94 -56.91 -56.16 -55.12 -54.41 -54.66 -55.66 -56.94 -58.41 -60.03 -60.62 -60.94 -61.72 -62.56 -63.34 -64.00 -64.53 -64.81 -65.00 -65.06 -65.09 -65.12 -65.19 -65.47 -65.78 -66.06 -66.31 -66.47 -66.50 -66.38 -66.25 -66.19 -66.31
-67.94 -68.31 -68.62 -68.84 -69.00 -69.06 -69.03 -68.91 -68.75 -68.50 -68.28 -68.03 -67.81 -67.41 -67.06 -67.16 -67.31 -67.47 -67.50 -67.41 -67.22 -66.97 -66.69 -66.41 -66.12 -65.81 -65.44 -64.97 -64.59 -64.34 -64.19 -63.84 -62.44 -60.66 -59.16 -58.31 -58.25 -58.81 -59.47 -59.31 -58.00 -56.34 -55.12 -55.03 -55.94 -57.22 -58.81 -59.81 -60.31 -60.81 -61.50 -62.28 -62.97 -63.50 -63.88 -64.06 -64.22 -64.28 -64.31 -64.28 -64.06 -64.28 -64.97 -65.53 -65.91 -66.16 -66.16 -65.91 -65.62 -65.56 -65.84
-66.94 -67.72 -68.44 -68.75 -68.94 -69.03 -69.03 -68.97 -68.84 -68.66 -68.47 -68.25 -68.06 -67.84 -67.62 -67.62 -67.69 -67.75 -67.78 -67.72 -67.56 -67.38 -67.09 -66.84 -66.59 -66.31 -66.03 -65.69 -65.34 -65.12 -65.00 -64.81 -64.06 -62.59 -61.41 -60.75 -60.81 -61.47 -61.56 -61.03 -59.53 -57.38 -55.84 -55.62 -56.62 -58.06 -59.00 -59.53 -59.81 -59.75 -59.78 -60.69 -61.88 -62.59 -63.03 -63.25 -63.41 -63.47 -63.44 -63.12 -62.41 -62.62 -63.59 -64.72 -65.34 -65.72 -65.72 -65.34 -64.91 -64.75 -65.28
-66.22 -67.34 -68.31 -68.69 -68.91 -69.03 -69.09 -69.03 -68.94 -68.78 -68.59 -68.41 -68.25 -68.09 -67.97 -67.94 -67.97 -68.00 -68.03 -68.00 -67.88 -67.72 -67.50 -67.28 -67.06 -66.84 -66.59 -66.31 -66.06 -65.88 -65.78 -65.66 -65.34 -64.47 -63.66 -63.25 -63.16 -62.91 -62.38 -61.66 -60.47 -58.28 -56.62 -56.22 -57.34 -58.25 -58.75 -59.00 -58.81 -57.69 -57.41 -58.03 -59.06 -60.06 -60.75 -61.25 -61.91 -62.38 -62.25 -61.34 -60.56 -60.84 -62.09 -63.72 -64.59 -65.09 -65.19 -64.78 -64.19 -63.91 -64.66
-66.19 -67.50 -68.31 -68.66 -68.91 -69.09 -69.16 -69.12 -69.00 -68.88 -68.72 -68.56 -68.41 -68.28 -68.19 -68.16 -68.16 -68.19 -68.22 -68.19 -68.12 -68.00 -67.84 -67.66 -67.50 -67.34 -67.12 -66.88 -66.66 -66.53 -66.50 -66.38 -66.16 -65.78 -65.34 -64.84 -64.38 -63.81 -63.00 -61.97 -60.94 -59.50 -57.66 -56.75 -57.47 -58.00 -58.25 -58.22 -57.34 -55.91 -55.16 -55.25 -55.88 -56.69 -57.44 -58.16 -58.97 -59.62 -59.75 -59.16 -58.59 -59.06 -60.53 -62.47 -63.69 -64.28 -64.50 -64.19 -63.56 -63.22 -64.06
-66.75 -67.78 -68.31 -68.66 -68.94 -69.09 -69.19 -69.19 -69.06 -68.97 -68.81 -68.69 -68.53 -68.44 -68.34 -68.31 -68.31 -68.31 -68.34 -68.34 -68.31 -68.22 -68.12 -67.97 -67.88 -67.72 -67.56 -67.34 -67.16 -67.12 -67.12 -67.03 -66.84 -66.59 -66.19 -65.72 -65.12 -64.28 -63.12 -62.00 -60.78 -59.47 -58.16 -57.03 -57.19 -57.53 -57.59 -57.31 -56.03 -54.44 -53.19 -52.62 -52.75 -53.28 -54.00 -54.81 -55.66 -56.34 -56.72 -56.69 -56.59 -57.34 -58.97 -61.03 -62.62 -63.31 -63.62 -63.44 -62.94 -62.59 -63.41
-67.31 -67.91 -68.31 -68.66 -68.91 -69.09 -69.16 -69.12 -69.03 -68.94 -68.84 -68.72 -68.62 -68.53 -68.44 -68.41 -68.41 -68.41 -68.44 -68.44 -68.44 -68.41 -68.31 -68.25 -68.16 -68.03 -67.88 -67.75 -67.66 -67.66 -67.69 -67.59 -67.38 -67.06 -66.62 -66.06 -65.28 -64.12 -62.81 -60.94 -58.94 -57.44 -56.56 -56.38 -56.72 -56.94 -56.91 -56.47 -55.00 -53.28 -51.69 -50.56 -50.16 -50.31 -50.84 -51.53 -52.28 -53.03 -53.66 -54.09 -54.56 -55.59 -57.34 -59.47 -61.44 -62.25 -62.62 -62.53 -62.22 -61.91 -62.56
-67.44 -67.91 -68.31 -68.66 -68.84 -68.97 -69.00 -68.97 -68.88 -68.78 -68.69 -68.62 -68.53 -68.47 -68.44 -68.41 -68.41 -68.44 -68.47 -68.53 -68.53 -68.53 -68.50 -68.44 -68.38 -68.28 -68.19 -68.09 -68.06 -68.09 -68.06 -67.94 -67.66 -67.25 -66.72 -66.00 -64.94 -63.19 -60.84 -58.56 -56.66 -55.31 -54.81 -55.12 -55.97 -56.31 -56.25 -55.72 -54.22 -52.41 -50.69 -49.28 -48.44 -48.16 -48.31 -48.69 -49.22 -49.94 -50.75 -51.59 -52.50 -53.81 -55.72 -58.06 -60.22 -61.09 -61.50 -61.50 -61.25 -61.03 -61.62
-67.47 -67.91 -68.28 -68.56 -68.72 -68.78 -68.75 -68.69 -68.62 -68.53 -68.44 -68.38 -68.31 -68.28 -68.28 -68.28 -68.31 -68.38 -68.44 -68.53 -68.59 -68.62 -68.62 -68.59 -68.56 -68.47 -68.38 -68.31 -68.28 -68.22 -68.12 -67.91 -67.59 -67.12 -66.50 -65.59 -63.91 -61.38 -58.62 -56.19 -54.31 -53.22 -53.03 -53.62 -54.72 -55.56 -55.62 -55.19 -53.91 -52.06 -50.41 -49.03 -47.97 -47.19 -46.72 -46.56 -46.72 -47.22 -48.12 -49.22 -50.50 -52.12 -54.31 -57.00 -59.12 -59.88 -60.28 -60.34 -60.09 -59.91 -60.50
-67.44 -67.84 -68.19 -68.41 -68.50 -68.53 -68.47 -68.41 -68.31 -68.19 -68.12 -68.06 -68.00 -68.00 -68.03 -68.06 -68.16 -68.25 -68.34 -68.47 -68.56 -68.62 -68.69 -68.69 -68.62 -68.53 -68.44 -68.34 -68.22 -68.06 -67.84 -67.59 -67.28 -66.84 -66.16 -65.03 -62.62 -59.72 -56.75 -54.16 -52.25 -51.22 -51.19 -51.94 -53.12 -54.44 -54.94 -54.72 -53.91 -52.56 -51.00 -49.78 -48.81 -47.81 -46.66 -45.59 -45.00 -45.09 -45.84 -47.06 -48.62 -50.66 -53.22 -56.12 -58.06 -58.72 -59.06 -58.97 -58.56 -58.66 -59.38
-67.41 -67.78 -68.06 -68.22 -68.25 -68.22 -68.12 -67.97 -67.78 -67.59 -67.53 -67.53 -67.59 -67.66 -67.72 -67.84 -67.94 -68.06 -68.19 -68.34 -68.47 -68.59 -68.69 -68.69 -68.59 -68.47 -68.34 -68.16 -67.97 -67.69 -67.34 -66.97 -66.75 -66.44 -65.78 -64.47 -61.69 -58.56 -55.50 -52.81 -50.75 -49.56 -49.44 -50.19 -51.41 -52.84 -53.97 -54.16 -53.72 -52.88 -51.84 -50.94 -50.12 -49.00 -47.41 -45.75 -44.34 -43.69 -44.09 -45.28 -47.06 -49.31 -51.97 -54.56 -56.38 -57.03 -57.06 -56.94 -57.00 -57.44 -58.47
-67.38 -67.72 -67.94 -68.00 -67.94 -67.78 -67.38 -66.88 -66.41 -66.09 -66.03 -66.16 -66.41 -66.72 -67.06 -67.41 -67.62 -67.81 -68.00 -68.19 -68.38 -68.53 -68.62 -68.62 -68.50 -68.34 -68.16 -67.91 -67.59 -67.16 -66.59 -66.09 -65.84 -65.75 -65.28 -64.03 -61.44 -58.22 -55.16 -52.44 -50.22 -48.69 -48.12 -48.62 -49.78 -51.22 -52.75 -53.38 -53.28 -52.75 -51.97 -51.16 -50.41 -49.62 -48.06 -46.19 -44.41 -43.09 -42.94 -43.94 -45.62 -47.78 -50.06 -52.03 -53.38 -54.16 -54.62 -55.00 -55.50 -56.44 -57.75
-67.41 -67.75 -67.91 -67.88 -67.66 -67.09 -66.28 -65.47 -64.84 -64.44 -64.34 -64.47 -64.78 -65.22 -65.75 -66.34 -66.94 -67.44 -67.78 -68.03 -68.28 -68.44 -68.56 -68.53 -68.41 -68.19 -67.91 -67.53 -66.91 -66.16 -65.31 -64.53 -64.41 -64.62 -64.56 -63.69 -61.91 -58.84 -55.81 -53.12 -50.78 -48.84 -47.62 -47.59 -48.50 -49.84 -51.31 -52.41 -52.62 -52.34 -51.75 -51.06 -50.34 -49.66 -48.34 -46.47 -44.59 -43.09 -42.44 -43.00 -44.31 -46.00 -47.75 -49.28 -50.53 -51.53 -52.38 -53.22 -54.25 -55.66 -56.94
-67.53 -67.78 -67.88 -67.78 -67.47 -66.78 -65.72 -64.69 -63.84 -63.31 -63.06 -63.09 -63.34 -63.81 -64.53 -65.44 -66.38 -67.12 -67.59 -67.94 -68.19 -68.38 -68.50 -68.47 -68.28 -68.03 -67.69 -67.06 -66.03 -64.94 -63.88 -62.91 -62.53 -63.19 -63.44 -63.00 -61.88 -60.09 -57.25 -54.50 -51.94 -49.66 -48.00 -47.41 -47.88 -48.88 -50.12 -51.41 -51.91 -51.81 -51.38 -50.81 -50.16 -49.38 -47.97 -46.34 -44.72 -43.41 -42.72 -42.78 -43.44 -44.47 -45.66 -46.88 -48.06 -49.22 -50.34 -51.59 -53.03 -54.69 -56.09
-67.62 -67.84 -67.88 -67.75 -67.44 -66.91 -65.97 -64.94 -64.09 -63.47 -63.03 -62.69 -62.69 -63.16 -64.06 -65.25 -66.41 -67.06 -67.50 -67.84 -68.06 -68.25 -68.38 -68.38 -68.19 -67.88 -67.50 -66.75 -65.50 -64.16 -62.84 -61.62 -60.91 -61.12 -61.97 -61.97 -61.28 -60.22 -58.69 -55.81 -52.97 -50.47 -48.75 -48.12 -48.31 -48.75 -49.41 -50.34 -51.16 -51.25 -50.94 -50.41 -49.62 -48.53 -47.31 -46.03 -44.88 -44.03 -43.72 -43.75 -43.78 -43.84 -44.28 -45.06 -46.09 -47.22 -48.50 -49.94 -51.53 -53.16 -54.53
-67.69 -67.84 -67.84 -67.69 -67.44 -67.06 -66.47 -65.81 -65.16 -64.56 -63.97 -63.41 -63.06 -63.41 -64.41 -65.62 -66.41 -66.94 -67.38 -67.66 -67.88 -68.06 -68.25 -68.28 -68.09 -67.78 -67.34 -66.78 -65.69 -64.25 -62.69 -61.12 -59.84 -59.38 -59.84 -60.56 -60.44 -59.66 -58.66 -56.09 -53.28 -50.97 -49.56 -49.34 -49.59 -49.72 -49.56 -49.69 -50.19 -50.50 -50.19 -49.50 -48.69 -47.78 -46.97 -46.25 -45.66 -45.22 -45.22 -45.44 -45.34 -44.81 -44.28 -44.22 -44.75 -45.66 -46.81 -48.16 -49.66 -51.19 -52.53
-67.69 -67.81 -67.75 -67.59 -67.38 -67.06 -66.72 -66.28 -65.81 -65.31 -64.84 -64.34 -63.75 -63.91 -64.91 -65.69 -66.25 -66.72 -67.03 -67.31 -67.59 -67.84 -68.03 -68.12 -68.00 -67.69 -67.28 -66.78 -66.12 -64.84 -63.12 -61.19 -59.44 -58.25 -57.94 -58.19 -58.47 -58.19 -57.03 -55.03 -52.91 -51.28 -50.59 -50.84 -51.28 -51.22 -50.53 -49.78 -49.50 -49.53 -49.31 -48.94 -48.47 -48.06 -47.75 -47.47 -47.09 -46.81 -46.94 -47.38 -47.28 -46.41 -45.44 -44.78 -44.56 -44.81 -45.47 -46.50 -47.75 -49.12 -50.38
-67.59 -67.69 -67.59 -67.44 -67.22 -66.97 -66.69 -66.38 -65.97 -65.56 -65.12 -64.72 -64.28 -64.25 -64.97 -65.47 -65.94 -66.25 -66.53 -66.88 -67.22 -67.53 -67.81 -67.97 -67.91 -67.62 -67.22 -66.75 -66.28 -65.22 -63.38 -61.31 -59.38 -57.84 -56.88 -56.50 -56.31 -55.94 -55.12 -53.88 -52.66 -51.91 -51.97 -52.50 -52.59 -52.22 -51.28 -50.19 -49.59 -49.56 -49.59 -49.53 -49.38 -49.25 -49.22 -49.12 -48.81 -48.50 -48.66 -49.16 -49.03 -48.03 -46.91 -46.12 -45.66 -45.28 -45.06 -45.38 -46.19 -47.25 -48.41
-67.47 -67.50 -67.41 -67.22 -66.97 -66.72 -66.44 -66.12 -65.84 -65.50 -65.16 -64.78 -64.41 -64.28 -64.75 -65.12 -65.44 -65.66 -65.84 -66.22 -66.78 -67.22 -67.53 -67.75 -67.78 -67.56 -67.19 -66.75 -66.25 -65.12 -63.34 -61.38 -59.59 -58.09 -57.00 -56.22 -55.59 -55.00 -54.38 -53.72 -53.25 -53.16 -53.53 -53.56 -53.16 -52.66 -51.50 -50.50 -50.06 -50.19 -50.47 -50.62 -50.62 -50.62 -50.72 -50.69 -50.38 -50.06 -50.06 -50.06 -49.88 -49.34 -48.41 -47.75 -47.25 -46.66 -45.91 -45.34 -45.28 -45.91 -46.84
