everonasctiles/Tile[49,25].asc
ncols 128
nrows 128
xllcorner 0
yllcorner 0
cellsize 2.0
NODATA_value  -9999
[rows 29 to 57 of 128, columns 0 to 66 of 128]
-127.09 -127.19 -127.31 -127.44 -127.56 -127.72 -127.91 -128.09 -128.25 -128.44 -128.62 -128.81 -129.03 -129.22 -129.41 -129.59 -129.75 -129.84 -129.91 -130.00 -130.06 -130.19 -130.34 -130.56 -130.75 -130.97 -131.22 -131.44 -131.69 -131.94 -132.19 -132.44 -132.69 -132.94 -133.12 -133.31 -133.44 -133.53 -133.56 -133.59 -133.59 -133.59 -133.62 -133.62 -133.62 -133.59 -133.50 -133.41 -133.28 -133.16 -133.00 -132.88 -132.78 -132.66 -132.56 -132.50 -132.44 -132.41 -132.41 -132.44 -132.53 -132.59 -132.69 -132.75 -132.78 -132.78 -132.72
-127.09 -127.19 -127.31 -127.44 -127.56 -127.69 -127.88 -128.03 -128.22 -128.44 -128.66 -128.88 -129.12 -129.34 -129.53 -129.72 -129.91 -130.03 -130.09 -130.19 -130.25 -130.31 -130.38 -130.47 -130.66 -130.84 -131.09 -131.34 -131.59 -131.88 -132.16 -132.41 -132.69 -132.94 -133.16 -133.34 -133.50 -133.59 -133.69 -133.72 -133.72 -133.72 -133.75 -133.75 -133.75 -133.75 -133.69 -133.59 -133.47 -133.34 -133.22 -133.09 -133.00 -132.88 -132.78 -132.69 -132.62 -132.59 -132.56 -132.59 -132.62 -132.69 -132.78 -132.84 -132.88 -132.88 -132.84
-127.09 -127.19 -127.31 -127.41 -127.53 -127.66 -127.81 -127.97 -128.16 -128.38 -128.62 -128.88 -129.16 -129.41 -129.62 -129.84 -130.03 -130.19 -130.28 -130.38 -130.44 -130.50 -130.53 -130.56 -130.56 -130.69 -130.94 -131.22 -131.50 -131.81 -132.12 -132.41 -132.69 -132.94 -133.19 -133.38 -133.53 -133.66 -133.75 -133.78 -133.81 -133.84 -133.84 -133.88 -133.88 -133.88 -133.84 -133.78 -133.69 -133.56 -133.44 -133.31 -133.19 -133.06 -132.97 -132.91 -132.84 -132.78 -132.75 -132.72 -132.75 -132.78 -132.84 -132.91 -132.97 -132.97 -132.94
-127.06 -127.19 -127.28 -127.38 -127.47 -127.59 -127.72 -127.88 -128.06 -128.31 -128.56 -128.84 -129.16 -129.41 -129.69 -129.91 -130.12 -130.31 -130.47 -130.56 -130.66 -130.69 -130.72 -130.75 -130.75 -130.78 -130.94 -131.25 -131.53 -131.84 -132.16 -132.44 -132.72 -132.97 -133.22 -133.44 -133.59 -133.72 -133.81 -133.88 -133.91 -133.94 -133.97 -133.97 -134.00 -134.00 -134.00 -133.97 -133.88 -133.78 -133.66 -133.50 -133.38 -133.25 -133.19 -133.12 -133.06 -133.00 -132.94 -132.88 -132.84 -132.88 -132.91 -132.97 -133.03 -133.03 -133.03
-127.03 -127.16 -127.25 -127.34 -127.44 -127.50 -127.59 -127.75 -127.94 -128.22 -128.50 -128.81 -129.12 -129.41 -129.69 -129.97 -130.22 -130.44 -130.62 -130.75 -130.84 -130.91 -130.94 -130.97 -130.97 -131.03 -131.19 -131.44 -131.72 -132.00 -132.25 -132.53 -132.78 -133.03 -133.28 -133.47 -133.66 -133.78 -133.88 -133.97 -134.00 -134.03 -134.06 -134.09 -134.12 -134.12 -134.12 -134.12 -134.06 -133.97 -133.84 -133.69 -133.56 -133.47 -133.38 -133.34 -133.28 -133.22 -133.12 -133.03 -133.00 -132.97 -133.00 -133.03 -133.09 -133.12 -133.12
-127.03 -127.12 -127.22 -127.31 -127.41 -127.44 -127.53 -127.62 -127.81 -128.12 -128.47 -128.78 -129.09 -129.38 -129.69 -130.00 -130.28 -130.53 -130.75 -130.91 -131.03 -131.09 -131.16 -131.16 -131.19 -131.25 -131.38 -131.62 -131.88 -132.12 -132.38 -132.62 -132.88 -133.12 -133.34 -133.53 -133.72 -133.84 -133.97 -134.06 -134.09 -134.16 -134.19 -134.22 -134.22 -134.25 -134.25 -134.25 -134.22 -134.12 -134.00 -133.88 -133.75 -133.66 -133.59 -133.56 -133.53 -133.44 -133.34 -133.22 -133.16 -133.09 -133.09 -133.12 -133.16 -133.19 -133.19
-127.00 -127.12 -127.25 -127.34 -127.44 -127.53 -127.59 -127.69 -127.88 -128.16 -128.47 -128.78 -129.09 -129.41 -129.72 -130.03 -130.31 -130.59 -130.84 -131.03 -131.19 -131.28 -131.34 -131.38 -131.41 -131.44 -131.56 -131.75 -132.00 -132.25 -132.53 -132.75 -133.00 -133.22 -133.41 -133.59 -133.78 -133.94 -134.03 -134.12 -134.22 -134.25 -134.31 -134.34 -134.38 -134.38 -134.38 -134.38 -134.34 -134.28 -134.19 -134.06 -133.94 -133.88 -133.81 -133.78 -133.75 -133.69 -133.56 -133.44 -133.34 -133.25 -133.22 -133.22 -133.22 -133.25 -133.28
-126.97 -127.12 -127.28 -127.41 -127.53 -127.62 -127.75 -127.91 -128.06 -128.31 -128.56 -128.84 -129.16 -129.44 -129.75 -130.09 -130.38 -130.69 -130.94 -131.16 -131.31 -131.44 -131.53 -131.56 -131.56 -131.62 -131.72 -131.88 -132.09 -132.38 -132.62 -132.88 -133.09 -133.28 -133.47 -133.66 -133.81 -133.97 -134.09 -134.22 -134.31 -134.38 -134.41 -134.47 -134.50 -134.50 -134.50 -134.50 -134.47 -134.41 -134.34 -134.22 -134.16 -134.06 -134.03 -134.03 -134.00 -133.91 -133.78 -133.66 -133.53 -133.44 -133.38 -133.34 -133.31 -133.34 -133.34
-126.94 -127.12 -127.31 -127.47 -127.62 -127.75 -127.91 -128.06 -128.25 -128.47 -128.69 -128.97 -129.25 -129.53 -129.84 -130.16 -130.44 -130.75 -131.00 -131.25 -131.44 -131.59 -131.69 -131.72 -131.72 -131.75 -131.84 -132.00 -132.19 -132.44 -132.69 -132.94 -133.16 -133.34 -133.53 -133.69 -133.84 -134.00 -134.12 -134.25 -134.38 -134.47 -134.53 -134.56 -134.62 -134.62 -134.62 -134.62 -134.59 -134.56 -134.47 -134.41 -134.34 -134.28 -134.28 -134.25 -134.22 -134.12 -134.00 -133.88 -133.72 -133.59 -133.53 -133.47 -133.44 -133.41 -133.44
-126.91 -127.16 -127.34 -127.53 -127.72 -127.91 -128.06 -128.25 -128.44 -128.62 -128.84 -129.09 -129.34 -129.62 -129.94 -130.22 -130.50 -130.81 -131.06 -131.31 -131.53 -131.69 -131.81 -131.84 -131.88 -131.88 -131.97 -132.09 -132.28 -132.50 -132.75 -132.97 -133.19 -133.38 -133.56 -133.69 -133.84 -134.00 -134.16 -134.28 -134.41 -134.53 -134.62 -134.69 -134.72 -134.75 -134.75 -134.75 -134.72 -134.69 -134.62 -134.56 -134.53 -134.50 -134.50 -134.47 -134.41 -134.34 -134.22 -134.06 -133.91 -133.78 -133.69 -133.59 -133.56 -133.53 -133.53
-126.91 -127.16 -127.41 -127.62 -127.84 -128.03 -128.25 -128.44 -128.62 -128.81 -129.03 -129.25 -129.47 -129.75 -130.00 -130.28 -130.56 -130.84 -131.12 -131.38 -131.59 -131.78 -131.91 -131.97 -131.97 -132.00 -132.06 -132.16 -132.31 -132.53 -132.75 -132.97 -133.19 -133.41 -133.56 -133.72 -133.84 -134.00 -134.12 -134.28 -134.44 -134.56 -134.69 -134.78 -134.84 -134.88 -134.88 -134.88 -134.84 -134.81 -134.78 -134.75 -134.72 -134.69 -134.69 -134.66 -134.62 -134.53 -134.41 -134.25 -134.09 -133.97 -133.84 -133.75 -133.69 -133.66 -133.62
-126.91 -127.19 -127.47 -127.72 -127.97 -128.19 -128.41 -128.59 -128.78 -129.00 -129.19 -129.41 -129.62 -129.84 -130.09 -130.38 -130.62 -130.91 -131.16 -131.41 -131.62 -131.81 -131.97 -132.06 -132.06 -132.09 -132.12 -132.22 -132.38 -132.53 -132.75 -132.97 -133.19 -133.38 -133.56 -133.72 -133.84 -133.97 -134.12 -134.28 -134.44 -134.59 -134.72 -134.84 -134.94 -134.97 -135.00 -135.00 -134.97 -134.94 -134.91 -134.91 -134.88 -134.88 -134.88 -134.84 -134.81 -134.69 -134.56 -134.44 -134.28 -134.16 -134.03 -133.94 -133.88 -133.81 -133.75
-126.94 -127.22 -127.50 -127.78 -128.06 -128.31 -128.53 -128.75 -128.97 -129.16 -129.34 -129.56 -129.78 -130.00 -130.22 -130.44 -130.69 -130.94 -131.22 -131.44 -131.66 -131.84 -132.00 -132.12 -132.16 -132.19 -132.22 -132.28 -132.41 -132.56 -132.72 -132.94 -133.16 -133.34 -133.53 -133.69 -133.81 -133.97 -134.09 -134.25 -134.44 -134.59 -134.75 -134.88 -134.97 -135.06 -135.09 -135.09 -135.09 -135.09 -135.06 -135.03 -135.03 -135.03 -135.03 -135.03 -134.97 -134.88 -134.75 -134.59 -134.47 -134.34 -134.22 -134.12 -134.06 -133.97 -133.91
-126.94 -127.25 -127.56 -127.84 -128.12 -128.41 -128.66 -128.88 -129.09 -129.28 -129.50 -129.72 -129.94 -130.12 -130.34 -130.56 -130.78 -131.00 -131.25 -131.50 -131.69 -131.91 -132.06 -132.16 -132.25 -132.28 -132.31 -132.34 -132.44 -132.56 -132.72 -132.91 -133.12 -133.31 -133.50 -133.69 -133.81 -133.94 -134.09 -134.25 -134.44 -134.59 -134.78 -134.91 -135.03 -135.12 -135.19 -135.22 -135.22 -135.22 -135.19 -135.19 -135.19 -135.19 -135.19 -135.16 -135.09 -135.03 -134.91 -134.78 -134.66 -134.53 -134.41 -134.31 -134.25 -134.16 -134.09
-126.97 -127.28 -127.59 -127.91 -128.19 -128.47 -128.72 -128.97 -129.19 -129.38 -129.59 -129.81 -130.03 -130.25 -130.47 -130.66 -130.88 -131.09 -131.31 -131.53 -131.72 -131.94 -132.09 -132.22 -132.31 -132.38 -132.44 -132.47 -132.50 -132.59 -132.75 -132.91 -133.09 -133.28 -133.47 -133.66 -133.81 -133.97 -134.09 -134.25 -134.41 -134.59 -134.78 -134.94 -135.06 -135.19 -135.25 -135.31 -135.31 -135.31 -135.31 -135.31 -135.31 -135.31 -135.31 -135.28 -135.25 -135.16 -135.06 -134.94 -134.81 -134.72 -134.62 -134.53 -134.44 -134.38 -134.28
-126.97 -127.28 -127.59 -127.91 -128.22 -128.50 -128.78 -129.03 -129.25 -129.47 -129.69 -129.91 -130.12 -130.38 -130.56 -130.78 -130.97 -131.16 -131.34 -131.56 -131.75 -131.97 -132.12 -132.28 -132.41 -132.50 -132.53 -132.56 -132.59 -132.66 -132.75 -132.91 -133.06 -133.25 -133.44 -133.62 -133.81 -133.97 -134.12 -134.25 -134.44 -134.59 -134.78 -134.94 -135.09 -135.22 -135.31 -135.38 -135.41 -135.44 -135.44 -135.44 -135.44 -135.44 -135.44 -135.41 -135.34 -135.28 -135.19 -135.09 -135.00 -134.91 -134.81 -134.72 -134.66 -134.56 -134.47
-126.97 -127.28 -127.59 -127.91 -128.22 -128.53 -128.81 -129.09 -129.31 -129.56 -129.78 -130.00 -130.22 -130.47 -130.69 -130.88 -131.06 -131.25 -131.41 -131.59 -131.78 -132.00 -132.19 -132.34 -132.47 -132.59 -132.66 -132.72 -132.72 -132.72 -132.78 -132.91 -133.06 -133.22 -133.41 -133.59 -133.78 -133.97 -134.12 -134.28 -134.47 -134.62 -134.81 -134.97 -135.12 -135.28 -135.38 -135.47 -135.50 -135.53 -135.56 -135.56 -135.56 -135.53 -135.50 -135.50 -135.44 -135.41 -135.34 -135.25 -135.19 -135.09 -135.00 -134.94 -134.84 -134.75 -134.66
-126.97 -127.28 -127.59 -127.91 -128.22 -128.50 -128.81 -129.09 -129.38 -129.66 -129.88 -130.12 -130.34 -130.59 -130.81 -131.03 -131.22 -131.38 -131.53 -131.69 -131.84 -132.03 -132.22 -132.41 -132.56 -132.69 -132.78 -132.84 -132.84 -132.84 -132.84 -132.91 -133.03 -133.19 -133.38 -133.56 -133.75 -133.94 -134.12 -134.31 -134.47 -134.66 -134.81 -135.00 -135.16 -135.31 -135.44 -135.53 -135.59 -135.66 -135.66 -135.66 -135.66 -135.62 -135.59 -135.56 -135.53 -135.50 -135.47 -135.41 -135.34 -135.28 -135.19 -135.12 -135.06 -134.97 -134.84
-127.00 -127.28 -127.56 -127.88 -128.16 -128.47 -128.78 -129.12 -129.44 -129.72 -130.00 -130.25 -130.50 -130.72 -130.94 -131.16 -131.38 -131.53 -131.69 -131.84 -131.97 -132.16 -132.31 -132.50 -132.66 -132.78 -132.91 -132.97 -132.97 -132.97 -132.97 -132.97 -133.03 -133.19 -133.34 -133.53 -133.69 -133.91 -134.09 -134.28 -134.47 -134.62 -134.81 -135.00 -135.16 -135.31 -135.47 -135.59 -135.69 -135.75 -135.78 -135.78 -135.75 -135.72 -135.69 -135.66 -135.62 -135.59 -135.56 -135.53 -135.50 -135.44 -135.38 -135.31 -135.25 -135.16 -135.03
-126.97 -127.25 -127.53 -127.81 -128.09 -128.41 -128.75 -129.12 -129.47 -129.78 -130.09 -130.38 -130.62 -130.88 -131.09 -131.31 -131.53 -131.72 -131.88 -132.03 -132.19 -132.31 -132.47 -132.62 -132.78 -132.94 -133.03 -133.12 -133.16 -133.16 -133.16 -133.12 -133.12 -133.19 -133.31 -133.47 -133.66 -133.84 -134.03 -134.22 -134.41 -134.59 -134.78 -134.97 -135.16 -135.34 -135.50 -135.62 -135.75 -135.84 -135.88 -135.88 -135.84 -135.81 -135.78 -135.75 -135.72 -135.69 -135.69 -135.66 -135.62 -135.59 -135.53 -135.47 -135.41 -135.31 -135.22
-126.91 -127.19 -127.44 -127.72 -128.03 -128.38 -128.72 -129.09 -129.47 -129.81 -130.16 -130.47 -130.75 -131.00 -131.25 -131.47 -131.69 -131.91 -132.09 -132.25 -132.41 -132.53 -132.66 -132.81 -132.97 -133.09 -133.22 -133.31 -133.34 -133.38 -133.38 -133.38 -133.34 -133.34 -133.31 -133.41 -133.56 -133.75 -133.94 -134.09 -134.28 -134.50 -134.69 -134.91 -135.12 -135.31 -135.50 -135.66 -135.78 -135.91 -135.94 -135.94 -135.94 -135.91 -135.88 -135.84 -135.81 -135.81 -135.78 -135.78 -135.75 -135.72 -135.69 -135.62 -135.56 -135.47 -135.38
-126.88 -127.12 -127.38 -127.66 -127.97 -128.31 -128.69 -129.09 -129.47 -129.84 -130.19 -130.50 -130.81 -131.09 -131.34 -131.59 -131.84 -132.06 -132.25 -132.44 -132.62 -132.75 -132.88 -133.00 -133.16 -133.31 -133.44 -133.50 -133.56 -133.59 -133.59 -133.59 -133.59 -133.56 -133.50 -133.41 -133.44 -133.62 -133.81 -134.00 -134.19 -134.38 -134.59 -134.81 -135.06 -135.28 -135.47 -135.66 -135.81 -135.94 -136.00 -136.03 -136.00 -136.00 -135.97 -135.94 -135.91 -135.91 -135.88 -135.88 -135.88 -135.84 -135.81 -135.78 -135.72 -135.62 -135.53
-126.84 -127.09 -127.34 -127.62 -127.94 -128.28 -128.66 -129.06 -129.44 -129.81 -130.16 -130.50 -130.84 -131.12 -131.44 -131.69 -131.94 -132.19 -132.41 -132.62 -132.81 -132.97 -133.09 -133.22 -133.38 -133.50 -133.66 -133.75 -133.81 -133.84 -133.84 -133.88 -133.84 -133.81 -133.75 -133.62 -133.50 -133.44 -133.62 -133.84 -134.06 -134.28 -134.50 -134.72 -134.97 -135.22 -135.44 -135.62 -135.78 -135.91 -136.00 -136.06 -136.06 -136.06 -136.06 -136.03 -136.00 -136.00 -136.00 -136.00 -135.97 -135.97 -135.94 -135.91 -135.84 -135.75 -135.66
-126.84 -127.12 -127.38 -127.66 -127.97 -128.28 -128.62 -129.00 -129.41 -129.78 -130.12 -130.50 -130.84 -131.16 -131.47 -131.75 -132.03 -132.28 -132.53 -132.75 -132.97 -133.12 -133.28 -133.41 -133.53 -133.69 -133.84 -133.97 -134.03 -134.09 -134.12 -134.12 -134.12 -134.06 -134.00 -133.91 -133.78 -133.66 -133.56 -133.66 -133.88 -134.12 -134.38 -134.66 -134.91 -135.12 -135.38 -135.59 -135.75 -135.91 -136.00 -136.09 -136.12 -136.12 -136.12 -136.12 -136.09 -136.09 -136.09 -136.09 -136.09 -136.09 -136.06 -136.03 -135.97 -135.88 -135.78
-126.94 -127.22 -127.47 -127.75 -128.00 -128.31 -128.62 -128.97 -129.34 -129.72 -130.12 -130.47 -130.84 -131.19 -131.50 -131.81 -132.12 -132.38 -132.62 -132.88 -133.06 -133.25 -133.41 -133.53 -133.69 -133.88 -134.03 -134.16 -134.25 -134.31 -134.38 -134.41 -134.41 -134.34 -134.28 -134.19 -134.09 -134.00 -133.91 -133.78 -133.69 -133.88 -134.22 -134.56 -134.84 -135.06 -135.31 -135.53 -135.72 -135.88 -136.00 -136.09 -136.16 -136.19 -136.22 -136.19 -136.19 -136.19 -136.19 -136.19 -136.19 -136.19 -136.16 -136.12 -136.06 -136.00 -135.91
-127.12 -127.38 -127.62 -127.88 -128.12 -128.41 -128.69 -129.00 -129.34 -129.72 -130.12 -130.50 -130.84 -131.22 -131.56 -131.88 -132.19 -132.47 -132.72 -132.97 -133.16 -133.34 -133.50 -133.66 -133.81 -134.00 -134.19 -134.34 -134.47 -134.53 -134.59 -134.66 -134.66 -134.62 -134.53 -134.47 -134.38 -134.31 -134.22 -134.12 -133.91 -133.81 -134.09 -134.50 -134.81 -135.03 -135.28 -135.50 -135.69 -135.84 -136.00 -136.09 -136.19 -136.25 -136.25 -136.25 -136.25 -136.25 -136.25 -136.25 -136.28 -136.28 -136.25 -136.22 -136.16 -136.09 -136.00
-127.34 -127.56 -127.78 -128.03 -128.28 -128.53 -128.81 -129.09 -129.44 -129.78 -130.16 -130.53 -130.91 -131.25 -131.59 -131.91 -132.25 -132.53 -132.78 -133.03 -133.25 -133.44 -133.59 -133.75 -133.94 -134.12 -134.34 -134.53 -134.66 -134.75 -134.84 -134.91 -134.91 -134.88 -134.81 -134.72 -134.66 -134.56 -134.47 -134.38 -134.25 -134.03 -134.19 -134.50 -134.81 -135.06 -135.25 -135.47 -135.69 -135.84 -136.00 -136.12 -136.22 -136.28 -136.31 -136.31 -136.31 -136.31 -136.31 -136.31 -136.31 -136.31 -136.31 -136.28 -136.22 -136.16 -136.06
-127.53 -127.72 -127.97 -128.19 -128.47 -128.72 -128.97 -129.25 -129.56 -129.88 -130.25 -130.59 -130.97 -131.31 -131.62 -131.97 -132.28 -132.59 -132.84 -133.09 -133.31 -133.50 -133.66 -133.84 -134.03 -134.25 -134.47 -134.69 -134.84 -134.97 -135.06 -135.16 -135.16 -135.16 -135.09 -135.03 -134.94 -134.84 -134.75 -134.62 -134.50 -134.41 -134.47 -134.69 -134.91 -135.12 -135.31 -135.50 -135.69 -135.84 -136.00 -136.12 -136.22 -136.28 -136.31 -136.34 -136.34 -136.34 -136.34 -136.34 -136.38 -136.38 -136.34 -136.31 -136.25 -136.19 -136.12
-127.72 -127.94 -128.12 -128.38 -128.62 -128.88 -129.12 -129.38 -129.69 -130.00 -130.34 -130.69 -131.03 -131.34 -131.69 -132.00 -132.31 -132.62 -132.88 -133.12 -133.34 -133.56 -133.75 -133.94 -134.12 -134.34 -134.59 -134.81 -135.03 -135.19 -135.31 -135.38 -135.41 -135.41 -135.38 -135.31 -135.22 -135.12 -135.00 -134.88 -134.81 -134.78 -134.81 -134.91 -135.06 -135.22 -135.38 -135.56 -135.75 -135.88 -136.03 -136.12 -136.22 -136.28 -136.34 -136.34 -136.34 -136.38 -136.38 -136.38 -136.38 -136.38 -136.34 -136.31 -136.28 -136.22 -136.16
