everonasctiles/Tile[35,31].asc
ncols 128
nrows 128
xllcorner 0
yllcorner 0
cellsize 2.0
NODATA_value  -9999
[rows 64 to 95 of 128, columns 0 to 70 of 128]
-60.91 -61.00 -60.88 -60.94 -61.41 -62.12 -62.91 -63.53 -64.00 -64.41 -64.84 -65.25 -65.62 -65.94 -66.22 -66.44 -66.62 -66.81 -66.94 -67.03 -67.09 -67.09 -67.09 -67.06 -67.00 -66.88 -66.75 -66.59 -66.41 -66.25 -66.12 -66.06 -66.06 -66.09 -66.09 -66.03 -65.91 -65.81 -65.72 -65.62 -65.59 -65.66 -65.72 -65.72 -65.59 -65.38 -65.12 -64.91 -64.66 -64.38 -64.03 -63.59 -63.66 -64.12 -64.53 -64.81 -64.91 -64.81 -64.59 -64.22 -64.31 -64.84 -65.19 -65.38 -65.53 -65.75 -66.00 -66.19 -66.31 -66.31 -66.19
-61.34 -61.53 -61.59 -61.62 -61.91 -62.47 -63.16 -63.78 -64.22 -64.59 -65.00 -65.38 -65.72 -66.03 -66.28 -66.53 -66.69 -66.84 -66.97 -67.06 -67.09 -67.06 -67.06 -67.00 -66.94 -66.81 -66.69 -66.50 -66.31 -66.12 -66.00 -65.91 -65.91 -65.91 -65.91 -65.81 -65.69 -65.50 -65.38 -65.22 -65.12 -65.12 -65.22 -65.28 -65.19 -64.94 -64.66 -64.41 -64.16 -63.91 -63.59 -63.12 -63.19 -63.69 -64.06 -64.31 -64.41 -64.28 -64.06 -63.72 -63.72 -64.22 -64.56 -64.75 -64.97 -65.19 -65.38 -65.50 -65.56 -65.53 -65.38
-61.75 -61.97 -62.16 -62.34 -62.59 -63.00 -63.56 -64.06 -64.44 -64.78 -65.16 -65.50 -65.81 -66.12 -66.38 -66.56 -66.75 -66.88 -66.97 -67.03 -67.03 -67.00 -66.97 -66.91 -66.81 -66.72 -66.56 -66.38 -66.19 -66.00 -65.81 -65.69 -65.66 -65.66 -65.62 -65.53 -65.38 -65.19 -65.00 -64.81 -64.62 -64.59 -64.72 -64.81 -64.72 -64.47 -64.19 -63.94 -63.72 -63.50 -63.19 -62.75 -62.97 -63.34 -63.66 -63.84 -63.88 -63.78 -63.59 -63.25 -63.22 -63.69 -64.00 -64.22 -64.41 -64.59 -64.72 -64.78 -64.78 -64.72 -64.62
-62.09 -62.41 -62.62 -62.88 -63.19 -63.56 -63.97 -64.31 -64.66 -64.97 -65.31 -65.62 -65.91 -66.19 -66.41 -66.59 -66.75 -66.88 -66.94 -66.97 -66.97 -66.94 -66.88 -66.81 -66.69 -66.56 -66.38 -66.22 -66.00 -65.81 -65.59 -65.47 -65.41 -65.38 -65.31 -65.19 -65.03 -64.84 -64.62 -64.44 -64.19 -64.09 -64.19 -64.25 -64.22 -64.03 -63.78 -63.47 -63.19 -62.97 -62.69 -62.47 -62.72 -63.00 -63.22 -63.38 -63.38 -63.28 -63.12 -62.84 -62.81 -63.25 -63.50 -63.72 -63.88 -64.00 -64.06 -64.03 -63.97 -63.91 -63.91
-62.41 -62.75 -63.03 -63.31 -63.59 -63.91 -64.25 -64.59 -64.91 -65.19 -65.47 -65.75 -66.00 -66.25 -66.44 -66.62 -66.75 -66.84 -66.91 -66.91 -66.91 -66.84 -66.78 -66.69 -66.56 -66.38 -66.19 -66.00 -65.78 -65.56 -65.38 -65.19 -65.09 -65.00 -64.91 -64.78 -64.62 -64.44 -64.25 -64.03 -63.78 -63.62 -63.69 -63.72 -63.66 -63.53 -63.31 -62.91 -62.41 -62.19 -62.03 -62.09 -62.44 -62.62 -62.78 -62.91 -62.91 -62.84 -62.69 -62.44 -62.53 -62.84 -63.06 -63.25 -63.38 -63.44 -63.44 -63.31 -63.19 -63.22 -63.41
-62.66 -63.06 -63.38 -63.66 -63.94 -64.22 -64.53 -64.81 -65.12 -65.41 -65.66 -65.91 -66.12 -66.31 -66.47 -66.62 -66.75 -66.81 -66.88 -66.84 -66.81 -66.75 -66.66 -66.56 -66.41 -66.22 -66.00 -65.78 -65.56 -65.34 -65.09 -64.91 -64.75 -64.62 -64.50 -64.38 -64.22 -64.03 -63.84 -63.66 -63.31 -63.09 -63.22 -63.25 -63.19 -63.03 -62.72 -62.12 -61.62 -61.41 -61.41 -61.62 -62.03 -62.25 -62.38 -62.47 -62.47 -62.41 -62.22 -62.00 -62.16 -62.47 -62.62 -62.75 -62.88 -62.91 -62.88 -62.78 -62.69 -62.84 -63.06
-62.91 -63.31 -63.66 -63.94 -64.22 -64.50 -64.78 -65.06 -65.31 -65.59 -65.81 -66.03 -66.22 -66.38 -66.53 -66.66 -66.75 -66.81 -66.81 -66.81 -66.75 -66.66 -66.56 -66.41 -66.25 -66.03 -65.81 -65.59 -65.38 -65.12 -64.84 -64.62 -64.41 -64.25 -64.09 -63.94 -63.78 -63.56 -63.31 -62.94 -62.59 -62.41 -62.53 -62.66 -62.53 -62.22 -61.78 -61.31 -60.91 -60.75 -60.84 -61.12 -61.47 -61.81 -62.00 -62.06 -62.03 -61.91 -61.69 -61.56 -61.72 -62.03 -62.22 -62.34 -62.41 -62.44 -62.44 -62.41 -62.41 -62.56 -62.78
-63.12 -63.53 -63.91 -64.22 -64.47 -64.75 -65.00 -65.25 -65.50 -65.72 -65.94 -66.12 -66.28 -66.44 -66.56 -66.69 -66.75 -66.78 -66.78 -66.75 -66.69 -66.59 -66.47 -66.28 -66.09 -65.88 -65.66 -65.41 -65.16 -64.91 -64.66 -64.38 -64.09 -63.84 -63.59 -63.34 -63.03 -62.72 -62.38 -62.00 -61.72 -61.59 -61.62 -61.62 -61.47 -61.25 -60.94 -60.66 -60.47 -60.53 -60.72 -60.91 -61.09 -61.28 -61.50 -61.62 -61.62 -61.50 -61.34 -61.28 -61.34 -61.56 -61.75 -61.91 -62.00 -62.06 -62.09 -62.12 -62.22 -62.34 -62.50
-63.31 -63.72 -64.09 -64.41 -64.69 -64.97 -65.19 -65.41 -65.62 -65.84 -66.03 -66.19 -66.34 -66.50 -66.59 -66.69 -66.75 -66.75 -66.72 -66.66 -66.59 -66.50 -66.38 -66.19 -66.00 -65.75 -65.50 -65.25 -64.97 -64.72 -64.47 -64.19 -63.91 -63.56 -63.25 -62.84 -62.41 -61.97 -61.56 -61.19 -60.94 -60.81 -60.81 -60.78 -60.69 -60.59 -60.56 -60.62 -60.78 -60.97 -61.09 -61.19 -61.19 -61.19 -61.22 -61.34 -61.44 -61.44 -61.41 -61.34 -61.28 -61.28 -61.38 -61.53 -61.66 -61.75 -61.81 -61.91 -62.00 -62.09 -62.22
-63.47 -63.88 -64.22 -64.56 -64.84 -65.12 -65.34 -65.56 -65.72 -65.91 -66.09 -66.25 -66.38 -66.50 -66.59 -66.66 -66.69 -66.66 -66.62 -66.56 -66.50 -66.38 -66.28 -66.12 -65.91 -65.66 -65.41 -65.09 -64.81 -64.56 -64.31 -64.03 -63.72 -63.41 -63.03 -62.69 -62.31 -61.75 -61.22 -60.75 -60.50 -60.50 -60.59 -60.66 -60.72 -60.84 -61.00 -61.12 -61.22 -61.28 -61.34 -61.38 -61.41 -61.41 -61.44 -61.50 -61.53 -61.53 -61.50 -61.47 -61.41 -61.34 -61.28 -61.31 -61.44 -61.53 -61.59 -61.69 -61.75 -61.81 -61.88
-63.66 -64.03 -64.34 -64.66 -64.97 -65.22 -65.44 -65.62 -65.78 -65.97 -66.12 -66.25 -66.38 -66.47 -66.53 -66.56 -66.56 -66.53 -66.47 -66.44 -66.34 -66.25 -66.16 -66.00 -65.84 -65.59 -65.31 -65.00 -64.69 -64.41 -64.12 -63.88 -63.59 -63.25 -62.91 -62.56 -62.28 -61.81 -61.22 -60.75 -60.72 -60.94 -61.12 -61.19 -61.22 -61.28 -61.34 -61.41 -61.44 -61.50 -61.53 -61.56 -61.59 -61.59 -61.59 -61.62 -61.66 -61.66 -61.62 -61.56 -61.50 -61.44 -61.34 -61.31 -61.31 -61.38 -61.41 -61.47 -61.50 -61.53 -61.56
-63.84 -64.12 -64.44 -64.72 -64.97 -65.22 -65.41 -65.59 -65.78 -65.97 -66.12 -66.25 -66.34 -66.38 -66.41 -66.41 -66.38 -66.34 -66.31 -66.25 -66.19 -66.09 -65.97 -65.88 -65.72 -65.50 -65.22 -64.91 -64.56 -64.25 -63.97 -63.69 -63.41 -63.09 -62.75 -62.44 -62.16 -61.72 -61.22 -60.97 -61.12 -61.34 -61.44 -61.47 -61.50 -61.53 -61.59 -61.62 -61.69 -61.72 -61.75 -61.78 -61.75 -61.75 -61.78 -61.81 -61.81 -61.81 -61.78 -61.69 -61.59 -61.50 -61.44 -61.34 -61.31 -61.28 -61.25 -61.25 -61.22 -61.22 -61.22
-63.97 -64.22 -64.47 -64.69 -64.91 -65.09 -65.31 -65.50 -65.69 -65.88 -66.06 -66.16 -66.22 -66.25 -66.22 -66.19 -66.16 -66.12 -66.09 -66.03 -65.97 -65.84 -65.75 -65.66 -65.53 -65.34 -65.09 -64.78 -64.44 -64.12 -63.81 -63.50 -63.22 -62.91 -62.62 -62.31 -62.00 -61.62 -61.38 -61.31 -61.47 -61.56 -61.66 -61.72 -61.75 -61.78 -61.81 -61.84 -61.91 -61.94 -61.94 -61.94 -61.94 -61.94 -61.94 -61.97 -61.97 -61.94 -61.88 -61.81 -61.69 -61.59 -61.50 -61.41 -61.31 -61.22 -61.12 -61.06 -60.97 -60.94 -60.91
-64.00 -64.22 -64.41 -64.56 -64.72 -64.91 -65.09 -65.31 -65.56 -65.75 -65.91 -66.03 -66.06 -66.03 -66.00 -65.94 -65.91 -65.88 -65.84 -65.78 -65.69 -65.59 -65.50 -65.41 -65.28 -65.16 -64.94 -64.66 -64.31 -64.00 -63.62 -63.31 -63.03 -62.75 -62.50 -62.22 -62.00 -61.84 -61.75 -61.72 -61.75 -61.81 -61.88 -61.97 -62.00 -62.03 -62.03 -62.06 -62.09 -62.12 -62.12 -62.12 -62.09 -62.09 -62.09 -62.09 -62.09 -62.03 -61.97 -61.91 -61.78 -61.69 -61.56 -61.47 -61.34 -61.22 -61.06 -60.91 -60.75 -60.66 -60.56
-63.91 -64.06 -64.22 -64.34 -64.47 -64.66 -64.88 -65.09 -65.34 -65.56 -65.72 -65.81 -65.84 -65.81 -65.72 -65.66 -65.59 -65.56 -65.53 -65.47 -65.38 -65.28 -65.19 -65.09 -65.03 -64.91 -64.72 -64.47 -64.19 -63.88 -63.53 -63.19 -62.88 -62.66 -62.47 -62.31 -62.19 -62.06 -62.00 -61.97 -62.00 -62.03 -62.09 -62.19 -62.22 -62.25 -62.25 -62.25 -62.28 -62.28 -62.28 -62.25 -62.22 -62.19 -62.19 -62.19 -62.16 -62.09 -62.03 -61.97 -61.88 -61.78 -61.66 -61.53 -61.38 -61.19 -61.03 -60.81 -60.59 -60.41 -60.28
-63.62 -63.78 -63.91 -64.00 -64.16 -64.34 -64.56 -64.84 -65.09 -65.28 -65.44 -65.53 -65.56 -65.50 -65.44 -65.34 -65.25 -65.22 -65.19 -65.12 -65.03 -64.94 -64.88 -64.78 -64.72 -64.59 -64.44 -64.25 -64.00 -63.72 -63.44 -63.16 -62.91 -62.72 -62.56 -62.44 -62.34 -62.25 -62.22 -62.19 -62.22 -62.25 -62.31 -62.38 -62.41 -62.44 -62.44 -62.44 -62.44 -62.41 -62.38 -62.34 -62.31 -62.28 -62.25 -62.22 -62.19 -62.12 -62.06 -62.00 -61.91 -61.81 -61.69 -61.56 -61.38 -61.19 -61.00 -60.75 -60.53 -60.28 -60.03
-63.28 -63.41 -63.53 -63.62 -63.78 -63.97 -64.25 -64.50 -64.75 -64.94 -65.09 -65.19 -65.22 -65.19 -65.06 -64.97 -64.88 -64.84 -64.78 -64.72 -64.66 -64.56 -64.50 -64.47 -64.38 -64.28 -64.16 -64.00 -63.81 -63.59 -63.38 -63.16 -62.97 -62.81 -62.69 -62.56 -62.50 -62.44 -62.41 -62.41 -62.44 -62.47 -62.50 -62.53 -62.59 -62.59 -62.59 -62.59 -62.56 -62.53 -62.47 -62.41 -62.38 -62.31 -62.28 -62.22 -62.19 -62.12 -62.06 -61.97 -61.91 -61.78 -61.69 -61.53 -61.38 -61.19 -60.97 -60.72 -60.47 -60.19 -59.91
-62.84 -62.97 -63.06 -63.19 -63.34 -63.56 -63.84 -64.12 -64.34 -64.53 -64.69 -64.78 -64.84 -64.81 -64.69 -64.56 -64.47 -64.41 -64.38 -64.31 -64.25 -64.19 -64.12 -64.09 -64.03 -63.94 -63.84 -63.72 -63.59 -63.47 -63.31 -63.16 -63.00 -62.88 -62.78 -62.69 -62.62 -62.59 -62.56 -62.56 -62.59 -62.62 -62.66 -62.69 -62.72 -62.72 -62.72 -62.69 -62.66 -62.59 -62.53 -62.47 -62.38 -62.34 -62.28 -62.19 -62.12 -62.06 -62.00 -61.91 -61.81 -61.72 -61.59 -61.47 -61.31 -61.12 -60.91 -60.66 -60.41 -60.09 -59.78
-62.34 -62.47 -62.56 -62.69 -62.88 -63.12 -63.41 -63.66 -63.88 -64.06 -64.22 -64.34 -64.44 -64.44 -64.31 -64.12 -64.03 -64.00 -63.94 -63.88 -63.84 -63.78 -63.75 -63.72 -63.69 -63.62 -63.56 -63.50 -63.44 -63.34 -63.25 -63.16 -63.06 -62.97 -62.88 -62.81 -62.75 -62.72 -62.69 -62.69 -62.69 -62.72 -62.75 -62.78 -62.81 -62.81 -62.78 -62.75 -62.69 -62.62 -62.53 -62.44 -62.38 -62.28 -62.19 -62.12 -62.06 -61.97 -61.88 -61.81 -61.72 -61.59 -61.47 -61.34 -61.19 -61.00 -60.81 -60.56 -60.28 -59.94 -59.62
-61.81 -61.91 -62.00 -62.16 -62.38 -62.62 -62.91 -63.16 -63.38 -63.53 -63.72 -63.91 -64.03 -64.00 -63.88 -63.69 -63.56 -63.56 -63.50 -63.47 -63.41 -63.38 -63.38 -63.38 -63.38 -63.34 -63.31 -63.28 -63.28 -63.25 -63.22 -63.16 -63.06 -63.00 -62.94 -62.88 -62.81 -62.78 -62.75 -62.75 -62.78 -62.78 -62.81 -62.81 -62.84 -62.81 -62.81 -62.75 -62.69 -62.59 -62.50 -62.41 -62.28 -62.19 -62.09 -62.00 -61.94 -61.84 -61.75 -61.66 -61.56 -61.44 -61.31 -61.16 -61.00 -60.84 -60.62 -60.38 -60.06 -59.72 -59.38
-61.19 -61.25 -61.34 -61.59 -61.81 -62.09 -62.34 -62.59 -62.81 -63.00 -63.22 -63.44 -63.56 -63.56 -63.44 -63.28 -63.16 -63.09 -63.06 -63.03 -62.94 -62.94 -62.97 -63.03 -63.09 -63.12 -63.12 -63.16 -63.16 -63.16 -63.16 -63.12 -63.06 -63.03 -62.97 -62.91 -62.84 -62.81 -62.78 -62.78 -62.78 -62.81 -62.81 -62.81 -62.78 -62.78 -62.75 -62.69 -62.62 -62.53 -62.44 -62.31 -62.19 -62.06 -61.97 -61.88 -61.78 -61.69 -61.56 -61.47 -61.38 -61.25 -61.12 -60.97 -60.78 -60.62 -60.41 -60.16 -59.84 -59.47 -59.12
-60.53 -60.50 -60.66 -61.00 -61.28 -61.50 -61.75 -62.00 -62.25 -62.44 -62.72 -62.97 -63.09 -63.09 -63.00 -62.84 -62.69 -62.62 -62.59 -62.56 -62.56 -62.59 -62.69 -62.81 -62.91 -62.97 -63.03 -63.06 -63.09 -63.09 -63.09 -63.09 -63.06 -63.03 -62.97 -62.91 -62.88 -62.84 -62.81 -62.78 -62.78 -62.78 -62.75 -62.75 -62.72 -62.72 -62.69 -62.62 -62.56 -62.47 -62.34 -62.22 -62.06 -61.94 -61.81 -61.69 -61.59 -61.47 -61.38 -61.25 -61.16 -61.03 -60.91 -60.72 -60.56 -60.34 -60.16 -59.91 -59.56 -59.22 -58.84
-59.75 -59.66 -59.94 -60.41 -60.69 -60.91 -61.19 -61.44 -61.69 -61.97 -62.25 -62.50 -62.59 -62.59 -62.53 -62.44 -62.28 -62.19 -62.22 -62.28 -62.38 -62.47 -62.59 -62.72 -62.81 -62.91 -62.97 -63.03 -63.06 -63.06 -63.06 -63.06 -63.03 -63.00 -62.97 -62.91 -62.88 -62.84 -62.81 -62.78 -62.75 -62.72 -62.69 -62.69 -62.66 -62.62 -62.56 -62.53 -62.44 -62.34 -62.22 -62.06 -61.94 -61.78 -61.66 -61.50 -61.38 -61.25 -61.16 -61.03 -60.91 -60.78 -60.66 -60.50 -60.28 -60.06 -59.88 -59.62 -59.28 -58.91 -58.53
-58.97 -58.91 -59.25 -59.75 -60.06 -60.31 -60.59 -60.91 -61.22 -61.50 -61.78 -62.00 -62.09 -62.12 -62.09 -62.03 -61.91 -61.91 -62.03 -62.16 -62.28 -62.44 -62.56 -62.69 -62.81 -62.91 -62.97 -63.00 -63.03 -63.06 -63.03 -63.03 -63.00 -62.97 -62.97 -62.94 -62.91 -62.88 -62.81 -62.78 -62.72 -62.66 -62.62 -62.56 -62.53 -62.50 -62.44 -62.38 -62.31 -62.22 -62.06 -61.94 -61.75 -61.59 -61.44 -61.31 -61.16 -61.03 -60.88 -60.75 -60.62 -60.53 -60.41 -60.22 -60.00 -59.78 -59.56 -59.31 -59.00 -58.62 -58.25
-58.25 -58.25 -58.59 -59.09 -59.44 -59.78 -60.12 -60.44 -60.78 -61.06 -61.31 -61.50 -61.62 -61.69 -61.69 -61.62 -61.62 -61.75 -61.91 -62.09 -62.25 -62.44 -62.56 -62.72 -62.81 -62.91 -62.97 -63.03 -63.03 -63.03 -63.03 -63.00 -63.00 -62.97 -62.94 -62.94 -62.91 -62.88 -62.81 -62.75 -62.66 -62.59 -62.53 -62.44 -62.38 -62.34 -62.28 -62.22 -62.16 -62.03 -61.91 -61.75 -61.56 -61.41 -61.22 -61.06 -60.91 -60.75 -60.59 -60.47 -60.34 -60.25 -60.12 -59.97 -59.75 -59.50 -59.25 -59.00 -58.69 -58.34 -57.97
-57.62 -57.66 -58.09 -58.59 -58.97 -59.34 -59.72 -60.03 -60.34 -60.62 -60.84 -61.03 -61.16 -61.22 -61.22 -61.25 -61.44 -61.62 -61.81 -62.03 -62.22 -62.41 -62.56 -62.72 -62.84 -62.94 -63.00 -63.03 -63.06 -63.06 -63.03 -63.00 -62.97 -62.94 -62.94 -62.91 -62.91 -62.88 -62.78 -62.72 -62.59 -62.50 -62.38 -62.28 -62.22 -62.16 -62.09 -62.03 -61.94 -61.84 -61.72 -61.53 -61.34 -61.16 -60.97 -60.78 -60.59 -60.44 -60.28 -60.16 -60.00 -59.91 -59.81 -59.69 -59.50 -59.25 -58.97 -58.69 -58.41 -58.06 -57.72
-57.16 -57.34 -57.81 -58.25 -58.62 -59.00 -59.31 -59.62 -59.91 -60.16 -60.38 -60.53 -60.56 -60.56 -60.69 -60.94 -61.28 -61.53 -61.75 -61.97 -62.19 -62.38 -62.56 -62.72 -62.84 -62.97 -63.03 -63.06 -63.06 -63.06 -63.03 -63.00 -62.97 -62.94 -62.91 -62.88 -62.88 -62.81 -62.75 -62.62 -62.50 -62.38 -62.25 -62.12 -62.00 -61.91 -61.84 -61.75 -61.69 -61.56 -61.44 -61.28 -61.09 -60.88 -60.66 -60.47 -60.28 -60.09 -59.94 -59.78 -59.66 -59.56 -59.47 -59.41 -59.25 -59.03 -58.75 -58.47 -58.16 -57.84 -57.53
-56.94 -57.22 -57.59 -57.97 -58.31 -58.66 -58.94 -59.22 -59.44 -59.62 -59.72 -59.75 -59.81 -60.00 -60.34 -60.78 -61.19 -61.47 -61.69 -61.94 -62.16 -62.38 -62.56 -62.72 -62.88 -62.97 -63.03 -63.09 -63.09 -63.06 -63.03 -62.97 -62.94 -62.91 -62.88 -62.84 -62.81 -62.75 -62.66 -62.53 -62.41 -62.22 -62.06 -61.91 -61.75 -61.62 -61.53 -61.44 -61.34 -61.25 -61.12 -60.97 -60.78 -60.59 -60.34 -60.12 -59.91 -59.72 -59.56 -59.41 -59.25 -59.16 -59.09 -59.03 -58.94 -58.78 -58.56 -58.28 -58.00 -57.69 -57.31
-56.75 -57.06 -57.38 -57.69 -58.00 -58.31 -58.56 -58.75 -58.88 -58.91 -58.97 -59.12 -59.41 -59.81 -60.31 -60.84 -61.22 -61.47 -61.72 -61.94 -62.16 -62.38 -62.56 -62.72 -62.88 -62.97 -63.03 -63.09 -63.06 -63.06 -63.03 -62.97 -62.94 -62.88 -62.81 -62.78 -62.72 -62.66 -62.53 -62.41 -62.25 -62.06 -61.84 -61.66 -61.50 -61.31 -61.19 -61.06 -60.97 -60.84 -60.72 -60.56 -60.41 -60.22 -59.97 -59.72 -59.50 -59.28 -59.12 -59.00 -58.84 -58.75 -58.69 -58.66 -58.59 -58.50 -58.34 -58.12 -57.88 -57.59 -57.12
-56.56 -56.84 -57.12 -57.44 -57.72 -58.00 -58.22 -58.38 -58.50 -58.66 -58.91 -59.22 -59.59 -60.03 -60.53 -60.97 -61.25 -61.53 -61.78 -62.00 -62.22 -62.41 -62.56 -62.72 -62.88 -62.97 -63.03 -63.06 -63.06 -63.06 -63.03 -62.97 -62.91 -62.84 -62.78 -62.72 -62.62 -62.53 -62.41 -62.25 -62.06 -61.84 -61.62 -61.41 -61.22 -60.97 -60.78 -60.62 -60.50 -60.38 -60.22 -60.09 -59.94 -59.75 -59.53 -59.31 -59.06 -58.84 -58.69 -58.56 -58.44 -58.34 -58.31 -58.28 -58.22 -58.19 -58.09 -57.94 -57.75 -57.47 -57.09
-56.34 -56.59 -56.88 -57.16 -57.47 -57.84 -58.19 -58.53 -58.81 -59.09 -59.38 -59.69 -60.06 -60.41 -60.75 -61.06 -61.34 -61.62 -61.88 -62.09 -62.28 -62.44 -62.59 -62.75 -62.88 -62.97 -63.03 -63.06 -63.06 -63.06 -63.03 -62.97 -62.91 -62.84 -62.75 -62.66 -62.53 -62.41 -62.25 -62.09 -61.88 -61.62 -61.41 -61.16 -60.88 -60.53 -60.25 -60.12 -60.00 -59.84 -59.69 -59.53 -59.38 -59.22 -59.03 -58.78 -58.56 -58.38 -58.22 -58.09 -58.00 -57.94 -57.88 -57.88 -57.84 -57.84 -57.78 -57.72 -57.62 -57.59 -57.47
-56.12 -56.38 -56.62 -56.97 -57.41 -57.91 -58.34 -58.69 -59.03 -59.38 -59.69 -60.00 -60.31 -60.62 -60.94 -61.19 -61.47 -61.72 -61.94 -62.16 -62.34 -62.50 -62.66 -62.78 -62.88 -62.97 -63.03 -63.06 -63.06 -63.03 -63.00 -62.97 -62.91 -62.81 -62.72 -62.59 -62.44 -62.28 -62.09 -61.91 -61.66 -61.41 -61.16 -60.84 -60.25 -59.69 -59.34 -59.44 -59.47 -59.31 -59.16 -59.00 -58.84 -58.66 -58.44 -58.25 -58.03 -57.88 -57.72 -57.62 -57.56 -57.41 -57.25 -57.19 -57.19 -57.25 -57.34 -57.62 -57.84 -57.94 -57.97
