everonasctiles/Tile7,4.asc
ncols 128
nrows 128
xllcorner 0
yllcorner 0
cellsize 2.0
NODATA_value  -9999
[rows 64 to 95 of 128, columns 0 to 70 of 128]
-32.78 -32.94 -33.06 -33.22 -33.34 -33.50 -33.62 -33.78 -33.94 -34.09 -34.28 -34.50 -34.75 -35.03 -35.31 -35.62 -35.94 -36.25 -36.53 -36.81 -37.06 -37.28 -37.47 -37.69 -37.84 -38.03 -38.16 -38.31 -38.44 -38.53 -38.66 -38.75 -38.88 -38.97 -39.06 -39.16 -39.25 -39.31 -39.34 -39.38 -39.41 -39.44 -39.47 -39.47 -39.47 -39.47 -39.47 -39.47 -39.50 -39.50 -39.50 -39.53 -39.50 -39.50 -39.47 -39.44 -39.38 -39.31 -39.25 -39.16 -39.12 -39.09 -39.06 -39.06 -39.09 -39.06 -39.03 -38.97 -38.91 -38.81 -38.72
-32.84 -32.97 -33.16 -33.31 -33.47 -33.59 -33.72 -33.88 -34.03 -34.19 -34.38 -34.59 -34.81 -35.09 -35.38 -35.66 -35.94 -36.25 -36.50 -36.78 -37.03 -37.25 -37.47 -37.69 -37.88 -38.03 -38.19 -38.31 -38.47 -38.56 -38.69 -38.81 -38.91 -39.03 -39.12 -39.22 -39.31 -39.38 -39.44 -39.47 -39.50 -39.53 -39.56 -39.56 -39.56 -39.56 -39.56 -39.56 -39.56 -39.59 -39.59 -39.59 -39.59 -39.59 -39.56 -39.50 -39.47 -39.41 -39.34 -39.28 -39.22 -39.19 -39.19 -39.19 -39.19 -39.16 -39.12 -39.06 -39.00 -38.91 -38.78
-32.91 -33.06 -33.25 -33.41 -33.56 -33.72 -33.84 -34.00 -34.16 -34.31 -34.47 -34.69 -34.91 -35.16 -35.41 -35.69 -35.97 -36.22 -36.47 -36.75 -37.00 -37.22 -37.44 -37.66 -37.84 -38.03 -38.19 -38.34 -38.47 -38.59 -38.72 -38.84 -38.97 -39.06 -39.19 -39.28 -39.38 -39.47 -39.53 -39.56 -39.59 -39.62 -39.66 -39.69 -39.66 -39.66 -39.66 -39.66 -39.66 -39.66 -39.69 -39.69 -39.69 -39.66 -39.62 -39.59 -39.56 -39.50 -39.44 -39.41 -39.38 -39.34 -39.31 -39.31 -39.31 -39.28 -39.22 -39.16 -39.09 -39.00 -38.88
-33.00 -33.19 -33.34 -33.53 -33.72 -33.88 -34.00 -34.12 -34.28 -34.44 -34.62 -34.81 -35.03 -35.25 -35.47 -35.72 -35.97 -36.22 -36.47 -36.69 -36.94 -37.19 -37.41 -37.62 -37.81 -38.00 -38.19 -38.34 -38.50 -38.66 -38.78 -38.91 -39.00 -39.12 -39.25 -39.34 -39.47 -39.53 -39.59 -39.66 -39.69 -39.75 -39.78 -39.78 -39.78 -39.75 -39.75 -39.75 -39.75 -39.75 -39.78 -39.78 -39.78 -39.75 -39.72 -39.69 -39.66 -39.62 -39.56 -39.53 -39.50 -39.47 -39.47 -39.44 -39.41 -39.38 -39.31 -39.25 -39.19 -39.09 -38.97
-33.12 -33.28 -33.47 -33.69 -33.84 -34.00 -34.16 -34.28 -34.41 -34.56 -34.75 -34.94 -35.12 -35.34 -35.56 -35.78 -36.00 -36.22 -36.47 -36.69 -36.91 -37.12 -37.38 -37.56 -37.78 -38.00 -38.19 -38.34 -38.50 -38.66 -38.81 -38.94 -39.06 -39.22 -39.31 -39.44 -39.53 -39.62 -39.69 -39.75 -39.78 -39.84 -39.88 -39.88 -39.88 -39.88 -39.88 -39.84 -39.84 -39.88 -39.88 -39.88 -39.88 -39.84 -39.81 -39.78 -39.75 -39.72 -39.69 -39.66 -39.62 -39.62 -39.59 -39.56 -39.53 -39.47 -39.44 -39.38 -39.28 -39.19 -39.06
-33.22 -33.41 -33.59 -33.81 -34.00 -34.16 -34.31 -34.44 -34.56 -34.72 -34.91 -35.09 -35.28 -35.47 -35.69 -35.88 -36.09 -36.28 -36.50 -36.69 -36.91 -37.12 -37.34 -37.56 -37.75 -37.97 -38.16 -38.34 -38.50 -38.66 -38.84 -38.97 -39.12 -39.28 -39.41 -39.53 -39.62 -39.72 -39.78 -39.84 -39.88 -39.94 -39.97 -40.00 -40.00 -40.00 -39.97 -39.97 -39.97 -39.97 -39.97 -39.97 -39.97 -39.94 -39.94 -39.91 -39.88 -39.84 -39.81 -39.78 -39.78 -39.75 -39.72 -39.69 -39.66 -39.59 -39.53 -39.47 -39.38 -39.28 -39.19
-33.28 -33.47 -33.69 -33.91 -34.12 -34.31 -34.47 -34.62 -34.75 -34.91 -35.06 -35.25 -35.44 -35.62 -35.81 -36.00 -36.19 -36.38 -36.56 -36.75 -36.94 -37.16 -37.34 -37.53 -37.75 -37.94 -38.12 -38.31 -38.50 -38.66 -38.84 -39.00 -39.19 -39.34 -39.47 -39.59 -39.72 -39.81 -39.88 -39.94 -39.97 -40.03 -40.06 -40.09 -40.09 -40.09 -40.09 -40.06 -40.06 -40.06 -40.06 -40.06 -40.06 -40.06 -40.03 -40.00 -39.97 -39.97 -39.94 -39.91 -39.88 -39.88 -39.84 -39.81 -39.78 -39.72 -39.66 -39.59 -39.50 -39.41 -39.31
-33.34 -33.56 -33.81 -34.03 -34.28 -34.47 -34.66 -34.81 -34.94 -35.09 -35.25 -35.44 -35.59 -35.78 -35.97 -36.16 -36.34 -36.53 -36.69 -36.88 -37.06 -37.22 -37.41 -37.59 -37.78 -37.97 -38.16 -38.31 -38.50 -38.69 -38.88 -39.06 -39.25 -39.41 -39.56 -39.69 -39.81 -39.91 -39.97 -40.03 -40.06 -40.09 -40.16 -40.19 -40.19 -40.19 -40.19 -40.19 -40.19 -40.19 -40.19 -40.19 -40.16 -40.16 -40.12 -40.09 -40.09 -40.06 -40.06 -40.03 -40.00 -40.00 -39.97 -39.94 -39.91 -39.84 -39.78 -39.69 -39.62 -39.53 -39.44
-33.44 -33.66 -33.91 -34.19 -34.44 -34.66 -34.84 -35.03 -35.16 -35.31 -35.47 -35.62 -35.81 -36.00 -36.19 -36.34 -36.53 -36.69 -36.88 -37.03 -37.19 -37.38 -37.53 -37.72 -37.88 -38.03 -38.22 -38.38 -38.56 -38.78 -38.97 -39.16 -39.34 -39.50 -39.66 -39.78 -39.91 -40.00 -40.06 -40.12 -40.16 -40.19 -40.22 -40.25 -40.28 -40.28 -40.28 -40.28 -40.28 -40.28 -40.28 -40.25 -40.25 -40.22 -40.22 -40.19 -40.19 -40.19 -40.16 -40.16 -40.12 -40.12 -40.09 -40.06 -40.03 -39.97 -39.91 -39.81 -39.75 -39.66 -39.59
-33.56 -33.81 -34.06 -34.34 -34.62 -34.84 -35.06 -35.25 -35.41 -35.56 -35.72 -35.88 -36.06 -36.22 -36.41 -36.56 -36.72 -36.88 -37.03 -37.22 -37.38 -37.56 -37.72 -37.88 -38.03 -38.19 -38.38 -38.53 -38.72 -38.91 -39.09 -39.28 -39.47 -39.62 -39.75 -39.88 -40.00 -40.06 -40.16 -40.19 -40.25 -40.28 -40.31 -40.34 -40.38 -40.38 -40.38 -40.38 -40.38 -40.38 -40.34 -40.34 -40.31 -40.31 -40.31 -40.28 -40.28 -40.28 -40.28 -40.28 -40.25 -40.25 -40.22 -40.22 -40.16 -40.09 -40.03 -39.94 -39.88 -39.81 -39.75
-33.78 -34.00 -34.25 -34.53 -34.78 -35.06 -35.28 -35.50 -35.66 -35.81 -35.97 -36.12 -36.31 -36.47 -36.62 -36.78 -36.94 -37.09 -37.25 -37.41 -37.56 -37.75 -37.91 -38.06 -38.22 -38.38 -38.53 -38.72 -38.91 -39.09 -39.28 -39.47 -39.62 -39.78 -39.91 -40.00 -40.09 -40.19 -40.25 -40.28 -40.31 -40.34 -40.38 -40.41 -40.44 -40.47 -40.47 -40.47 -40.47 -40.47 -40.44 -40.41 -40.41 -40.38 -40.38 -40.38 -40.41 -40.41 -40.41 -40.41 -40.38 -40.38 -40.38 -40.34 -40.31 -40.25 -40.19 -40.09 -40.03 -39.97 -39.91
-34.00 -34.19 -34.44 -34.69 -34.97 -35.25 -35.50 -35.72 -35.91 -36.06 -36.22 -36.41 -36.56 -36.72 -36.88 -37.03 -37.19 -37.31 -37.47 -37.62 -37.78 -37.94 -38.09 -38.25 -38.41 -38.56 -38.75 -38.91 -39.09 -39.31 -39.47 -39.66 -39.81 -39.94 -40.06 -40.16 -40.22 -40.28 -40.34 -40.38 -40.41 -40.44 -40.47 -40.50 -40.53 -40.56 -40.56 -40.59 -40.56 -40.56 -40.53 -40.50 -40.50 -40.47 -40.47 -40.47 -40.50 -40.50 -40.53 -40.53 -40.53 -40.53 -40.50 -40.50 -40.47 -40.41 -40.34 -40.25 -40.19 -40.12 -40.06
-34.22 -34.41 -34.62 -34.88 -35.16 -35.41 -35.66 -35.91 -36.09 -36.31 -36.47 -36.62 -36.78 -36.94 -37.09 -37.25 -37.41 -37.53 -37.69 -37.84 -37.97 -38.16 -38.31 -38.47 -38.59 -38.75 -38.94 -39.12 -39.31 -39.50 -39.69 -39.84 -40.00 -40.12 -40.25 -40.31 -40.38 -40.41 -40.47 -40.47 -40.50 -40.53 -40.53 -40.56 -40.62 -40.66 -40.66 -40.69 -40.69 -40.66 -40.62 -40.59 -40.59 -40.56 -40.56 -40.59 -40.59 -40.62 -40.66 -40.66 -40.66 -40.66 -40.66 -40.66 -40.62 -40.56 -40.50 -40.41 -40.34 -40.28 -40.22
-34.44 -34.62 -34.81 -35.06 -35.31 -35.56 -35.81 -36.06 -36.28 -36.50 -36.66 -36.84 -37.00 -37.16 -37.31 -37.47 -37.59 -37.75 -37.88 -38.03 -38.19 -38.34 -38.50 -38.66 -38.78 -38.94 -39.09 -39.28 -39.47 -39.66 -39.84 -40.03 -40.19 -40.31 -40.41 -40.47 -40.53 -40.56 -40.56 -40.59 -40.59 -40.59 -40.62 -40.66 -40.69 -40.72 -40.75 -40.78 -40.78 -40.78 -40.75 -40.72 -40.69 -40.66 -40.66 -40.69 -40.72 -40.75 -40.78 -40.81 -40.81 -40.81 -40.81 -40.81 -40.75 -40.72 -40.62 -40.56 -40.50 -40.44 -40.41
-34.69 -34.84 -35.03 -35.22 -35.44 -35.69 -35.94 -36.19 -36.44 -36.66 -36.84 -37.00 -37.16 -37.34 -37.47 -37.62 -37.78 -37.94 -38.06 -38.22 -38.34 -38.50 -38.66 -38.84 -38.97 -39.12 -39.28 -39.44 -39.62 -39.81 -40.00 -40.19 -40.34 -40.47 -40.56 -40.62 -40.69 -40.69 -40.69 -40.69 -40.69 -40.69 -40.72 -40.75 -40.78 -40.81 -40.88 -40.91 -40.91 -40.88 -40.84 -40.81 -40.78 -40.78 -40.78 -40.78 -40.84 -40.88 -40.91 -40.94 -40.97 -40.97 -40.97 -40.94 -40.91 -40.84 -40.78 -40.72 -40.66 -40.59 -40.56
-34.91 -35.03 -35.19 -35.38 -35.59 -35.81 -36.06 -36.31 -36.56 -36.78 -36.97 -37.16 -37.31 -37.47 -37.62 -37.78 -37.94 -38.06 -38.22 -38.34 -38.50 -38.66 -38.81 -39.00 -39.16 -39.28 -39.44 -39.59 -39.75 -39.94 -40.12 -40.31 -40.47 -40.59 -40.72 -40.78 -40.81 -40.84 -40.84 -40.81 -40.81 -40.81 -40.81 -40.84 -40.88 -40.94 -40.97 -41.00 -41.03 -41.00 -40.97 -40.94 -40.91 -40.91 -40.88 -40.91 -40.94 -41.00 -41.03 -41.06 -41.09 -41.09 -41.09 -41.09 -41.03 -41.00 -40.94 -40.88 -40.81 -40.75 -40.72
-35.09 -35.22 -35.38 -35.53 -35.72 -35.94 -36.19 -36.44 -36.69 -36.91 -37.12 -37.31 -37.47 -37.62 -37.78 -37.91 -38.06 -38.19 -38.34 -38.47 -38.62 -38.78 -38.97 -39.12 -39.31 -39.47 -39.59 -39.75 -39.91 -40.06 -40.25 -40.44 -40.59 -40.72 -40.84 -40.91 -40.97 -40.97 -40.97 -40.97 -40.94 -40.94 -40.94 -40.97 -41.00 -41.03 -41.09 -41.12 -41.16 -41.12 -41.12 -41.06 -41.03 -41.00 -41.00 -41.03 -41.06 -41.12 -41.16 -41.19 -41.22 -41.25 -41.25 -41.22 -41.19 -41.12 -41.06 -41.00 -40.97 -40.91 -40.88
-35.25 -35.41 -35.56 -35.69 -35.88 -36.06 -36.28 -36.53 -36.78 -37.03 -37.28 -37.47 -37.66 -37.81 -37.94 -38.09 -38.22 -38.34 -38.47 -38.62 -38.75 -38.91 -39.06 -39.25 -39.44 -39.62 -39.78 -39.91 -40.06 -40.22 -40.41 -40.56 -40.72 -40.88 -40.97 -41.06 -41.12 -41.12 -41.12 -41.09 -41.09 -41.06 -41.06 -41.09 -41.12 -41.16 -41.22 -41.25 -41.28 -41.25 -41.25 -41.19 -41.16 -41.16 -41.16 -41.16 -41.19 -41.25 -41.28 -41.31 -41.34 -41.38 -41.38 -41.34 -41.31 -41.28 -41.22 -41.16 -41.12 -41.06 -41.03
-35.41 -35.56 -35.72 -35.84 -36.00 -36.19 -36.38 -36.62 -36.88 -37.12 -37.38 -37.62 -37.81 -38.00 -38.12 -38.28 -38.41 -38.53 -38.66 -38.78 -38.91 -39.06 -39.22 -39.41 -39.59 -39.78 -39.97 -40.09 -40.25 -40.41 -40.56 -40.72 -40.88 -41.00 -41.12 -41.22 -41.25 -41.28 -41.25 -41.25 -41.22 -41.19 -41.19 -41.22 -41.25 -41.28 -41.34 -41.38 -41.41 -41.41 -41.38 -41.34 -41.31 -41.28 -41.28 -41.31 -41.34 -41.41 -41.44 -41.47 -41.50 -41.53 -41.53 -41.50 -41.47 -41.44 -41.38 -41.31 -41.25 -41.22 -41.19
-35.56 -35.72 -35.84 -36.00 -36.16 -36.31 -36.50 -36.72 -36.94 -37.22 -37.50 -37.75 -37.97 -38.19 -38.34 -38.47 -38.59 -38.72 -38.84 -38.97 -39.12 -39.25 -39.44 -39.59 -39.78 -39.97 -40.16 -40.31 -40.44 -40.59 -40.72 -40.88 -41.03 -41.16 -41.28 -41.34 -41.41 -41.41 -41.41 -41.38 -41.34 -41.31 -41.31 -41.34 -41.38 -41.44 -41.47 -41.53 -41.53 -41.53 -41.50 -41.47 -41.47 -41.47 -41.47 -41.50 -41.53 -41.56 -41.59 -41.62 -41.66 -41.69 -41.69 -41.66 -41.62 -41.56 -41.53 -41.47 -41.41 -41.38 -41.31
-35.69 -35.84 -35.97 -36.12 -36.28 -36.44 -36.59 -36.81 -37.03 -37.31 -37.59 -37.88 -38.12 -38.34 -38.53 -38.69 -38.81 -38.94 -39.06 -39.22 -39.34 -39.50 -39.66 -39.84 -40.03 -40.19 -40.34 -40.50 -40.66 -40.78 -40.91 -41.06 -41.19 -41.31 -41.41 -41.50 -41.53 -41.53 -41.53 -41.50 -41.47 -41.44 -41.47 -41.50 -41.53 -41.56 -41.62 -41.69 -41.69 -41.69 -41.69 -41.66 -41.66 -41.66 -41.66 -41.69 -41.72 -41.75 -41.78 -41.81 -41.84 -41.84 -41.84 -41.81 -41.78 -41.72 -41.69 -41.62 -41.56 -41.53 -41.47
-35.81 -35.94 -36.09 -36.25 -36.38 -36.53 -36.72 -36.91 -37.12 -37.41 -37.69 -37.97 -38.25 -38.50 -38.72 -38.88 -39.03 -39.19 -39.31 -39.44 -39.59 -39.75 -39.94 -40.09 -40.28 -40.44 -40.59 -40.72 -40.84 -41.00 -41.12 -41.22 -41.34 -41.47 -41.56 -41.62 -41.66 -41.66 -41.66 -41.62 -41.59 -41.59 -41.59 -41.62 -41.69 -41.72 -41.78 -41.84 -41.88 -41.88 -41.88 -41.84 -41.84 -41.88 -41.88 -41.91 -41.94 -41.94 -41.97 -42.00 -42.03 -42.03 -42.00 -41.97 -41.94 -41.88 -41.81 -41.78 -41.72 -41.66 -41.59
-35.91 -36.03 -36.19 -36.31 -36.47 -36.62 -36.78 -37.00 -37.22 -37.50 -37.78 -38.06 -38.38 -38.66 -38.88 -39.09 -39.25 -39.41 -39.56 -39.69 -39.84 -40.00 -40.19 -40.34 -40.53 -40.69 -40.81 -40.94 -41.06 -41.19 -41.31 -41.41 -41.50 -41.59 -41.69 -41.75 -41.78 -41.78 -41.78 -41.75 -41.72 -41.72 -41.72 -41.78 -41.84 -41.88 -41.94 -42.00 -42.03 -42.06 -42.06 -42.06 -42.09 -42.09 -42.09 -42.12 -42.12 -42.16 -42.16 -42.19 -42.19 -42.19 -42.16 -42.12 -42.06 -42.00 -41.97 -41.91 -41.88 -41.81 -41.75
-36.00 -36.16 -36.28 -36.41 -36.53 -36.69 -36.84 -37.06 -37.31 -37.56 -37.88 -38.16 -38.47 -38.78 -39.03 -39.28 -39.47 -39.66 -39.81 -39.94 -40.09 -40.25 -40.41 -40.59 -40.75 -40.91 -41.03 -41.16 -41.28 -41.38 -41.50 -41.59 -41.66 -41.75 -41.81 -41.88 -41.91 -41.91 -41.88 -41.88 -41.84 -41.84 -41.88 -41.91 -41.97 -42.03 -42.09 -42.16 -42.22 -42.25 -42.28 -42.31 -42.31 -42.31 -42.31 -42.31 -42.34 -42.34 -42.34 -42.34 -42.34 -42.31 -42.28 -42.25 -42.19 -42.16 -42.12 -42.06 -42.00 -41.94 -41.88
-36.09 -36.25 -36.38 -36.50 -36.62 -36.75 -36.91 -37.12 -37.38 -37.66 -37.94 -38.25 -38.59 -38.88 -39.19 -39.44 -39.66 -39.88 -40.03 -40.19 -40.31 -40.47 -40.66 -40.81 -41.00 -41.12 -41.25 -41.38 -41.47 -41.56 -41.69 -41.75 -41.81 -41.88 -41.94 -41.97 -42.00 -42.00 -42.00 -42.00 -41.97 -41.97 -42.00 -42.06 -42.12 -42.19 -42.28 -42.34 -42.41 -42.44 -42.50 -42.50 -42.53 -42.53 -42.53 -42.53 -42.53 -42.53 -42.53 -42.53 -42.50 -42.47 -42.44 -42.38 -42.34 -42.31 -42.25 -42.22 -42.16 -42.09 -42.03
-36.22 -36.38 -36.53 -36.62 -36.75 -36.88 -37.00 -37.22 -37.44 -37.72 -38.03 -38.34 -38.69 -39.00 -39.28 -39.56 -39.81 -40.06 -40.25 -40.41 -40.56 -40.69 -40.84 -41.03 -41.19 -41.34 -41.44 -41.56 -41.66 -41.75 -41.84 -41.91 -41.97 -42.00 -42.03 -42.06 -42.09 -42.12 -42.12 -42.09 -42.09 -42.12 -42.16 -42.22 -42.28 -42.34 -42.44 -42.50 -42.59 -42.66 -42.69 -42.72 -42.72 -42.72 -42.72 -42.72 -42.72 -42.72 -42.72 -42.69 -42.69 -42.62 -42.59 -42.53 -42.50 -42.44 -42.41 -42.34 -42.28 -42.22 -42.16
-36.34 -36.53 -36.66 -36.78 -36.91 -37.00 -37.12 -37.31 -37.56 -37.81 -38.09 -38.41 -38.75 -39.06 -39.38 -39.66 -39.94 -40.19 -40.41 -40.59 -40.75 -40.91 -41.06 -41.22 -41.38 -41.50 -41.62 -41.72 -41.81 -41.91 -42.00 -42.06 -42.09 -42.12 -42.16 -42.19 -42.19 -42.22 -42.22 -42.22 -42.25 -42.28 -42.31 -42.38 -42.47 -42.53 -42.59 -42.69 -42.78 -42.84 -42.88 -42.91 -42.91 -42.91 -42.91 -42.91 -42.91 -42.91 -42.91 -42.88 -42.84 -42.81 -42.75 -42.69 -42.62 -42.59 -42.53 -42.50 -42.44 -42.38 -42.31
-36.50 -36.69 -36.84 -36.97 -37.09 -37.19 -37.31 -37.47 -37.66 -37.91 -38.19 -38.47 -38.78 -39.09 -39.41 -39.72 -40.03 -40.31 -40.56 -40.75 -40.94 -41.09 -41.25 -41.41 -41.56 -41.69 -41.78 -41.88 -41.97 -42.03 -42.12 -42.19 -42.22 -42.25 -42.25 -42.28 -42.28 -42.31 -42.34 -42.38 -42.41 -42.44 -42.50 -42.56 -42.62 -42.69 -42.78 -42.88 -42.94 -43.03 -43.06 -43.09 -43.09 -43.09 -43.09 -43.09 -43.09 -43.09 -43.09 -43.06 -43.03 -42.97 -42.91 -42.84 -42.78 -42.72 -42.69 -42.62 -42.59 -42.53 -42.44
-36.62 -36.84 -37.00 -37.16 -37.25 -37.38 -37.50 -37.66 -37.84 -38.03 -38.28 -38.53 -38.81 -39.12 -39.44 -39.78 -40.09 -40.38 -40.66 -40.91 -41.09 -41.25 -41.44 -41.59 -41.72 -41.84 -41.97 -42.03 -42.09 -42.19 -42.25 -42.31 -42.34 -42.34 -42.34 -42.38 -42.38 -42.41 -42.47 -42.50 -42.53 -42.59 -42.66 -42.72 -42.81 -42.88 -42.97 -43.03 -43.12 -43.19 -43.25 -43.28 -43.28 -43.28 -43.28 -43.28 -43.28 -43.28 -43.25 -43.22 -43.19 -43.12 -43.06 -43.00 -42.94 -42.88 -42.81 -42.78 -42.72 -42.66 -42.59
-36.75 -36.97 -37.16 -37.31 -37.44 -37.56 -37.72 -37.84 -38.03 -38.22 -38.44 -38.66 -38.91 -39.19 -39.53 -39.84 -40.16 -40.47 -40.75 -41.00 -41.22 -41.41 -41.56 -41.75 -41.88 -42.00 -42.12 -42.19 -42.25 -42.31 -42.38 -42.41 -42.44 -42.47 -42.47 -42.47 -42.50 -42.53 -42.56 -42.62 -42.69 -42.75 -42.84 -42.91 -42.97 -43.06 -43.12 -43.22 -43.31 -43.38 -43.44 -43.47 -43.47 -43.47 -43.47 -43.47 -43.47 -43.47 -43.44 -43.41 -43.38 -43.31 -43.22 -43.16 -43.09 -43.03 -42.97 -42.94 -42.88 -42.78 -42.72
-36.88 -37.09 -37.28 -37.47 -37.62 -37.75 -37.91 -38.06 -38.25 -38.44 -38.62 -38.81 -39.06 -39.34 -39.62 -39.94 -40.25 -40.56 -40.84 -41.09 -41.31 -41.50 -41.69 -41.88 -42.03 -42.16 -42.25 -42.34 -42.41 -42.44 -42.50 -42.53 -42.56 -42.56 -42.56 -42.59 -42.59 -42.62 -42.69 -42.78 -42.84 -42.91 -43.00 -43.06 -43.16 -43.22 -43.31 -43.41 -43.47 -43.56 -43.62 -43.66 -43.66 -43.66 -43.66 -43.66 -43.66 -43.62 -43.62 -43.56 -43.53 -43.47 -43.38 -43.31 -43.25 -43.19 -43.12 -43.06 -43.00 -42.91 -42.81
-36.94 -37.19 -37.38 -37.59 -37.75 -37.94 -38.09 -38.28 -38.47 -38.66 -38.84 -39.03 -39.22 -39.47 -39.78 -40.06 -40.38 -40.66 -40.94 -41.19 -41.41 -41.62 -41.81 -41.97 -42.12 -42.28 -42.41 -42.47 -42.53 -42.59 -42.62 -42.66 -42.69 -42.69 -42.72 -42.72 -42.72 -42.78 -42.81 -42.91 -43.00 -43.06 -43.16 -43.25 -43.34 -43.41 -43.50 -43.59 -43.66 -43.75 -43.78 -43.81 -43.84 -43.84 -43.84 -43.84 -43.84 -43.81 -43.78 -43.75 -43.69 -43.59 -43.53 -43.47 -43.38 -43.31 -43.25 -43.19 -43.12 -43.03 -42.94
