everonasctiles/Tile5,21.asc
ncols 128
nrows 128
xllcorner 0
yllcorner 0
cellsize 2.0
NODATA_value  -9999
[rows 0 to 34 of 128, columns 0 to 78 of 128]
-0.66 -0.72 -0.97 -1.22 -1.47 -1.56 -1.50 -1.47 -1.50 -1.62 -1.62 -1.62 -1.66 -1.66 -1.66 -1.66 -1.66 -1.66 -1.66 -1.66 -1.66 -1.66 -1.69 -1.72 -1.75 -1.75 -1.69 -1.56 -1.38 -1.16 -0.91 -0.62 -0.31 0.00 0.31 0.66 0.97 1.28 1.59 1.94 2.25 2.62 2.94 3.28 3.56 3.88 4.16 4.69 5.78 6.91 7.78 8.22 8.34 8.75 9.09 9.34 9.53 9.75 10.16 10.56 10.97 11.28 11.59 11.91 12.31 12.84 13.56 14.28 15.12 15.94 16.72 17.47 18.25 18.97 19.69 20.38 21.12 21.69 21.97
-1.19 -1.19 -1.38 -1.56 -1.59 -1.59 -1.62 -1.62 -1.62 -1.62 -1.59 -1.59 -1.62 -1.62 -1.62 -1.62 -1.56 -1.56 -1.59 -1.62 -1.66 -1.66 -1.69 -1.72 -1.75 -1.72 -1.66 -1.53 -1.34 -1.09 -0.84 -0.53 -0.25 0.09 0.41 0.72 1.03 1.38 1.69 2.00 2.34 2.72 3.03 3.31 3.62 3.91 4.22 4.84 5.91 7.00 7.81 8.31 8.44 8.84 9.19 9.47 9.66 9.91 10.22 10.62 11.00 11.34 11.66 11.97 12.44 13.19 13.94 14.72 15.44 16.19 16.97 17.75 18.53 19.34 20.19 21.00 21.62 22.25 22.78
-1.34 -1.31 -1.38 -1.44 -1.53 -1.47 -1.53 -1.59 -1.59 -1.62 -1.59 -1.41 -1.44 -1.50 -1.59 -1.62 -1.59 -1.59 -1.62 -1.62 -1.66 -1.66 -1.69 -1.72 -1.72 -1.69 -1.59 -1.47 -1.28 -1.03 -0.75 -0.47 -0.16 0.19 0.50 0.81 1.16 1.47 1.78 2.09 2.47 2.81 3.09 3.38 3.69 3.97 4.31 5.00 5.97 7.09 7.91 8.41 8.53 8.97 9.31 9.59 9.81 10.06 10.34 10.69 11.06 11.41 11.75 12.09 12.62 13.38 14.19 15.03 15.75 16.31 17.25 18.00 18.72 19.47 20.53 21.47 22.22 22.84 23.28
-1.50 -1.31 -1.25 -1.31 -1.44 -1.53 -1.50 -1.50 -1.53 -1.59 -1.59 -1.50 -1.47 -1.50 -1.53 -1.56 -1.56 -1.59 -1.59 -1.62 -1.66 -1.69 -1.72 -1.72 -1.72 -1.66 -1.56 -1.41 -1.19 -0.94 -0.66 -0.34 -0.03 0.28 0.62 0.94 1.25 1.56 1.88 2.19 2.56 2.88 3.16 3.44 3.75 4.06 4.50 5.19 6.06 7.16 7.97 8.44 8.66 9.09 9.47 9.78 10.00 10.28 10.50 10.78 11.16 11.50 11.84 12.22 12.81 13.56 14.28 15.16 16.00 16.75 17.50 18.12 19.22 20.06 20.50 21.84 22.72 23.31 23.81
-1.53 -1.44 -1.34 -1.47 -1.59 -1.59 -1.53 -1.50 -1.44 -1.47 -1.44 -1.41 -1.38 -1.38 -1.41 -1.44 -1.44 -1.50 -1.59 -1.66 -1.69 -1.69 -1.72 -1.69 -1.66 -1.59 -1.47 -1.31 -1.09 -0.84 -0.53 -0.25 0.09 0.41 0.72 1.03 1.34 1.66 1.97 2.28 2.66 2.94 3.22 3.50 3.81 4.16 4.69 5.41 6.25 7.28 7.97 8.41 8.78 9.25 9.62 9.94 10.25 10.44 10.66 10.88 11.22 11.59 11.97 12.38 12.94 13.66 14.53 15.28 16.16 16.91 17.62 18.56 19.56 20.50 21.38 22.25 23.03 23.59 24.19
-1.41 -1.38 -1.44 -1.53 -1.62 -1.59 -1.44 -1.31 -1.16 -1.19 -1.19 -1.16 -1.09 -1.19 -1.31 -1.38 -1.44 -1.50 -1.59 -1.66 -1.69 -1.72 -1.72 -1.69 -1.62 -1.53 -1.38 -1.22 -0.97 -0.72 -0.41 -0.12 0.22 0.53 0.84 1.16 1.44 1.72 2.03 2.38 2.72 3.00 3.28 3.59 3.88 4.28 4.94 5.62 6.56 7.38 8.09 8.41 8.91 9.38 9.75 10.06 10.38 10.56 10.72 10.97 11.34 11.72 12.12 12.59 13.31 14.06 14.84 15.59 16.34 17.06 17.75 18.62 19.69 20.81 21.69 22.50 23.22 23.78 24.38
-1.31 -1.38 -1.50 -1.53 -1.59 -1.53 -1.38 -1.16 -1.00 -1.06 -1.09 -1.19 -1.22 -1.34 -1.47 -1.44 -1.50 -1.59 -1.66 -1.69 -1.69 -1.69 -1.69 -1.62 -1.56 -1.44 -1.28 -1.09 -0.84 -0.56 -0.28 0.03 0.34 0.66 0.97 1.25 1.50 1.78 2.06 2.44 2.75 3.06 3.38 3.69 3.97 4.47 5.25 6.06 6.97 7.59 8.12 8.56 9.09 9.53 9.84 10.19 10.44 10.62 10.78 11.06 11.44 11.84 12.25 12.81 13.56 14.31 15.06 15.75 16.53 17.19 18.00 18.78 19.47 20.94 21.78 22.44 23.25 23.91 24.47
-1.34 -1.31 -1.41 -1.53 -1.53 -1.47 -1.31 -1.22 -1.25 -1.22 -1.12 -1.28 -1.44 -1.53 -1.56 -1.56 -1.59 -1.66 -1.69 -1.69 -1.69 -1.66 -1.62 -1.56 -1.47 -1.34 -1.16 -0.97 -0.72 -0.44 -0.12 0.19 0.50 0.78 1.06 1.34 1.59 1.84 2.12 2.50 2.78 3.09 3.41 3.75 4.09 4.75 5.69 6.69 7.34 7.84 8.12 8.66 9.16 9.56 9.88 10.22 10.44 10.62 10.78 11.16 11.56 11.97 12.41 13.03 13.78 14.50 15.16 15.97 16.72 17.47 18.16 18.81 19.59 20.75 21.53 22.47 23.28 23.91 24.47
-1.31 -1.12 -1.22 -1.47 -1.47 -1.41 -1.44 -1.31 -1.25 -1.34 -1.22 -1.34 -1.44 -1.50 -1.56 -1.62 -1.62 -1.66 -1.69 -1.66 -1.66 -1.62 -1.56 -1.50 -1.38 -1.22 -1.03 -0.84 -0.53 -0.25 0.06 0.34 0.66 0.91 1.16 1.41 1.66 1.94 2.25 2.59 2.84 3.16 3.50 3.81 4.28 5.16 6.28 7.16 7.72 7.97 8.22 8.69 9.16 9.56 9.91 10.25 10.44 10.59 10.91 11.31 11.72 12.16 12.56 13.25 13.97 14.69 15.41 16.19 16.84 17.69 18.41 19.06 19.75 20.53 21.31 22.44 23.28 23.91 24.47
-1.41 -1.22 -1.03 -1.09 -1.47 -1.31 -1.41 -1.25 -1.12 -1.12 -1.31 -1.38 -1.44 -1.50 -1.59 -1.62 -1.66 -1.66 -1.69 -1.66 -1.62 -1.59 -1.50 -1.41 -1.25 -1.06 -0.88 -0.66 -0.34 -0.06 0.25 0.53 0.78 1.03 1.25 1.47 1.69 1.97 2.34 2.66 2.94 3.25 3.59 3.94 4.62 5.75 6.88 7.50 7.78 8.03 8.38 8.81 9.22 9.59 9.97 10.25 10.47 10.72 11.06 11.50 11.94 12.38 12.75 13.47 14.16 14.88 15.56 16.44 17.22 17.97 18.66 19.22 20.09 20.94 21.59 22.34 23.25 23.88 24.44
-1.41 -1.09 -0.78 -0.84 -1.12 -1.38 -1.44 -1.47 -1.22 -1.19 -1.50 -1.47 -1.53 -1.59 -1.62 -1.66 -1.66 -1.66 -1.69 -1.66 -1.59 -1.53 -1.44 -1.31 -1.12 -0.94 -0.72 -0.44 -0.16 0.16 0.44 0.69 0.94 1.16 1.34 1.50 1.75 2.03 2.41 2.66 2.97 3.31 3.72 4.12 5.12 6.28 7.09 7.66 7.78 8.12 8.56 9.00 9.38 9.78 10.16 10.44 10.66 10.94 11.31 11.75 12.22 12.66 13.12 13.62 14.31 15.06 15.78 16.59 17.53 18.38 19.09 19.94 20.38 21.56 22.12 22.72 23.19 23.97 24.41
-1.50 -1.25 -1.09 -0.72 -0.91 -1.50 -1.31 -1.28 -1.50 -1.59 -1.62 -1.59 -1.62 -1.66 -1.66 -1.66 -1.66 -1.66 -1.66 -1.62 -1.56 -1.50 -1.38 -1.22 -1.03 -0.81 -0.53 -0.22 0.06 0.34 0.62 0.84 1.06 1.25 1.41 1.56 1.81 2.16 2.44 2.72 3.06 3.44 3.84 4.50 5.62 6.59 7.31 7.62 7.88 8.28 8.78 9.28 9.69 10.09 10.41 10.66 10.84 11.16 11.56 12.06 12.56 13.03 13.50 14.06 14.66 15.38 16.12 16.94 17.88 18.78 19.59 20.59 21.41 21.59 22.59 23.09 23.59 24.16 24.59
-1.50 -1.00 -0.75 -1.09 -1.25 -1.56 -1.44 -1.53 -1.62 -1.62 -1.62 -1.66 -1.66 -1.66 -1.66 -1.66 -1.62 -1.62 -1.62 -1.59 -1.53 -1.47 -1.34 -1.16 -0.91 -0.62 -0.31 -0.03 0.28 0.53 0.78 1.00 1.22 1.38 1.53 1.72 2.03 2.31 2.56 2.81 3.16 3.59 4.06 5.00 6.03 6.81 7.38 7.75 8.09 8.53 9.06 9.56 10.03 10.41 10.69 10.97 11.19 11.50 11.91 12.44 12.94 13.44 13.97 14.53 15.03 15.59 16.34 17.00 18.09 19.09 20.22 21.19 21.88 22.47 23.16 23.69 24.06 24.44 24.88
-1.56 -1.34 -1.22 -1.22 -1.28 -1.41 -1.50 -1.59 -1.66 -1.66 -1.66 -1.66 -1.66 -1.66 -1.66 -1.66 -1.62 -1.59 -1.59 -1.53 -1.50 -1.41 -1.25 -1.03 -0.78 -0.44 -0.09 0.22 0.47 0.72 0.94 1.16 1.31 1.47 1.66 1.91 2.19 2.44 2.69 2.97 3.31 3.75 4.50 5.66 6.47 7.12 7.66 8.00 8.34 8.84 9.34 9.88 10.31 10.66 10.97 11.22 11.53 11.84 12.28 12.81 13.34 13.91 14.41 15.00 15.56 16.06 16.56 17.38 18.25 19.06 20.44 21.56 21.97 23.06 23.72 24.16 24.53 24.84 25.00
-1.62 -1.50 -1.47 -1.50 -1.28 -1.31 -1.62 -1.66 -1.66 -1.66 -1.66 -1.66 -1.66 -1.66 -1.66 -1.62 -1.59 -1.56 -1.53 -1.47 -1.41 -1.31 -1.16 -0.91 -0.56 -0.22 0.12 0.44 0.66 0.88 1.09 1.28 1.41 1.59 1.81 2.06 2.31 2.56 2.84 3.16 3.50 4.06 5.22 6.41 7.06 7.47 7.88 8.28 8.69 9.16 9.66 10.16 10.50 10.81 11.16 11.50 11.81 12.16 12.62 13.19 13.78 14.44 15.09 15.44 16.12 16.59 17.06 17.66 18.38 19.19 20.47 21.53 22.34 22.94 23.88 24.44 24.91 25.22 25.47
-1.66 -1.59 -1.38 -1.31 -1.50 -1.59 -1.66 -1.66 -1.66 -1.66 -1.66 -1.66 -1.66 -1.66 -1.62 -1.59 -1.53 -1.47 -1.44 -1.38 -1.28 -1.16 -0.97 -0.69 -0.34 0.03 0.34 0.62 0.84 1.03 1.22 1.38 1.53 1.69 1.97 2.19 2.44 2.69 3.00 3.34 3.72 4.66 6.06 7.03 7.50 7.78 8.19 8.59 9.03 9.50 9.94 10.38 10.69 11.00 11.38 11.75 12.09 12.47 12.94 13.53 14.16 14.94 15.66 16.22 16.69 17.22 17.62 18.03 18.66 19.28 20.41 21.22 22.38 23.25 23.91 24.56 25.19 25.69 26.00
-1.66 -1.62 -1.53 -1.56 -1.62 -1.62 -1.66 -1.66 -1.66 -1.66 -1.66 -1.66 -1.66 -1.62 -1.59 -1.53 -1.47 -1.41 -1.31 -1.22 -1.09 -0.94 -0.72 -0.44 -0.09 0.28 0.56 0.78 1.00 1.19 1.34 1.50 1.66 1.88 2.16 2.34 2.59 2.84 3.16 3.50 4.09 5.53 6.72 7.47 7.75 8.09 8.53 8.94 9.34 9.78 10.19 10.56 10.88 11.16 11.53 11.94 12.31 12.75 13.25 13.88 14.56 15.38 16.16 16.78 17.38 17.81 18.25 18.78 19.19 19.41 20.22 21.22 22.38 23.25 23.81 24.44 25.47 26.12 26.56
-1.66 -1.66 -1.59 -1.62 -1.66 -1.66 -1.66 -1.66 -1.66 -1.66 -1.66 -1.66 -1.62 -1.59 -1.53 -1.47 -1.41 -1.28 -1.19 -1.06 -0.91 -0.72 -0.47 -0.16 0.19 0.50 0.75 0.94 1.12 1.31 1.44 1.62 1.88 2.09 2.38 2.56 2.78 3.06 3.44 3.72 4.94 6.25 7.19 7.62 7.94 8.38 8.81 9.25 9.62 10.00 10.38 10.75 11.06 11.41 11.78 12.12 12.53 13.00 13.53 14.16 14.91 15.75 16.44 17.12 17.84 18.25 18.62 19.03 19.34 19.81 20.25 21.03 22.16 23.03 23.62 24.84 25.97 26.50 26.94
-1.66 -1.66 -1.66 -1.66 -1.66 -1.66 -1.66 -1.66 -1.66 -1.66 -1.66 -1.66 -1.62 -1.56 -1.50 -1.41 -1.31 -1.19 -1.06 -0.91 -0.72 -0.50 -0.22 0.09 0.41 0.66 0.91 1.09 1.28 1.41 1.56 1.75 2.03 2.31 2.56 2.78 3.03 3.34 3.75 4.47 5.91 6.84 7.53 7.72 8.12 8.59 9.06 9.47 9.81 10.19 10.56 10.91 11.22 11.56 11.94 12.31 12.75 13.19 13.75 14.34 15.06 15.97 16.66 17.25 17.94 18.38 18.78 19.22 19.59 20.03 20.47 21.09 21.94 22.66 23.94 25.09 26.19 26.59 27.28
-1.66 -1.66 -1.66 -1.66 -1.66 -1.66 -1.66 -1.66 -1.66 -1.66 -1.66 -1.66 -1.59 -1.53 -1.44 -1.31 -1.22 -1.06 -0.91 -0.72 -0.53 -0.28 0.00 0.31 0.59 0.81 1.00 1.22 1.38 1.53 1.72 1.91 2.19 2.47 2.75 3.00 3.31 3.69 4.12 5.47 6.69 7.38 7.66 7.88 8.31 8.81 9.25 9.66 10.00 10.41 10.72 11.03 11.34 11.69 12.06 12.47 12.91 13.41 13.91 14.50 15.12 15.81 16.59 17.25 17.78 18.38 18.81 19.41 19.84 20.31 21.00 21.47 22.00 23.03 23.97 25.03 25.91 27.00 27.56
-1.66 -1.66 -1.66 -1.66 -1.66 -1.66 -1.66 -1.66 -1.66 -1.66 -1.66 -1.62 -1.56 -1.47 -1.38 -1.25 -1.09 -0.94 -0.75 -0.53 -0.31 -0.09 0.22 0.50 0.72 0.91 1.12 1.31 1.50 1.69 1.88 2.09 2.31 2.59 2.88 3.22 3.56 4.06 5.12 6.44 7.28 7.72 7.91 8.16 8.59 9.03 9.44 9.84 10.25 10.59 10.91 11.19 11.50 11.84 12.25 12.69 13.12 13.59 14.00 14.56 15.09 15.69 16.50 17.16 17.78 18.34 18.88 19.56 20.22 20.84 21.47 22.16 22.81 23.12 24.06 24.78 25.88 26.81 27.44
-1.66 -1.66 -1.66 -1.66 -1.66 -1.66 -1.66 -1.66 -1.66 -1.66 -1.66 -1.62 -1.56 -1.44 -1.31 -1.19 -1.00 -0.81 -0.59 -0.38 -0.12 0.12 0.41 0.62 0.81 1.03 1.22 1.44 1.62 1.88 2.09 2.31 2.50 2.75 3.09 3.47 3.97 4.97 6.12 7.03 7.66 7.88 8.16 8.44 8.84 9.28 9.66 10.06 10.44 10.78 11.06 11.41 11.72 12.06 12.47 12.88 13.31 13.72 14.12 14.66 15.09 15.59 16.34 16.94 17.66 18.22 18.97 19.56 20.31 21.09 21.56 22.44 23.28 23.78 24.09 24.84 25.72 26.69 27.41
-1.66 -1.66 -1.66 -1.66 -1.66 -1.66 -1.66 -1.66 -1.66 -1.66 -1.66 -1.62 -1.53 -1.44 -1.28 -1.09 -0.91 -0.69 -0.44 -0.22 0.06 0.34 0.56 0.75 0.94 1.16 1.38 1.56 1.75 2.03 2.31 2.53 2.78 3.06 3.34 3.94 4.88 5.81 6.81 7.53 7.81 8.06 8.41 8.75 9.16 9.53 9.91 10.28 10.62 10.94 11.28 11.59 11.94 12.31 12.69 13.09 13.47 13.88 14.28 14.72 15.19 15.78 16.50 17.09 17.72 18.34 19.00 19.56 20.28 20.78 21.62 22.38 23.28 23.97 24.62 25.28 25.97 26.66 27.34
-1.66 -1.66 -1.66 -1.66 -1.66 -1.66 -1.66 -1.66 -1.66 -1.66 -1.66 -1.62 -1.56 -1.41 -1.25 -1.03 -0.78 -0.56 -0.31 -0.03 0.22 0.50 0.69 0.88 1.09 1.31 1.53 1.72 1.94 2.22 2.50 2.81 3.09 3.38 3.94 4.84 5.69 6.69 7.31 7.75 8.00 8.34 8.72 9.09 9.47 9.84 10.19 10.53 10.88 11.19 11.50 11.84 12.19 12.53 12.88 13.25 13.62 14.00 14.38 14.81 15.28 16.00 16.50 17.12 17.75 18.38 18.97 19.56 20.16 20.91 21.69 22.53 23.28 23.91 24.69 25.38 26.03 26.66 27.28
-1.66 -1.66 -1.66 -1.66 -1.66 -1.66 -1.66 -1.66 -1.66 -1.66 -1.66 -1.66 -1.59 -1.44 -1.22 -0.97 -0.69 -0.41 -0.12 0.12 0.38 0.59 0.78 1.00 1.22 1.47 1.69 1.91 2.16 2.44 2.75 3.12 3.47 4.00 4.94 5.78 6.75 7.34 7.78 7.94 8.28 8.72 9.09 9.47 9.81 10.19 10.50 10.81 11.12 11.44 11.75 12.06 12.41 12.72 13.06 13.41 13.75 14.09 14.47 14.88 15.38 15.88 16.47 17.06 17.59 18.28 18.84 19.53 20.19 20.97 21.72 22.62 23.19 24.03 24.69 25.28 26.03 26.56 27.25
-1.66 -1.66 -1.66 -1.66 -1.66 -1.66 -1.66 -1.66 -1.66 -1.66 -1.66 -1.66 -1.62 -1.50 -1.22 -0.88 -0.53 -0.22 0.03 0.31 0.56 0.72 0.88 1.09 1.34 1.59 1.84 2.09 2.41 2.72 3.12 3.72 4.34 5.09 5.88 6.81 7.50 8.00 8.06 8.31 8.72 9.09 9.44 9.81 10.16 10.47 10.81 11.09 11.41 11.72 12.00 12.31 12.59 12.91 13.22 13.53 13.84 14.19 14.56 14.94 15.41 15.88 16.47 17.06 17.72 18.25 18.97 19.72 20.41 21.12 21.88 22.53 23.25 24.12 24.94 25.66 26.19 26.72 27.22
-1.66 -1.66 -1.66 -1.66 -1.66 -1.66 -1.66 -1.66 -1.66 -1.66 -1.66 -1.66 -1.66 -1.59 -1.25 -0.72 -0.28 0.00 0.25 0.50 0.66 0.81 0.97 1.19 1.44 1.72 2.00 2.34 2.72 3.16 3.78 4.38 5.06 5.84 6.50 7.22 7.75 8.03 8.25 8.69 9.06 9.44 9.78 10.12 10.44 10.78 11.06 11.38 11.66 11.94 12.22 12.47 12.75 13.06 13.34 13.66 13.97 14.28 14.62 15.00 15.47 15.97 16.62 17.22 17.81 18.47 19.12 19.88 20.56 21.28 21.94 22.75 23.47 24.38 25.22 25.91 26.53 26.97 27.47
-1.66 -1.66 -1.66 -1.66 -1.66 -1.66 -1.66 -1.66 -1.66 -1.66 -1.66 -1.66 -1.66 -1.66 -1.66 -0.09 0.12 0.31 0.44 0.59 0.72 0.88 1.06 1.28 1.53 1.84 2.19 2.59 3.16 3.91 4.62 5.28 5.81 6.38 6.91 7.38 7.72 8.06 8.47 8.94 9.38 9.75 10.06 10.41 10.72 11.03 11.31 11.59 11.88 12.16 12.41 12.66 12.94 13.19 13.47 13.75 14.06 14.38 14.72 15.12 15.59 16.16 16.75 17.28 18.00 18.53 19.25 19.94 20.59 21.38 22.00 22.84 23.53 24.34 25.19 25.94 26.66 27.31 27.81
-1.66 -1.66 -1.66 -1.66 -1.66 -1.62 -1.62 -1.62 -1.62 -1.66 -1.00 -0.75 -0.50 -0.28 -0.09 0.09 0.25 0.38 0.50 0.66 0.81 1.00 1.19 1.44 1.69 2.03 2.44 3.03 3.97 4.94 5.50 5.94 6.31 6.69 6.97 7.34 7.78 8.25 8.72 9.16 9.56 10.00 10.34 10.66 10.97 11.25 11.53 11.81 12.09 12.34 12.59 12.81 13.06 13.31 13.56 13.84 14.16 14.47 14.78 15.25 15.81 16.34 16.94 17.59 18.19 18.78 19.25 19.91 20.69 21.44 22.16 22.91 23.66 24.53 25.41 26.16 26.81 27.47 27.94
-1.66 -1.66 -1.66 -1.62 -1.62 -1.59 -1.56 -1.50 -1.44 -1.25 -0.69 -0.47 -0.25 -0.09 0.06 0.22 0.34 0.44 0.56 0.72 0.91 1.09 1.34 1.59 1.91 2.31 2.84 3.91 5.00 5.62 6.06 6.19 6.44 6.72 7.09 7.56 8.03 8.47 8.91 9.34 9.75 10.16 10.56 10.88 11.16 11.44 11.72 12.00 12.28 12.50 12.72 12.94 13.19 13.41 13.66 13.94 14.22 14.56 14.94 15.38 15.97 16.56 17.06 17.75 18.34 19.00 19.56 20.00 20.81 21.47 22.19 22.91 23.72 24.78 25.72 26.38 26.78 27.59 28.19
-1.66 -1.66 -1.62 -1.62 -1.59 -1.53 -1.47 -1.38 -1.22 -0.94 -0.56 -0.25 -0.06 0.06 0.19 0.28 0.38 0.50 0.62 0.78 1.00 1.25 1.50 1.81 2.22 2.75 3.81 4.78 5.47 5.94 5.97 6.16 6.50 6.91 7.31 7.75 8.22 8.66 9.09 9.53 9.91 10.31 10.75 11.06 11.34 11.62 11.91 12.19 12.41 12.62 12.84 13.06 13.28 13.50 13.75 14.00 14.31 14.66 15.09 15.53 16.16 16.78 17.38 17.91 18.53 19.25 19.84 20.41 20.84 21.69 22.41 23.09 23.97 25.06 26.03 26.69 27.28 27.84 28.25
-1.66 -1.66 -1.62 -1.56 -1.53 -1.44 -1.34 -1.22 -1.03 -0.78 -0.44 -0.06 0.06 0.16 0.25 0.31 0.41 0.53 0.69 0.91 1.12 1.41 1.72 2.09 2.62 3.66 4.56 5.19 5.66 5.78 5.97 6.44 6.78 7.12 7.50 7.94 8.41 8.81 9.25 9.69 10.06 10.44 10.88 11.22 11.50 11.78 12.06 12.34 12.56 12.75 12.94 13.16 13.34 13.56 13.81 14.06 14.38 14.78 15.28 15.81 16.44 17.03 17.59 18.25 18.84 19.41 20.12 20.69 21.28 21.97 22.44 23.34 24.44 25.12 26.19 26.88 27.41 27.97 28.44
-1.66 -1.62 -1.59 -1.53 -1.47 -1.38 -1.25 -1.09 -0.88 -0.59 -0.31 0.06 0.16 0.25 0.28 0.34 0.47 0.59 0.78 1.03 1.28 1.59 1.97 2.44 3.47 4.41 5.16 5.44 5.72 5.97 6.28 6.72 7.03 7.34 7.69 8.12 8.56 9.00 9.41 9.78 10.19 10.53 11.00 11.34 11.62 11.91 12.19 12.44 12.62 12.81 13.03 13.22 13.41 13.62 13.88 14.12 14.47 14.88 15.41 16.06 16.72 17.31 17.88 18.59 19.22 19.84 20.31 21.00 21.59 22.25 23.12 24.06 24.78 25.66 26.28 26.94 27.53 28.03 28.53
-1.66 -1.59 -1.56 -1.47 -1.38 -1.28 -1.12 -0.94 -0.72 -0.47 -0.19 0.16 0.22 0.28 0.34 0.41 0.53 0.69 0.91 1.16 1.44 1.81 2.34 3.16 4.31 5.06 5.41 5.66 6.03 6.34 6.62 7.00 7.28 7.56 7.91 8.31 8.75 9.16 9.53 9.91 10.31 10.66 11.12 11.44 11.75 12.03 12.31 12.53 12.72 12.91 13.09 13.28 13.47 13.69 13.94 14.22 14.56 15.03 15.62 16.28 16.94 17.53 18.16 18.84 19.56 20.19 20.75 21.34 22.00 22.69 23.44 24.06 24.91 25.78 26.50 27.06 27.47 27.97 28.50
-1.62 -1.56 -1.50 -1.41 -1.31 -1.16 -1.00 -0.81 -0.59 -0.34 -0.06 0.22 0.31 0.34 0.41 0.47 0.62 0.78 1.00 1.25 1.62 2.12 2.81 4.03 4.91 5.47 5.72 6.09 6.44 6.72 7.00 7.28 7.50 7.78 8.12 8.53 8.94 9.34 9.69 10.06 10.47 10.75 11.19 11.53 11.81 12.12 12.38 12.56 12.75 12.94 13.12 13.34 13.53 13.78 14.00 14.31 14.91 15.44 15.97 16.50 17.06 17.62 18.31 18.97 19.81 20.50 21.09 21.69 22.19 22.94 23.53 24.16 24.84 25.72 26.47 27.06 27.53 27.94 28.59
