everonasctiles/Tile41,27.asc
ncols 128
nrows 128
xllcorner 0
yllcorner 0
cellsize 2.0
NODATA_value  -9999
[rows 0 to 28 of 128, columns 0 to 66 of 128]
-122.81 -122.84 -122.84 -122.81 -122.78 -122.75 -122.72 -122.72 -122.75 -122.84 -122.97 -123.12 -123.31 -123.47 -123.66 -123.81 -124.00 -124.16 -124.31 -124.47 -124.62 -124.78 -124.94 -125.06 -125.19 -125.31 -125.41 -125.50 -125.59 -125.66 -125.75 -125.81 -125.84 -125.91 -125.94 -125.97 -126.00 -126.00 -126.03 -126.03 -126.06 -126.06 -126.06 -126.09 -126.06 -126.06 -126.06 -126.03 -126.00 -125.97 -125.94 -125.91 -125.84 -125.78 -125.72 -125.66 -125.56 -125.47 -125.38 -125.28 -125.19 -125.09 -125.00 -124.91 -124.78 -124.69 -124.59
-122.84 -122.91 -122.94 -122.91 -122.91 -122.88 -122.88 -122.88 -122.94 -123.03 -123.19 -123.34 -123.50 -123.69 -123.84 -124.03 -124.19 -124.34 -124.50 -124.66 -124.81 -124.94 -125.06 -125.22 -125.31 -125.44 -125.53 -125.62 -125.72 -125.78 -125.88 -125.91 -125.97 -126.00 -126.06 -126.09 -126.09 -126.12 -126.12 -126.16 -126.16 -126.16 -126.16 -126.16 -126.16 -126.16 -126.12 -126.09 -126.06 -126.06 -126.00 -125.97 -125.94 -125.88 -125.78 -125.72 -125.66 -125.56 -125.47 -125.38 -125.28 -125.19 -125.09 -125.00 -124.88 -124.78 -124.69
-122.88 -122.94 -122.97 -123.00 -123.00 -123.00 -123.00 -123.06 -123.12 -123.22 -123.38 -123.53 -123.69 -123.88 -124.03 -124.22 -124.38 -124.53 -124.69 -124.81 -124.97 -125.09 -125.22 -125.34 -125.47 -125.56 -125.66 -125.75 -125.84 -125.91 -125.97 -126.03 -126.09 -126.12 -126.16 -126.19 -126.19 -126.22 -126.22 -126.25 -126.25 -126.25 -126.25 -126.25 -126.25 -126.25 -126.22 -126.19 -126.16 -126.12 -126.09 -126.06 -126.00 -125.94 -125.88 -125.81 -125.72 -125.66 -125.56 -125.47 -125.38 -125.28 -125.19 -125.09 -125.00 -124.88 -124.78
-122.84 -122.94 -123.00 -123.03 -123.06 -123.09 -123.12 -123.19 -123.28 -123.41 -123.56 -123.72 -123.91 -124.06 -124.22 -124.38 -124.56 -124.69 -124.84 -124.97 -125.12 -125.25 -125.38 -125.47 -125.59 -125.69 -125.78 -125.88 -125.94 -126.00 -126.06 -126.12 -126.19 -126.22 -126.25 -126.28 -126.31 -126.31 -126.34 -126.34 -126.34 -126.34 -126.34 -126.34 -126.34 -126.31 -126.31 -126.28 -126.25 -126.22 -126.19 -126.16 -126.09 -126.03 -125.97 -125.91 -125.84 -125.75 -125.66 -125.56 -125.50 -125.41 -125.31 -125.19 -125.09 -125.00 -124.88
-122.84 -122.91 -123.00 -123.06 -123.12 -123.19 -123.25 -123.34 -123.44 -123.59 -123.75 -123.91 -124.06 -124.25 -124.41 -124.56 -124.72 -124.88 -125.00 -125.12 -125.25 -125.38 -125.50 -125.62 -125.72 -125.81 -125.91 -125.97 -126.06 -126.12 -126.19 -126.22 -126.28 -126.31 -126.34 -126.38 -126.41 -126.41 -126.44 -126.44 -126.44 -126.44 -126.44 -126.44 -126.44 -126.41 -126.41 -126.38 -126.34 -126.31 -126.28 -126.25 -126.19 -126.12 -126.06 -126.00 -125.94 -125.88 -125.78 -125.69 -125.59 -125.50 -125.41 -125.31 -125.22 -125.12 -125.00
-122.81 -122.91 -123.00 -123.06 -123.16 -123.25 -123.34 -123.47 -123.59 -123.75 -123.91 -124.09 -124.25 -124.41 -124.56 -124.72 -124.88 -125.00 -125.16 -125.28 -125.41 -125.53 -125.62 -125.72 -125.84 -125.91 -126.00 -126.09 -126.16 -126.22 -126.28 -126.31 -126.38 -126.41 -126.44 -126.47 -126.47 -126.50 -126.50 -126.53 -126.53 -126.53 -126.53 -126.53 -126.53 -126.50 -126.50 -126.47 -126.44 -126.41 -126.38 -126.34 -126.28 -126.25 -126.19 -126.12 -126.06 -125.97 -125.91 -125.81 -125.72 -125.66 -125.56 -125.44 -125.34 -125.25 -125.12
-122.78 -122.88 -123.00 -123.09 -123.19 -123.31 -123.44 -123.59 -123.75 -123.91 -124.06 -124.25 -124.41 -124.56 -124.72 -124.88 -125.03 -125.16 -125.28 -125.41 -125.53 -125.66 -125.75 -125.84 -125.94 -126.03 -126.09 -126.19 -126.25 -126.31 -126.38 -126.41 -126.44 -126.50 -126.53 -126.56 -126.56 -126.59 -126.59 -126.62 -126.62 -126.62 -126.62 -126.62 -126.62 -126.59 -126.59 -126.56 -126.56 -126.53 -126.47 -126.44 -126.41 -126.34 -126.31 -126.25 -126.19 -126.09 -126.03 -125.94 -125.88 -125.78 -125.69 -125.59 -125.50 -125.38 -125.28
-122.75 -122.88 -123.00 -123.12 -123.25 -123.38 -123.53 -123.72 -123.88 -124.06 -124.22 -124.41 -124.56 -124.72 -124.88 -125.03 -125.16 -125.31 -125.44 -125.53 -125.66 -125.78 -125.88 -125.97 -126.06 -126.12 -126.22 -126.28 -126.34 -126.41 -126.44 -126.50 -126.53 -126.56 -126.59 -126.62 -126.66 -126.69 -126.69 -126.72 -126.72 -126.72 -126.72 -126.72 -126.72 -126.72 -126.69 -126.69 -126.66 -126.62 -126.59 -126.56 -126.50 -126.47 -126.41 -126.38 -126.31 -126.25 -126.16 -126.09 -126.00 -125.94 -125.84 -125.75 -125.66 -125.53 -125.44
-122.75 -122.88 -123.00 -123.16 -123.31 -123.47 -123.66 -123.81 -124.00 -124.19 -124.38 -124.53 -124.69 -124.84 -125.00 -125.16 -125.28 -125.44 -125.56 -125.66 -125.78 -125.88 -125.97 -126.06 -126.16 -126.22 -126.31 -126.38 -126.44 -126.47 -126.53 -126.56 -126.62 -126.66 -126.69 -126.72 -126.75 -126.75 -126.78 -126.78 -126.81 -126.81 -126.81 -126.81 -126.81 -126.81 -126.78 -126.78 -126.75 -126.72 -126.69 -126.66 -126.62 -126.59 -126.53 -126.50 -126.44 -126.38 -126.31 -126.25 -126.16 -126.06 -126.00 -125.91 -125.81 -125.69 -125.59
-122.75 -122.88 -123.03 -123.19 -123.38 -123.56 -123.75 -123.94 -124.12 -124.31 -124.50 -124.66 -124.84 -125.00 -125.16 -125.28 -125.41 -125.56 -125.66 -125.78 -125.88 -125.97 -126.06 -126.16 -126.25 -126.31 -126.38 -126.44 -126.50 -126.56 -126.59 -126.66 -126.69 -126.72 -126.75 -126.78 -126.81 -126.84 -126.88 -126.88 -126.88 -126.91 -126.91 -126.91 -126.91 -126.91 -126.88 -126.88 -126.84 -126.84 -126.81 -126.78 -126.75 -126.72 -126.66 -126.62 -126.56 -126.50 -126.44 -126.38 -126.31 -126.22 -126.16 -126.06 -125.97 -125.88 -125.78
-122.75 -122.91 -123.06 -123.25 -123.44 -123.62 -123.84 -124.03 -124.25 -124.44 -124.62 -124.81 -124.97 -125.12 -125.28 -125.41 -125.53 -125.66 -125.78 -125.88 -126.00 -126.09 -126.16 -126.25 -126.31 -126.41 -126.47 -126.53 -126.59 -126.62 -126.69 -126.72 -126.75 -126.78 -126.84 -126.88 -126.88 -126.91 -126.94 -126.97 -126.97 -126.97 -127.00 -127.00 -127.00 -127.00 -126.97 -126.97 -126.97 -126.94 -126.91 -126.88 -126.84 -126.81 -126.78 -126.75 -126.69 -126.66 -126.59 -126.53 -126.47 -126.38 -126.31 -126.22 -126.16 -126.06 -125.94
-122.75 -122.91 -123.09 -123.31 -123.50 -123.72 -123.94 -124.12 -124.34 -124.53 -124.75 -124.91 -125.09 -125.25 -125.41 -125.53 -125.66 -125.78 -125.88 -126.00 -126.09 -126.19 -126.25 -126.34 -126.41 -126.47 -126.53 -126.59 -126.66 -126.69 -126.75 -126.78 -126.81 -126.88 -126.91 -126.94 -126.97 -127.00 -127.00 -127.03 -127.06 -127.06 -127.06 -127.06 -127.09 -127.09 -127.06 -127.06 -127.06 -127.03 -127.03 -127.00 -126.97 -126.94 -126.91 -126.88 -126.81 -126.78 -126.72 -126.66 -126.59 -126.53 -126.47 -126.41 -126.31 -126.22 -126.12
-122.75 -122.94 -123.12 -123.34 -123.56 -123.78 -124.00 -124.22 -124.44 -124.66 -124.84 -125.03 -125.19 -125.38 -125.50 -125.66 -125.78 -125.88 -126.00 -126.09 -126.19 -126.25 -126.34 -126.41 -126.47 -126.53 -126.59 -126.66 -126.72 -126.75 -126.81 -126.84 -126.88 -126.94 -126.97 -127.00 -127.03 -127.06 -127.09 -127.09 -127.12 -127.12 -127.16 -127.16 -127.16 -127.16 -127.16 -127.16 -127.16 -127.16 -127.12 -127.09 -127.09 -127.06 -127.03 -127.00 -126.94 -126.91 -126.88 -126.81 -126.75 -126.69 -126.62 -126.56 -126.50 -126.41 -126.31
-122.78 -122.97 -123.19 -123.41 -123.62 -123.84 -124.06 -124.28 -124.50 -124.72 -124.94 -125.12 -125.31 -125.47 -125.62 -125.75 -125.88 -126.00 -126.09 -126.19 -126.28 -126.34 -126.41 -126.50 -126.53 -126.59 -126.66 -126.72 -126.75 -126.81 -126.84 -126.91 -126.94 -126.97 -127.03 -127.06 -127.09 -127.12 -127.16 -127.19 -127.19 -127.22 -127.22 -127.25 -127.25 -127.25 -127.25 -127.25 -127.25 -127.25 -127.22 -127.22 -127.19 -127.16 -127.12 -127.09 -127.06 -127.03 -127.00 -126.97 -126.91 -126.84 -126.78 -126.72 -126.66 -126.56 -126.47
-122.81 -123.00 -123.22 -123.44 -123.69 -123.91 -124.12 -124.38 -124.59 -124.81 -125.00 -125.22 -125.41 -125.56 -125.72 -125.84 -125.97 -126.09 -126.19 -126.28 -126.38 -126.44 -126.50 -126.56 -126.62 -126.66 -126.72 -126.78 -126.81 -126.88 -126.91 -126.94 -127.00 -127.03 -127.06 -127.12 -127.16 -127.19 -127.22 -127.25 -127.25 -127.28 -127.31 -127.31 -127.31 -127.34 -127.34 -127.34 -127.34 -127.34 -127.31 -127.31 -127.28 -127.28 -127.25 -127.22 -127.19 -127.16 -127.12 -127.09 -127.03 -127.00 -126.94 -126.88 -126.81 -126.75 -126.66
-122.81 -123.03 -123.25 -123.50 -123.75 -123.97 -124.22 -124.44 -124.66 -124.88 -125.09 -125.31 -125.50 -125.66 -125.81 -125.97 -126.09 -126.19 -126.28 -126.38 -126.44 -126.53 -126.56 -126.62 -126.69 -126.72 -126.78 -126.81 -126.88 -126.91 -126.97 -127.00 -127.06 -127.09 -127.12 -127.16 -127.22 -127.25 -127.28 -127.31 -127.31 -127.34 -127.38 -127.38 -127.41 -127.41 -127.41 -127.41 -127.41 -127.41 -127.41 -127.41 -127.38 -127.38 -127.34 -127.34 -127.31 -127.28 -127.25 -127.22 -127.19 -127.12 -127.09 -127.03 -126.97 -126.91 -126.81
-122.84 -123.06 -123.31 -123.56 -123.81 -124.03 -124.28 -124.53 -124.75 -124.97 -125.19 -125.41 -125.59 -125.78 -125.94 -126.06 -126.19 -126.28 -126.38 -126.47 -126.53 -126.59 -126.66 -126.69 -126.75 -126.78 -126.81 -126.88 -126.91 -126.97 -127.00 -127.06 -127.09 -127.12 -127.19 -127.22 -127.25 -127.28 -127.31 -127.34 -127.38 -127.41 -127.44 -127.44 -127.47 -127.47 -127.50 -127.50 -127.50 -127.50 -127.50 -127.50 -127.47 -127.47 -127.44 -127.44 -127.41 -127.41 -127.38 -127.34 -127.31 -127.28 -127.22 -127.19 -127.12 -127.06 -126.97
-122.88 -123.09 -123.34 -123.62 -123.88 -124.12 -124.38 -124.62 -124.84 -125.06 -125.28 -125.50 -125.69 -125.88 -126.03 -126.16 -126.28 -126.41 -126.47 -126.56 -126.62 -126.69 -126.72 -126.78 -126.81 -126.84 -126.88 -126.94 -126.97 -127.00 -127.06 -127.09 -127.16 -127.19 -127.22 -127.28 -127.31 -127.34 -127.38 -127.41 -127.44 -127.47 -127.47 -127.50 -127.53 -127.53 -127.56 -127.56 -127.56 -127.56 -127.56 -127.56 -127.56 -127.56 -127.53 -127.53 -127.53 -127.50 -127.47 -127.44 -127.44 -127.38 -127.34 -127.31 -127.25 -127.19 -127.12
-122.94 -123.16 -123.44 -123.69 -123.97 -124.22 -124.47 -124.72 -124.94 -125.19 -125.38 -125.59 -125.78 -125.97 -126.12 -126.28 -126.38 -126.50 -126.56 -126.66 -126.72 -126.75 -126.81 -126.84 -126.88 -126.91 -126.94 -126.97 -127.00 -127.06 -127.09 -127.12 -127.19 -127.22 -127.28 -127.31 -127.34 -127.41 -127.44 -127.47 -127.47 -127.50 -127.53 -127.56 -127.59 -127.59 -127.62 -127.62 -127.62 -127.66 -127.66 -127.66 -127.62 -127.62 -127.62 -127.62 -127.59 -127.59 -127.56 -127.56 -127.53 -127.50 -127.47 -127.44 -127.38 -127.34 -127.28
-123.03 -123.25 -123.53 -123.78 -124.06 -124.31 -124.56 -124.81 -125.06 -125.28 -125.50 -125.69 -125.88 -126.06 -126.22 -126.38 -126.50 -126.59 -126.66 -126.75 -126.78 -126.84 -126.88 -126.91 -126.94 -126.97 -127.00 -127.03 -127.06 -127.09 -127.12 -127.19 -127.22 -127.28 -127.31 -127.34 -127.41 -127.44 -127.47 -127.50 -127.53 -127.56 -127.59 -127.62 -127.62 -127.66 -127.69 -127.69 -127.69 -127.72 -127.72 -127.72 -127.72 -127.72 -127.72 -127.69 -127.69 -127.69 -127.66 -127.66 -127.62 -127.59 -127.56 -127.53 -127.50 -127.47 -127.41
-123.12 -123.38 -123.62 -123.91 -124.16 -124.44 -124.69 -124.94 -125.19 -125.41 -125.62 -125.81 -126.00 -126.19 -126.31 -126.47 -126.59 -126.69 -126.78 -126.84 -126.88 -126.94 -126.97 -126.97 -127.00 -127.03 -127.03 -127.06 -127.09 -127.12 -127.16 -127.22 -127.25 -127.31 -127.34 -127.38 -127.44 -127.47 -127.50 -127.53 -127.56 -127.59 -127.62 -127.66 -127.69 -127.72 -127.72 -127.75 -127.75 -127.75 -127.78 -127.78 -127.78 -127.78 -127.78 -127.78 -127.75 -127.75 -127.75 -127.72 -127.72 -127.69 -127.69 -127.66 -127.62 -127.56 -127.53
-123.25 -123.50 -123.75 -124.03 -124.28 -124.56 -124.81 -125.06 -125.31 -125.53 -125.75 -125.94 -126.12 -126.28 -126.44 -126.56 -126.69 -126.78 -126.88 -126.94 -126.97 -127.00 -127.03 -127.06 -127.06 -127.09 -127.09 -127.12 -127.16 -127.16 -127.19 -127.25 -127.28 -127.34 -127.38 -127.41 -127.47 -127.50 -127.53 -127.56 -127.59 -127.62 -127.66 -127.69 -127.72 -127.75 -127.78 -127.78 -127.81 -127.81 -127.81 -127.81 -127.81 -127.84 -127.84 -127.84 -127.81 -127.81 -127.81 -127.81 -127.78 -127.78 -127.75 -127.75 -127.72 -127.69 -127.62
-123.38 -123.62 -123.88 -124.16 -124.41 -124.69 -124.94 -125.19 -125.44 -125.66 -125.88 -126.06 -126.25 -126.41 -126.56 -126.69 -126.81 -126.91 -126.97 -127.03 -127.06 -127.09 -127.12 -127.12 -127.16 -127.16 -127.16 -127.19 -127.19 -127.22 -127.22 -127.28 -127.31 -127.34 -127.41 -127.44 -127.50 -127.53 -127.56 -127.59 -127.66 -127.69 -127.72 -127.75 -127.75 -127.78 -127.81 -127.81 -127.84 -127.84 -127.88 -127.88 -127.88 -127.88 -127.88 -127.88 -127.88 -127.88 -127.88 -127.88 -127.88 -127.84 -127.84 -127.81 -127.78 -127.78 -127.72
-123.50 -123.75 -124.03 -124.28 -124.56 -124.81 -125.06 -125.31 -125.56 -125.78 -126.00 -126.19 -126.38 -126.53 -126.69 -126.81 -126.91 -127.00 -127.06 -127.12 -127.16 -127.19 -127.19 -127.22 -127.22 -127.22 -127.22 -127.22 -127.22 -127.25 -127.25 -127.31 -127.34 -127.38 -127.44 -127.47 -127.50 -127.56 -127.59 -127.62 -127.66 -127.72 -127.75 -127.78 -127.78 -127.81 -127.84 -127.84 -127.88 -127.88 -127.91 -127.91 -127.91 -127.94 -127.94 -127.94 -127.94 -127.94 -127.94 -127.94 -127.91 -127.91 -127.91 -127.88 -127.88 -127.84 -127.81
-123.66 -123.91 -124.19 -124.44 -124.72 -124.97 -125.22 -125.47 -125.69 -125.91 -126.12 -126.31 -126.50 -126.66 -126.78 -126.91 -127.03 -127.12 -127.19 -127.22 -127.25 -127.28 -127.28 -127.28 -127.28 -127.28 -127.28 -127.28 -127.28 -127.28 -127.31 -127.31 -127.34 -127.41 -127.44 -127.50 -127.53 -127.56 -127.62 -127.66 -127.69 -127.72 -127.75 -127.78 -127.81 -127.84 -127.88 -127.88 -127.91 -127.91 -127.94 -127.94 -127.94 -127.97 -127.97 -127.97 -127.97 -127.97 -127.97 -127.97 -127.97 -127.97 -127.94 -127.94 -127.94 -127.91 -127.88
-123.84 -124.09 -124.34 -124.59 -124.88 -125.12 -125.38 -125.59 -125.84 -126.06 -126.25 -126.44 -126.59 -126.75 -126.91 -127.03 -127.12 -127.22 -127.28 -127.31 -127.34 -127.34 -127.34 -127.34 -127.34 -127.34 -127.34 -127.34 -127.34 -127.31 -127.34 -127.34 -127.38 -127.41 -127.47 -127.50 -127.56 -127.59 -127.62 -127.69 -127.72 -127.75 -127.78 -127.81 -127.84 -127.88 -127.91 -127.91 -127.94 -127.94 -127.97 -127.97 -127.97 -128.00 -128.00 -128.00 -128.00 -128.00 -128.00 -128.00 -128.00 -128.00 -128.00 -128.00 -127.97 -127.97 -127.94
-124.03 -124.28 -124.53 -124.78 -125.03 -125.28 -125.53 -125.75 -125.97 -126.19 -126.38 -126.56 -126.72 -126.88 -127.00 -127.12 -127.22 -127.31 -127.38 -127.41 -127.44 -127.44 -127.44 -127.41 -127.41 -127.41 -127.41 -127.41 -127.38 -127.38 -127.38 -127.38 -127.41 -127.44 -127.47 -127.53 -127.56 -127.59 -127.66 -127.69 -127.72 -127.78 -127.81 -127.84 -127.88 -127.91 -127.91 -127.94 -127.94 -127.97 -127.97 -128.00 -128.00 -128.00 -128.00 -128.03 -128.03 -128.03 -128.03 -128.03 -128.03 -128.03 -128.03 -128.03 -128.00 -128.00 -128.00
-124.25 -124.47 -124.72 -124.97 -125.22 -125.47 -125.69 -125.91 -126.12 -126.34 -126.50 -126.69 -126.84 -126.97 -127.09 -127.22 -127.31 -127.41 -127.47 -127.50 -127.50 -127.50 -127.50 -127.50 -127.47 -127.47 -127.47 -127.44 -127.44 -127.41 -127.41 -127.41 -127.41 -127.44 -127.50 -127.53 -127.56 -127.62 -127.66 -127.72 -127.75 -127.78 -127.81 -127.84 -127.88 -127.91 -127.94 -127.94 -127.97 -128.00 -128.00 -128.00 -128.03 -128.03 -128.03 -128.03 -128.03 -128.03 -128.06 -128.06 -128.06 -128.06 -128.06 -128.06 -128.03 -128.03 -128.03
-124.47 -124.69 -124.94 -125.19 -125.41 -125.62 -125.88 -126.09 -126.28 -126.47 -126.66 -126.81 -126.94 -127.09 -127.19 -127.31 -127.41 -127.47 -127.53 -127.56 -127.56 -127.56 -127.56 -127.56 -127.53 -127.53 -127.50 -127.50 -127.47 -127.47 -127.44 -127.44 -127.44 -127.47 -127.50 -127.53 -127.59 -127.62 -127.66 -127.72 -127.75 -127.81 -127.84 -127.88 -127.91 -127.94 -127.94 -127.97 -127.97 -128.00 -128.00 -128.03 -128.03 -128.03 -128.03 -128.06 -128.06 -128.06 -128.06 -128.06 -128.06 -128.06 -128.06 -128.06 -128.06 -128.06 -128.06
