everonasctiles/Tile22,43.asc
ncols 128
nrows 128
xllcorner 0
yllcorner 0
cellsize 2.0
NODATA_value  -9999
[rows 0 to 35 of 128, columns 0 to 80 of 128]
0.59 0.56 0.53 0.53 0.53 0.53 0.56 0.59 0.59 0.66 0.62 0.56 0.59 0.66 0.66 0.66 0.66 0.59 0.59 0.59 0.62 0.56 0.56 0.56 0.53 0.53 0.50 0.44 0.34 0.22 0.16 0.09 -0.03 -0.31 -0.50 -0.75 -0.91 -1.12 -1.28 -1.44 -1.59 -1.69 -1.81 -1.78 -1.81 -1.91 -1.91 -1.94 -2.09 -2.22 -2.41 -2.44 -2.53 -2.56 -2.62 -2.75 -2.78 -2.78 -2.94 -3.16 -3.22 -3.38 -3.62 -3.75 -3.75 -3.88 -3.94 -4.03 -4.12 -4.25 -4.44 -4.47 -4.34 -4.53 -4.62 -4.72 -5.03 -5.31 -5.41 -5.41 -5.59
0.62 0.53 0.53 0.53 0.56 0.50 0.53 0.56 0.59 0.53 0.56 0.59 0.59 0.62 0.69 0.69 0.62 0.62 0.66 0.62 0.62 0.62 0.66 0.59 0.62 0.59 0.56 0.50 0.44 0.31 0.19 0.09 -0.03 -0.16 -0.38 -0.59 -0.75 -1.03 -1.19 -1.31 -1.47 -1.56 -1.69 -1.75 -1.81 -1.81 -1.84 -1.88 -2.03 -2.19 -2.34 -2.38 -2.38 -2.56 -2.69 -2.75 -2.84 -2.88 -2.91 -3.03 -3.22 -3.44 -3.50 -3.66 -3.78 -3.88 -4.06 -4.09 -4.22 -4.38 -4.44 -4.50 -4.59 -4.69 -4.62 -4.59 -4.69 -5.06 -5.16 -5.34 -5.53
0.56 0.56 0.59 0.56 0.50 0.53 0.56 0.56 0.50 0.53 0.56 0.62 0.62 0.66 0.66 0.62 0.62 0.62 0.62 0.59 0.66 0.66 0.69 0.69 0.69 0.69 0.66 0.56 0.53 0.38 0.25 0.12 0.00 -0.09 -0.28 -0.50 -0.75 -0.94 -1.03 -1.22 -1.31 -1.47 -1.56 -1.69 -1.78 -1.88 -1.84 -1.78 -1.91 -2.12 -2.19 -2.34 -2.38 -2.47 -2.47 -2.56 -2.62 -2.81 -2.91 -3.03 -3.19 -3.28 -3.53 -3.56 -3.62 -3.75 -3.84 -4.00 -4.19 -4.34 -4.44 -4.59 -4.62 -4.66 -4.69 -4.75 -4.69 -4.72 -4.97 -5.16 -5.22
0.56 0.56 0.53 0.56 0.56 0.53 0.53 0.53 0.50 0.59 0.62 0.62 0.59 0.59 0.66 0.69 0.69 0.66 0.66 0.59 0.66 0.66 0.72 0.72 0.72 0.75 0.69 0.66 0.59 0.47 0.34 0.19 0.06 -0.03 -0.22 -0.41 -0.62 -0.78 -0.88 -1.03 -1.22 -1.38 -1.53 -1.59 -1.69 -1.81 -1.81 -1.75 -1.88 -2.03 -2.12 -2.22 -2.19 -2.22 -2.38 -2.50 -2.53 -2.72 -2.84 -2.97 -2.97 -3.09 -3.22 -3.38 -3.56 -3.62 -3.78 -3.88 -4.00 -4.16 -4.31 -4.47 -4.62 -4.72 -4.62 -4.66 -4.75 -4.75 -4.84 -4.88 -5.00
0.50 0.53 0.50 0.53 0.53 0.59 0.53 0.53 0.59 0.59 0.59 0.50 0.62 0.66 0.66 0.62 0.69 0.69 0.66 0.69 0.72 0.69 0.72 0.72 0.78 0.81 0.75 0.72 0.69 0.56 0.41 0.31 0.19 0.00 -0.16 -0.34 -0.53 -0.66 -0.81 -0.94 -1.06 -1.22 -1.41 -1.50 -1.66 -1.69 -1.69 -1.75 -1.88 -2.03 -2.09 -2.16 -2.28 -2.38 -2.44 -2.47 -2.53 -2.62 -2.75 -2.94 -3.00 -3.06 -3.12 -3.34 -3.34 -3.50 -3.75 -3.78 -3.84 -4.00 -4.09 -4.22 -4.44 -4.53 -4.62 -4.62 -4.56 -4.75 -4.81 -4.81 -5.03
0.59 0.47 0.50 0.53 0.53 0.53 0.59 0.56 0.56 0.56 0.50 0.53 0.56 0.62 0.66 0.66 0.66 0.66 0.72 0.69 0.66 0.66 0.75 0.75 0.81 0.81 0.78 0.72 0.72 0.56 0.44 0.34 0.19 -0.06 -0.16 -0.31 -0.53 -0.75 -0.88 -0.94 -1.00 -1.16 -1.28 -1.47 -1.62 -1.69 -1.72 -1.69 -1.75 -1.81 -1.94 -2.09 -2.25 -2.41 -2.50 -2.50 -2.44 -2.53 -2.72 -2.94 -3.06 -3.09 -3.12 -3.19 -3.34 -3.59 -3.66 -3.62 -3.66 -3.84 -3.94 -4.00 -4.16 -4.28 -4.44 -4.47 -4.56 -4.66 -4.62 -4.75 -4.84
0.56 0.56 0.50 0.50 0.53 0.53 0.53 0.53 0.59 0.56 0.56 0.59 0.62 0.56 0.53 0.62 0.69 0.69 0.69 0.69 0.69 0.69 0.75 0.78 0.81 0.81 0.78 0.75 0.69 0.53 0.50 0.44 0.22 0.06 -0.12 -0.34 -0.50 -0.66 -0.78 -0.94 -1.06 -1.06 -1.19 -1.34 -1.50 -1.59 -1.75 -1.72 -1.72 -1.84 -1.91 -1.91 -2.06 -2.28 -2.41 -2.38 -2.53 -2.59 -2.66 -2.84 -2.97 -3.06 -3.16 -3.25 -3.28 -3.47 -3.62 -3.69 -3.69 -3.81 -3.88 -3.97 -4.12 -4.28 -4.34 -4.41 -4.44 -4.31 -4.41 -4.72 -4.94
0.50 0.50 0.47 0.53 0.53 0.50 0.50 0.53 0.50 0.53 0.62 0.62 0.53 0.53 0.62 0.66 0.62 0.66 0.72 0.69 0.69 0.75 0.78 0.78 0.75 0.81 0.78 0.75 0.66 0.59 0.50 0.44 0.22 0.06 -0.09 -0.25 -0.44 -0.62 -0.78 -0.91 -1.03 -1.19 -1.31 -1.34 -1.41 -1.50 -1.62 -1.66 -1.78 -1.88 -1.88 -1.97 -2.09 -2.16 -2.25 -2.38 -2.47 -2.56 -2.62 -2.69 -2.91 -3.00 -3.16 -3.19 -3.31 -3.34 -3.41 -3.50 -3.56 -3.66 -3.84 -3.97 -4.03 -4.19 -4.25 -4.31 -4.25 -4.38 -4.66 -4.69 -4.84
0.66 0.50 0.53 0.50 0.50 0.50 0.53 0.53 0.56 0.53 0.59 0.56 0.59 0.59 0.62 0.62 0.62 0.59 0.66 0.75 0.72 0.72 0.72 0.78 0.78 0.84 0.75 0.72 0.69 0.72 0.62 0.41 0.22 0.09 -0.03 -0.12 -0.31 -0.50 -0.72 -0.84 -0.94 -1.16 -1.25 -1.41 -1.50 -1.53 -1.47 -1.56 -1.72 -1.81 -2.00 -2.00 -2.06 -2.00 -2.12 -2.31 -2.34 -2.47 -2.50 -2.62 -2.75 -2.97 -3.03 -3.19 -3.31 -3.25 -3.28 -3.31 -3.53 -3.62 -3.69 -3.72 -3.78 -3.91 -3.91 -3.88 -4.12 -4.44 -4.53 -4.72 -4.81
0.72 0.59 0.56 0.53 0.53 0.50 0.50 0.53 0.53 0.53 0.56 0.56 0.62 0.62 0.66 0.56 0.56 0.59 0.72 0.72 0.72 0.75 0.69 0.78 0.78 0.81 0.78 0.72 0.75 0.69 0.50 0.41 0.31 0.12 0.06 -0.06 -0.25 -0.44 -0.56 -0.69 -0.94 -1.09 -1.19 -1.34 -1.44 -1.44 -1.50 -1.59 -1.62 -1.72 -1.91 -1.97 -2.06 -2.16 -2.22 -2.28 -2.38 -2.44 -2.47 -2.50 -2.62 -2.81 -2.91 -2.97 -3.12 -3.12 -3.19 -3.31 -3.44 -3.53 -3.47 -3.47 -3.56 -3.66 -3.78 -3.72 -3.94 -4.31 -4.28 -4.44 -4.72
0.62 0.59 0.66 0.62 0.53 0.53 0.53 0.56 0.53 0.53 0.50 0.59 0.59 0.62 0.56 0.62 0.66 0.66 0.62 0.69 0.75 0.75 0.81 0.84 0.81 0.78 0.72 0.78 0.69 0.62 0.47 0.41 0.34 0.12 0.06 -0.09 -0.25 -0.34 -0.47 -0.62 -0.78 -1.00 -1.19 -1.28 -1.38 -1.38 -1.38 -1.47 -1.62 -1.81 -1.78 -1.78 -1.78 -2.00 -2.16 -2.28 -2.44 -2.44 -2.56 -2.53 -2.53 -2.66 -2.78 -2.81 -2.94 -3.03 -3.12 -3.22 -3.28 -3.34 -3.34 -3.31 -3.50 -3.47 -3.53 -3.62 -3.78 -3.84 -4.09 -4.31 -4.47
0.84 0.81 0.72 0.59 0.50 0.59 0.59 0.53 0.56 0.56 0.59 0.56 0.50 0.56 0.53 0.62 0.66 0.62 0.59 0.62 0.75 0.81 0.75 0.72 0.78 0.78 0.75 0.78 0.72 0.59 0.53 0.56 0.38 0.16 0.03 -0.12 -0.31 -0.34 -0.44 -0.62 -0.75 -0.91 -0.97 -1.19 -1.25 -1.34 -1.41 -1.47 -1.59 -1.66 -1.84 -1.81 -1.84 -1.84 -1.97 -2.16 -2.28 -2.44 -2.56 -2.59 -2.53 -2.53 -2.62 -2.81 -2.97 -3.03 -2.97 -3.06 -3.12 -3.03 -3.03 -3.22 -3.22 -3.44 -3.41 -3.56 -3.59 -3.69 -3.88 -4.12 -4.31
0.84 0.59 0.69 0.78 0.72 0.66 0.62 0.56 0.53 0.53 0.53 0.56 0.59 0.56 0.59 0.62 0.62 0.59 0.62 0.66 0.69 0.69 0.78 0.72 0.78 0.88 0.81 0.81 0.72 0.62 0.56 0.41 0.31 0.25 0.09 -0.09 -0.16 -0.31 -0.47 -0.50 -0.62 -0.75 -0.91 -1.09 -1.16 -1.28 -1.41 -1.44 -1.59 -1.66 -1.75 -1.81 -1.84 -1.81 -1.88 -2.03 -2.09 -2.25 -2.44 -2.47 -2.44 -2.44 -2.53 -2.69 -2.66 -2.72 -2.72 -2.75 -2.84 -2.84 -2.81 -2.97 -3.12 -3.38 -3.22 -3.31 -3.50 -3.50 -3.69 -3.91 -4.06
1.19 1.03 0.81 0.81 0.81 0.59 0.62 0.59 0.59 0.56 0.53 0.53 0.53 0.62 0.66 0.62 0.56 0.69 0.69 0.69 0.69 0.72 0.75 0.75 0.84 0.84 0.78 0.69 0.75 0.66 0.56 0.44 0.31 0.22 0.16 0.09 -0.09 -0.28 -0.41 -0.53 -0.62 -0.69 -0.78 -1.00 -1.06 -1.19 -1.28 -1.44 -1.59 -1.72 -1.78 -1.91 -1.97 -1.94 -1.97 -2.06 -2.12 -2.00 -2.16 -2.34 -2.38 -2.47 -2.47 -2.59 -2.66 -2.59 -2.66 -2.66 -2.66 -2.75 -2.81 -2.97 -3.12 -3.12 -3.25 -3.34 -3.41 -3.56 -3.84 -3.97 -4.00
2.75 0.88 1.34 0.91 0.81 0.72 0.66 0.53 0.53 0.56 0.56 0.53 0.59 0.59 0.59 0.59 0.59 0.66 0.66 0.62 0.62 0.69 0.81 0.78 0.75 0.72 0.75 0.75 0.81 0.69 0.62 0.47 0.44 0.31 0.16 0.09 0.00 -0.12 -0.31 -0.47 -0.59 -0.69 -0.81 -0.91 -1.06 -1.19 -1.19 -1.41 -1.59 -1.62 -1.69 -1.78 -1.81 -1.91 -1.97 -1.91 -1.97 -2.06 -2.16 -2.22 -2.25 -2.34 -2.38 -2.47 -2.50 -2.62 -2.66 -2.66 -2.59 -2.66 -2.84 -3.03 -3.09 -3.16 -3.34 -3.38 -3.41 -3.59 -3.81 -3.91 -4.00
2.94 1.94 0.88 0.72 0.94 0.81 0.72 0.66 0.53 0.53 0.53 0.53 0.56 0.56 0.59 0.59 0.62 0.66 0.59 0.62 0.66 0.72 0.72 0.78 0.81 0.75 0.78 0.78 0.81 0.69 0.66 0.56 0.41 0.28 0.25 0.16 0.00 -0.16 -0.28 -0.41 -0.62 -0.72 -0.78 -0.91 -1.03 -1.09 -1.19 -1.34 -1.50 -1.50 -1.66 -1.78 -1.84 -1.88 -1.91 -1.97 -2.03 -2.06 -2.09 -2.12 -2.09 -2.25 -2.34 -2.41 -2.50 -2.47 -2.53 -2.59 -2.62 -2.75 -2.84 -2.84 -2.91 -2.97 -3.12 -3.38 -3.47 -3.56 -3.59 -3.59 -3.88
2.91 0.91 1.62 1.12 0.91 0.84 0.62 0.62 0.62 0.56 0.56 0.56 0.56 0.53 0.62 0.66 0.69 0.59 0.62 0.72 0.72 0.69 0.69 0.81 0.78 0.81 0.84 0.78 0.72 0.69 0.75 0.66 0.50 0.34 0.28 0.28 0.03 -0.16 -0.31 -0.41 -0.53 -0.66 -0.78 -0.88 -0.97 -1.03 -1.09 -1.28 -1.41 -1.47 -1.59 -1.69 -1.81 -1.91 -1.97 -2.06 -2.09 -2.16 -2.12 -2.09 -2.22 -2.28 -2.38 -2.44 -2.44 -2.47 -2.56 -2.69 -2.81 -2.75 -2.78 -2.81 -2.78 -2.78 -3.06 -3.22 -3.34 -3.50 -3.56 -3.62 -3.88
3.28 2.09 1.47 1.19 1.06 0.88 0.66 0.69 0.56 0.56 0.56 0.56 0.56 0.56 0.59 0.62 0.56 0.59 0.62 0.66 0.69 0.66 0.69 0.75 0.84 0.81 0.75 0.78 0.81 0.78 0.78 0.72 0.62 0.53 0.44 0.22 0.12 -0.06 -0.16 -0.31 -0.47 -0.59 -0.75 -0.84 -0.94 -1.03 -1.19 -1.12 -1.19 -1.28 -1.44 -1.59 -1.72 -1.78 -1.88 -1.94 -2.03 -2.12 -2.16 -2.16 -2.19 -2.22 -2.28 -2.28 -2.31 -2.41 -2.62 -2.72 -2.72 -2.78 -2.91 -2.81 -2.75 -2.91 -2.88 -2.94 -3.00 -3.22 -3.34 -3.53 -3.75
2.97 1.50 1.78 1.28 0.88 0.88 0.75 0.59 0.62 0.53 0.53 0.56 0.56 0.56 0.56 0.59 0.59 0.62 0.66 0.62 0.56 0.72 0.72 0.72 0.75 0.81 0.81 0.78 0.88 0.88 0.84 0.69 0.62 0.53 0.41 0.28 0.16 0.06 -0.19 -0.28 -0.38 -0.53 -0.69 -0.78 -0.91 -1.03 -1.12 -1.16 -1.28 -1.31 -1.34 -1.53 -1.62 -1.75 -1.84 -1.97 -1.97 -1.97 -2.03 -2.19 -2.19 -2.22 -2.28 -2.19 -2.28 -2.44 -2.59 -2.66 -2.66 -2.72 -2.88 -2.88 -2.84 -2.88 -2.94 -2.94 -2.72 -2.91 -3.19 -3.38 -3.47
2.94 1.81 1.59 1.38 1.09 0.88 0.72 0.62 0.53 0.56 0.56 0.59 0.53 0.56 0.56 0.56 0.66 0.72 0.66 0.62 0.69 0.69 0.66 0.66 0.75 0.81 0.78 0.84 0.88 0.88 0.69 0.75 0.72 0.53 0.41 0.31 0.25 0.09 -0.03 -0.28 -0.44 -0.56 -0.69 -0.81 -0.84 -0.97 -1.12 -1.22 -1.34 -1.38 -1.50 -1.56 -1.66 -1.66 -1.69 -1.88 -1.97 -2.06 -2.03 -2.00 -2.06 -2.06 -2.06 -2.16 -2.16 -2.31 -2.41 -2.47 -2.47 -2.50 -2.59 -2.75 -2.88 -2.88 -2.81 -2.94 -3.00 -2.88 -2.91 -3.16 -3.34
2.72 1.22 1.69 1.41 1.06 0.88 0.72 0.62 0.59 0.56 0.53 0.53 0.56 0.56 0.53 0.59 0.59 0.62 0.62 0.62 0.62 0.62 0.66 0.69 0.81 0.81 0.81 0.81 0.84 0.91 0.88 0.81 0.72 0.62 0.44 0.38 0.22 0.03 -0.09 -0.22 -0.34 -0.47 -0.56 -0.81 -0.91 -0.91 -1.03 -1.22 -1.38 -1.56 -1.56 -1.56 -1.62 -1.59 -1.62 -1.75 -1.78 -1.97 -1.97 -1.94 -1.88 -1.97 -1.97 -2.03 -2.03 -2.16 -2.22 -2.28 -2.28 -2.28 -2.41 -2.66 -2.69 -2.66 -2.69 -2.72 -2.91 -2.97 -2.84 -3.00 -3.34
2.66 1.88 1.44 1.34 1.09 0.88 0.66 0.62 0.59 0.56 0.56 0.53 0.50 0.53 0.56 0.56 0.59 0.59 0.66 0.69 0.62 0.59 0.59 0.75 0.78 0.75 0.78 0.78 0.78 0.91 0.94 0.81 0.69 0.59 0.53 0.38 0.22 0.06 -0.06 -0.12 -0.22 -0.38 -0.50 -0.72 -0.81 -0.94 -1.00 -1.12 -1.28 -1.44 -1.59 -1.59 -1.69 -1.78 -1.78 -1.88 -1.84 -1.78 -1.78 -1.78 -1.88 -2.00 -1.91 -1.91 -1.88 -1.97 -2.00 -2.12 -2.19 -2.34 -2.31 -2.41 -2.50 -2.59 -2.66 -2.75 -2.81 -2.91 -2.94 -2.75 -2.75
2.53 1.91 1.59 1.38 1.06 0.84 0.78 0.62 0.56 0.56 0.53 0.56 0.56 0.56 0.53 0.56 0.53 0.59 0.66 0.72 0.69 0.62 0.78 0.72 0.62 0.69 0.81 0.84 0.84 0.91 0.91 0.81 0.72 0.72 0.66 0.50 0.34 0.12 0.09 -0.12 -0.25 -0.41 -0.50 -0.62 -0.75 -0.88 -0.97 -1.12 -1.25 -1.34 -1.50 -1.59 -1.62 -1.75 -1.81 -1.84 -1.94 -1.88 -1.72 -1.72 -1.84 -1.88 -1.81 -1.91 -1.88 -1.91 -1.88 -1.94 -2.03 -2.09 -2.22 -2.19 -2.28 -2.38 -2.56 -2.66 -2.72 -2.88 -2.97 -2.81 -2.78
2.44 1.75 1.28 1.25 1.12 0.94 0.75 0.69 0.62 0.56 0.53 0.50 0.56 0.53 0.53 0.53 0.56 0.62 0.62 0.62 0.66 0.72 0.69 0.59 0.66 0.75 0.78 0.81 0.81 0.81 0.78 0.84 0.88 0.81 0.66 0.59 0.50 0.34 0.06 -0.12 -0.25 -0.34 -0.41 -0.59 -0.81 -0.94 -0.97 -1.03 -1.12 -1.28 -1.38 -1.41 -1.53 -1.62 -1.78 -1.88 -1.88 -1.75 -1.72 -1.69 -1.66 -1.75 -1.81 -1.84 -1.88 -1.84 -1.91 -1.94 -1.81 -1.97 -2.09 -2.06 -2.22 -2.22 -2.44 -2.56 -2.69 -2.81 -2.81 -2.75 -2.72
2.59 1.91 1.50 1.38 1.12 1.00 0.72 0.69 0.62 0.59 0.53 0.50 0.50 0.47 0.53 0.50 0.56 0.59 0.62 0.59 0.69 0.66 0.69 0.66 0.72 0.69 0.72 0.69 0.78 0.78 0.78 0.94 0.84 0.72 0.56 0.56 0.53 0.41 0.22 0.03 -0.09 -0.28 -0.38 -0.59 -0.75 -0.88 -1.03 -1.12 -1.12 -1.19 -1.34 -1.38 -1.44 -1.44 -1.66 -1.78 -1.78 -1.84 -1.75 -1.59 -1.66 -1.69 -1.78 -1.81 -1.84 -1.94 -1.94 -1.97 -1.97 -2.06 -2.12 -2.16 -2.19 -2.31 -2.34 -2.47 -2.56 -2.62 -2.75 -2.66 -2.66
2.66 2.06 1.50 1.50 1.16 1.00 0.84 0.72 0.56 0.53 0.53 0.53 0.50 0.50 0.59 0.50 0.53 0.56 0.56 0.66 0.69 0.66 0.66 0.72 0.69 0.62 0.66 0.72 0.88 0.84 0.91 0.94 0.84 0.75 0.75 0.62 0.53 0.41 0.25 0.12 -0.06 -0.19 -0.38 -0.50 -0.69 -0.81 -1.00 -1.09 -1.19 -1.19 -1.22 -1.41 -1.50 -1.56 -1.56 -1.66 -1.72 -1.69 -1.59 -1.78 -1.81 -1.78 -1.72 -1.78 -1.84 -1.84 -1.94 -2.09 -2.09 -2.09 -2.09 -2.06 -2.19 -2.31 -2.34 -2.38 -2.34 -2.41 -2.50 -2.59 -2.88
2.88 2.09 1.94 1.50 1.19 1.12 0.91 0.81 0.69 0.59 0.53 0.50 0.53 0.53 0.50 0.53 0.56 0.53 0.59 0.62 0.59 0.62 0.66 0.69 0.59 0.59 0.69 0.72 0.75 0.84 0.84 0.84 0.84 0.88 0.88 0.75 0.62 0.47 0.28 0.09 -0.03 -0.25 -0.34 -0.47 -0.62 -0.84 -0.97 -1.09 -1.16 -1.19 -1.25 -1.41 -1.50 -1.56 -1.47 -1.56 -1.59 -1.56 -1.69 -1.72 -1.75 -1.75 -1.66 -1.69 -1.84 -1.88 -1.91 -1.94 -2.00 -2.00 -2.09 -2.12 -2.16 -2.19 -2.22 -2.16 -2.25 -2.44 -2.41 -2.44 -2.69
3.22 2.47 1.75 1.78 1.19 1.19 0.91 0.72 0.69 0.59 0.53 0.50 0.47 0.50 0.50 0.50 0.53 0.56 0.56 0.59 0.62 0.66 0.66 0.66 0.62 0.66 0.66 0.69 0.69 0.75 0.78 0.75 0.91 0.94 0.81 0.72 0.62 0.47 0.38 0.16 0.03 -0.12 -0.25 -0.44 -0.62 -0.75 -0.84 -1.00 -1.06 -1.16 -1.31 -1.47 -1.50 -1.59 -1.56 -1.47 -1.56 -1.56 -1.59 -1.62 -1.66 -1.72 -1.75 -1.62 -1.75 -1.91 -1.81 -1.81 -1.84 -1.94 -2.12 -2.12 -2.12 -2.16 -2.19 -2.12 -2.09 -2.22 -2.19 -2.38 -2.59
3.62 2.81 2.28 1.88 1.47 1.22 1.06 0.84 0.69 0.50 0.50 0.53 0.53 0.50 0.50 0.53 0.56 0.56 0.56 0.53 0.62 0.66 0.75 0.69 0.69 0.81 0.62 0.66 0.69 0.84 0.81 0.84 0.94 0.88 0.81 0.75 0.75 0.59 0.41 0.25 0.09 -0.03 -0.25 -0.44 -0.75 -0.81 -0.94 -0.97 -1.00 -1.09 -1.19 -1.41 -1.50 -1.53 -1.53 -1.56 -1.62 -1.69 -1.66 -1.66 -1.69 -1.78 -1.75 -1.59 -1.69 -1.78 -1.84 -1.81 -1.81 -1.88 -1.97 -2.03 -2.06 -1.97 -2.06 -2.03 -2.19 -2.09 -2.12 -2.28 -2.53
3.88 3.03 2.41 2.09 1.56 1.31 1.16 0.94 0.78 0.62 0.53 0.50 0.50 0.53 0.50 0.53 0.53 0.53 0.56 0.56 0.59 0.62 0.62 0.62 0.69 0.62 0.62 0.69 0.69 0.75 0.81 0.88 0.78 0.78 0.84 0.81 0.78 0.56 0.44 0.28 0.19 -0.06 -0.25 -0.38 -0.53 -0.75 -0.84 -1.00 -1.19 -1.19 -1.25 -1.34 -1.47 -1.50 -1.56 -1.53 -1.59 -1.62 -1.66 -1.66 -1.66 -1.66 -1.62 -1.66 -1.62 -1.62 -1.72 -1.81 -1.88 -1.84 -1.75 -1.78 -1.84 -1.94 -1.94 -2.06 -2.19 -2.06 -1.94 -1.97 -2.22
4.19 3.38 2.47 2.25 1.84 1.34 1.25 0.94 0.81 0.59 0.50 0.53 0.53 0.50 0.50 0.47 0.50 0.53 0.53 0.59 0.59 0.59 0.59 0.66 0.66 0.69 0.62 0.69 0.72 0.72 0.69 0.78 0.78 0.81 0.91 0.84 0.78 0.66 0.53 0.38 0.22 0.06 -0.09 -0.25 -0.53 -0.69 -0.88 -0.94 -1.16 -1.28 -1.31 -1.31 -1.44 -1.50 -1.47 -1.59 -1.62 -1.69 -1.69 -1.66 -1.66 -1.66 -1.62 -1.59 -1.56 -1.50 -1.59 -1.72 -1.72 -1.75 -1.66 -1.69 -1.69 -1.84 -1.91 -2.00 -2.06 -1.97 -2.03 -2.09 -2.19
4.38 3.56 2.91 2.44 2.03 1.56 1.31 1.06 0.78 0.72 0.50 0.47 0.53 0.53 0.50 0.50 0.53 0.59 0.56 0.50 0.53 0.56 0.66 0.72 0.69 0.69 0.72 0.66 0.66 0.66 0.72 0.81 0.81 0.94 0.97 0.91 0.75 0.75 0.66 0.50 0.31 0.16 -0.06 -0.28 -0.50 -0.69 -0.88 -0.97 -1.03 -1.16 -1.19 -1.38 -1.44 -1.44 -1.53 -1.59 -1.59 -1.69 -1.69 -1.69 -1.69 -1.56 -1.53 -1.56 -1.62 -1.62 -1.56 -1.69 -1.75 -1.62 -1.66 -1.78 -1.75 -1.81 -1.97 -2.00 -1.97 -2.00 -2.12 -2.12 -2.12
4.28 3.59 2.88 2.69 2.12 1.41 1.41 1.28 0.94 0.78 0.69 0.59 0.50 0.50 0.50 0.53 0.50 0.53 0.53 0.56 0.56 0.59 0.62 0.62 0.62 0.62 0.62 0.59 0.59 0.66 0.69 0.72 0.75 0.72 0.81 0.84 0.94 0.81 0.62 0.44 0.31 0.16 -0.03 -0.25 -0.53 -0.69 -0.78 -0.84 -1.03 -1.19 -1.25 -1.38 -1.38 -1.44 -1.47 -1.56 -1.62 -1.59 -1.53 -1.66 -1.69 -1.56 -1.59 -1.62 -1.59 -1.53 -1.53 -1.62 -1.59 -1.69 -1.78 -1.69 -1.69 -1.81 -1.94 -1.94 -1.91 -2.09 -2.19 -2.16 -2.19
4.56 3.72 3.06 2.88 2.47 1.91 1.47 1.09 1.16 0.66 0.69 0.62 0.59 0.53 0.50 0.50 0.50 0.50 0.50 0.56 0.53 0.56 0.56 0.66 0.66 0.66 0.62 0.69 0.62 0.66 0.69 0.69 0.72 0.75 0.78 0.88 0.91 0.75 0.62 0.44 0.31 0.16 0.00 -0.22 -0.38 -0.53 -0.72 -0.78 -1.03 -1.19 -1.28 -1.31 -1.28 -1.34 -1.44 -1.56 -1.59 -1.56 -1.53 -1.53 -1.53 -1.59 -1.56 -1.56 -1.62 -1.66 -1.53 -1.50 -1.62 -1.66 -1.59 -1.53 -1.75 -1.66 -1.78 -1.91 -1.97 -2.12 -2.19 -2.12 -2.19
5.19 4.09 3.38 3.12 2.75 2.28 1.88 0.88 1.31 1.06 0.81 0.62 0.62 0.59 0.53 0.50 0.50 0.53 0.53 0.56 0.53 0.53 0.53 0.62 0.69 0.66 0.66 0.62 0.69 0.62 0.62 0.72 0.75 0.81 0.81 0.88 0.75 0.75 0.69 0.59 0.44 0.22 0.03 -0.25 -0.34 -0.62 -0.72 -0.84 -0.94 -1.16 -1.22 -1.19 -1.22 -1.31 -1.44 -1.47 -1.53 -1.62 -1.66 -1.56 -1.56 -1.59 -1.59 -1.50 -1.50 -1.56 -1.59 -1.59 -1.56 -1.53 -1.53 -1.69 -1.62 -1.72 -1.84 -1.84 -1.94 -2.00 -2.09 -2.16 -2.19
5.19 4.41 3.84 3.44 3.09 2.72 2.31 1.31 1.50 1.28 1.00 0.78 0.53 0.62 0.53 0.56 0.50 0.50 0.53 0.50 0.56 0.59 0.59 0.66 0.59 0.62 0.62 0.66 0.62 0.62 0.69 0.69 0.75 0.75 0.84 0.81 0.78 0.81 0.84 0.69 0.50 0.28 0.06 -0.09 -0.34 -0.53 -0.69 -0.81 -0.84 -1.00 -1.09 -1.16 -1.31 -1.38 -1.38 -1.44 -1.44 -1.53 -1.50 -1.50 -1.56 -1.56 -1.59 -1.59 -1.59 -1.62 -1.66 -1.59 -1.53 -1.53 -1.59 -1.56 -1.53 -1.69 -1.66 -1.75 -1.78 -1.78 -1.97 -2.09 -2.06
