everonasctiles/Tile8,24.asc
ncols 128
nrows 128
xllcorner 0
yllcorner 0
cellsize 2.0
NODATA_value  -9999
[rows 34 to 67 of 128, columns 0 to 76 of 128]
0.94 1.00 1.03 1.03 1.03 1.03 1.03 1.03 1.03 1.03 1.03 1.06 1.09 1.12 1.19 1.22 1.22 1.19 1.12 1.03 1.03 1.03 1.03 1.03 1.03 1.16 1.31 1.44 1.62 1.97 2.56 3.12 3.69 4.34 4.72 4.97 5.19 5.38 5.75 6.16 7.25 8.06 8.91 9.47 9.94 10.34 10.62 11.41 11.94 12.25 12.59 12.91 13.50 14.06 14.53 14.94 15.53 15.72 16.19 16.50 16.66 17.25 17.72 18.41 18.97 19.56 20.12 20.66 21.56 22.72 23.53 24.41 25.09 26.00 27.03 28.06 28.91
1.00 1.03 1.03 1.06 1.09 1.12 1.12 1.12 1.09 1.03 1.03 1.06 1.06 1.09 1.09 1.12 1.09 1.06 1.03 1.03 1.03 1.03 1.03 1.03 1.19 1.34 1.50 1.66 1.94 2.47 3.06 3.59 4.19 4.62 4.94 5.16 5.34 5.53 5.91 6.66 7.88 8.72 9.50 10.06 10.47 10.94 11.69 11.84 12.69 13.09 13.25 13.69 14.03 14.50 14.94 15.66 16.12 16.44 16.66 17.03 17.38 17.78 18.41 18.94 19.38 20.06 20.66 21.19 22.09 22.88 23.88 24.62 25.34 25.91 27.19 28.22 29.28
1.16 1.19 1.19 1.19 1.19 1.22 1.22 1.22 1.16 1.09 1.06 1.03 1.03 1.06 1.06 1.06 1.03 1.03 1.03 1.03 1.03 1.03 1.03 1.16 1.31 1.53 1.72 2.00 2.47 2.97 3.50 4.06 4.53 4.81 5.09 5.34 5.59 5.91 6.28 6.78 8.22 9.19 10.00 10.56 11.03 11.78 12.38 12.97 13.28 13.91 14.09 14.16 14.69 15.09 15.56 16.06 16.66 17.03 17.19 17.69 18.00 18.44 18.59 19.41 19.91 20.56 21.12 21.72 22.41 23.31 24.09 24.78 25.50 26.19 27.31 28.16 29.28
1.31 1.34 1.38 1.38 1.38 1.34 1.34 1.28 1.25 1.16 1.09 1.03 1.03 1.03 1.03 1.03 1.03 1.03 1.03 1.03 1.03 1.03 1.06 1.25 1.47 1.75 2.06 2.53 2.97 3.44 3.97 4.38 4.69 5.00 5.25 5.50 5.78 6.38 6.88 7.59 8.62 9.47 10.38 11.06 11.66 12.22 13.03 13.66 14.12 14.41 14.66 14.97 15.12 15.41 15.81 16.66 17.19 17.69 18.03 18.25 18.66 18.94 19.31 19.66 20.38 20.97 21.53 22.19 22.91 23.53 24.44 25.03 25.84 26.56 27.47 28.47 29.34
1.47 1.50 1.53 1.53 1.53 1.50 1.44 1.38 1.28 1.22 1.12 1.06 1.03 1.03 1.03 1.03 1.03 1.03 1.03 1.03 1.03 1.00 1.12 1.34 1.66 2.06 2.59 3.09 3.50 3.91 4.25 4.53 4.88 5.16 5.44 5.81 6.41 6.78 7.31 8.00 8.81 9.62 10.56 11.41 11.84 12.88 13.41 14.00 14.59 14.91 15.25 15.56 15.78 16.12 16.34 16.94 17.94 18.41 18.75 19.03 19.19 19.50 19.81 20.28 20.78 21.31 22.00 22.62 23.16 24.09 24.62 25.50 26.06 26.97 27.81 28.53 29.31
1.66 1.66 1.66 1.66 1.62 1.59 1.53 1.44 1.31 1.22 1.12 1.06 1.03 1.03 1.03 1.03 1.03 1.03 1.03 1.03 0.94 1.00 1.16 1.44 1.88 2.53 3.09 3.59 4.00 4.28 4.47 4.75 5.03 5.28 5.59 6.03 6.47 7.16 7.50 8.22 9.00 9.91 10.81 11.66 12.38 12.94 13.69 14.34 14.94 15.41 15.81 16.06 16.38 16.56 17.12 17.81 18.56 19.12 19.44 19.69 19.88 20.06 20.34 20.72 21.28 21.78 22.38 23.03 23.62 24.41 25.06 25.78 26.53 27.28 27.88 28.72 29.53
1.78 1.75 1.72 1.69 1.62 1.56 1.47 1.41 1.28 1.22 1.12 1.06 1.03 1.03 1.03 1.03 1.03 1.03 1.03 0.94 0.97 1.06 1.22 1.72 2.41 3.06 3.59 4.03 4.31 4.53 4.78 5.00 5.25 5.50 5.81 6.25 6.75 7.47 7.97 8.34 9.28 10.12 10.91 11.72 12.44 13.16 13.75 14.34 15.12 15.75 16.28 16.56 16.84 17.34 17.69 18.28 19.19 19.69 20.06 20.22 20.47 20.56 20.91 21.22 21.72 22.25 22.72 23.38 24.09 24.69 25.41 26.12 26.91 27.53 28.19 29.00 29.75
1.72 1.66 1.62 1.59 1.53 1.44 1.38 1.31 1.25 1.16 1.09 1.03 1.03 1.03 1.03 1.03 1.03 1.03 1.00 1.03 1.09 1.22 1.69 2.34 3.00 3.56 4.03 4.34 4.56 4.81 5.03 5.25 5.44 5.72 6.06 6.53 7.19 7.66 8.31 8.91 9.47 10.28 11.16 11.78 12.41 13.03 13.62 14.47 15.38 16.09 16.75 17.12 17.75 18.28 18.62 19.22 19.72 20.28 20.50 20.78 21.06 21.22 21.41 21.78 22.16 22.66 23.22 23.72 24.44 25.09 25.62 26.50 27.25 27.94 28.62 29.31 29.84
1.66 1.53 1.47 1.44 1.38 1.31 1.25 1.22 1.16 1.09 1.06 1.03 1.03 1.03 1.03 1.03 1.06 1.12 1.16 1.22 1.44 1.88 2.44 3.03 3.62 4.06 4.34 4.56 4.78 5.00 5.22 5.44 5.69 6.03 6.41 6.91 7.53 8.19 8.53 9.09 9.84 10.38 11.25 12.00 12.53 13.06 13.84 14.72 15.59 16.22 17.22 18.03 18.53 19.09 19.59 20.00 20.25 20.84 21.25 21.50 21.59 21.66 21.91 22.25 22.72 23.06 23.59 24.25 24.88 25.44 26.12 26.66 27.53 28.28 28.88 29.75 30.38
1.44 1.34 1.31 1.25 1.22 1.16 1.16 1.12 1.09 1.03 1.03 1.03 1.03 1.03 1.06 1.22 1.31 1.41 1.50 1.78 2.28 2.72 3.25 3.72 4.09 4.34 4.56 4.81 5.03 5.28 5.53 5.81 6.09 6.44 6.94 7.47 7.97 8.59 9.09 9.53 10.06 10.72 11.50 12.25 12.84 13.59 14.09 15.25 15.94 16.91 17.78 18.59 19.22 19.75 20.06 20.66 21.00 21.25 21.81 22.12 22.31 22.41 22.53 22.84 23.22 23.69 24.09 24.50 25.34 25.94 26.47 27.19 27.84 28.53 29.34 30.09 30.75
1.19 1.19 1.16 1.12 1.06 1.06 1.03 1.03 1.03 1.03 1.03 1.03 1.06 1.19 1.41 1.56 1.69 1.84 2.16 2.62 3.16 3.56 3.97 4.25 4.38 4.53 4.81 5.16 5.41 5.69 5.97 6.25 6.47 6.88 7.41 7.91 8.47 8.78 9.41 9.91 10.44 11.00 11.84 12.59 13.31 13.94 14.88 15.59 16.47 17.47 18.22 19.03 19.72 20.25 20.69 21.06 21.56 21.88 22.25 22.72 22.91 22.88 23.03 23.47 23.81 24.22 24.66 25.19 25.72 26.31 27.03 27.56 28.34 29.03 29.72 30.47 31.19
1.03 1.03 1.03 1.03 1.03 1.03 1.03 1.03 1.03 1.03 1.09 1.25 1.44 1.62 1.81 2.03 2.25 2.53 3.00 3.44 3.88 4.19 4.38 4.53 4.62 4.78 5.06 5.44 5.72 6.06 6.41 6.69 6.91 7.31 7.91 8.28 8.94 9.38 9.66 10.16 10.78 11.44 12.06 12.91 13.62 14.34 15.25 16.16 17.00 17.69 18.38 19.22 19.94 20.56 21.06 21.56 22.00 22.38 22.72 23.09 23.44 23.66 23.91 24.19 24.44 24.69 25.12 25.69 26.34 26.91 27.47 28.22 28.81 29.53 30.22 30.88 31.59
1.03 1.03 1.03 1.03 1.03 1.03 1.03 1.03 1.03 1.16 1.31 1.53 1.78 2.06 2.38 2.69 3.03 3.41 3.84 4.19 4.41 4.53 4.59 4.72 4.84 5.03 5.31 5.66 6.00 6.38 6.78 7.22 7.47 7.84 8.34 8.81 9.34 9.62 10.09 10.53 11.12 11.75 12.50 13.16 13.88 14.62 15.44 16.34 17.12 17.91 18.59 19.41 20.03 20.56 21.25 21.81 22.31 22.75 23.16 23.47 23.91 24.25 24.44 24.78 25.00 25.47 25.69 26.19 26.88 27.56 28.19 28.81 29.41 29.75 30.69 31.47 32.12
1.03 1.03 1.03 1.03 1.03 1.03 0.94 1.03 1.19 1.38 1.62 1.94 2.31 2.72 3.12 3.53 3.97 4.22 4.47 4.62 4.69 4.69 4.75 4.84 4.97 5.16 5.47 5.81 6.22 6.62 7.22 7.72 8.09 8.41 8.94 9.38 9.75 10.03 10.47 10.97 11.59 12.22 12.84 13.56 14.28 14.84 15.62 16.31 17.09 17.81 18.62 19.41 20.06 20.72 21.34 21.78 22.47 22.97 23.25 23.81 24.22 24.69 25.03 25.28 25.69 26.06 26.56 27.00 27.50 28.22 28.94 29.44 30.16 30.69 31.31 31.97 32.72
1.03 1.03 1.03 1.03 1.03 1.03 1.09 1.22 1.41 1.66 2.06 2.53 3.03 3.50 3.97 4.34 4.56 4.69 4.72 4.78 4.81 4.78 4.81 4.88 5.03 5.22 5.53 5.91 6.34 6.91 7.56 8.09 8.53 9.09 9.53 9.72 10.09 10.47 10.75 11.31 11.97 12.47 13.25 13.88 14.62 15.25 15.78 16.47 17.16 17.88 18.53 19.16 20.06 20.78 21.38 22.03 22.66 23.03 23.69 23.91 24.59 25.06 25.53 25.72 26.28 26.84 27.38 27.62 28.34 28.91 29.59 30.25 30.84 31.56 32.12 32.59 33.19
1.03 1.03 1.03 1.03 1.06 1.19 1.38 1.50 1.72 2.16 2.75 3.34 3.88 4.34 4.69 4.91 4.94 4.91 4.88 4.84 4.81 4.78 4.84 4.91 5.03 5.25 5.59 5.94 6.47 7.09 7.62 8.44 9.03 9.31 9.75 10.09 10.38 10.91 11.22 11.66 12.31 12.97 13.59 14.31 14.97 15.56 16.16 16.72 17.38 17.97 18.56 19.41 20.28 21.00 21.56 22.31 22.75 23.53 24.12 24.66 25.06 25.66 25.97 26.44 26.62 27.44 28.19 28.88 29.44 29.59 30.22 30.91 31.47 32.16 32.91 33.44 33.97
1.09 1.06 1.09 1.19 1.41 1.56 1.69 1.94 2.44 3.00 3.62 4.19 4.62 4.94 5.09 5.12 5.12 5.06 4.97 4.84 4.75 4.75 4.81 4.88 5.06 5.28 5.62 6.12 6.69 7.25 8.00 8.50 9.28 9.72 10.03 10.38 10.91 11.28 11.81 12.34 12.72 13.38 14.09 14.62 15.34 15.78 16.50 17.16 17.84 18.47 19.12 19.88 20.53 21.22 21.91 22.28 23.25 23.91 24.62 25.22 25.66 26.09 26.62 27.06 27.53 27.66 28.81 29.69 30.31 30.81 31.19 31.34 32.31 32.91 33.44 34.16 34.75
1.44 1.50 1.59 1.69 1.78 1.94 2.25 2.75 3.34 3.94 4.41 4.81 5.09 5.22 5.25 5.25 5.19 5.06 4.91 4.78 4.69 4.66 4.75 4.88 5.06 5.41 5.88 6.41 7.19 7.75 8.19 8.88 9.41 9.94 10.28 10.78 11.25 11.81 12.16 12.91 13.47 13.81 14.53 15.16 15.62 16.28 16.84 17.50 18.25 18.97 19.72 20.34 20.88 21.69 22.22 22.97 23.41 24.41 25.22 25.66 26.22 26.62 26.94 27.56 28.09 28.56 29.38 30.31 30.97 31.66 31.97 32.59 32.59 33.56 34.06 34.62 35.22
1.81 1.88 1.97 2.09 2.28 2.66 3.16 3.69 4.22 4.66 5.00 5.19 5.28 5.34 5.34 5.28 5.12 4.97 4.78 4.66 4.59 4.59 4.69 4.88 5.22 5.78 6.41 6.81 7.62 8.28 8.62 9.12 9.66 10.00 10.62 11.19 11.75 12.03 12.91 13.56 14.09 14.53 15.03 15.53 16.09 16.56 17.25 17.88 18.59 19.25 20.12 20.75 21.56 22.03 22.75 23.56 24.34 25.06 25.72 26.28 26.59 27.25 27.62 27.84 28.56 29.28 30.16 31.00 31.81 32.50 33.09 33.59 33.81 34.25 34.56 35.16 35.81
2.28 2.41 2.56 2.81 3.22 3.66 4.09 4.56 4.94 5.16 5.28 5.34 5.38 5.41 5.34 5.19 5.00 4.81 4.62 4.53 4.47 4.56 4.75 5.06 5.66 6.38 6.88 7.88 8.25 8.62 9.19 9.47 9.88 10.41 10.75 11.62 12.22 12.84 13.56 14.34 14.59 15.22 15.44 16.12 16.62 17.16 17.75 18.25 18.78 19.56 20.41 21.22 21.97 22.56 22.84 23.91 24.81 25.56 26.12 26.84 27.41 27.81 28.31 28.72 28.94 29.97 30.56 31.66 32.59 33.34 33.94 34.34 34.62 35.06 35.41 35.78 36.47
2.97 3.16 3.41 3.78 4.19 4.56 4.94 5.19 5.31 5.38 5.44 5.47 5.41 5.38 5.25 5.06 4.88 4.62 4.47 4.34 4.31 4.50 4.91 5.56 6.19 7.12 8.06 8.72 9.06 9.34 9.59 9.78 10.28 10.78 11.53 12.19 12.66 13.56 14.38 15.12 15.78 16.22 16.56 16.53 17.06 17.62 18.22 18.81 19.34 20.00 20.75 21.56 22.16 22.88 23.47 23.91 24.84 25.81 26.56 27.31 27.88 28.12 28.91 29.50 30.06 30.50 31.34 32.09 33.09 33.88 34.53 34.91 35.38 35.38 36.09 36.59 36.97
3.78 4.06 4.38 4.66 4.94 5.19 5.38 5.47 5.50 5.50 5.53 5.50 5.38 5.25 5.09 4.91 4.69 4.50 4.38 4.25 4.25 4.53 5.12 5.97 6.69 7.78 8.94 9.41 9.75 9.91 10.06 10.47 11.19 11.56 12.12 12.88 13.66 13.97 15.00 15.91 16.69 16.97 17.19 17.62 17.94 18.31 18.47 19.28 19.81 20.41 21.06 21.78 22.50 23.19 23.81 24.41 25.16 25.88 26.69 27.50 28.19 28.72 29.19 29.91 30.59 31.16 31.59 32.56 33.44 34.25 34.94 35.53 35.91 36.22 36.38 37.12 37.66
4.66 4.94 5.12 5.31 5.44 5.53 5.59 5.62 5.59 5.56 5.50 5.41 5.25 5.09 4.94 4.75 4.59 4.50 4.50 4.53 4.72 4.94 5.50 6.09 7.47 8.81 9.72 10.16 10.44 10.66 10.88 11.38 12.00 12.72 13.44 13.84 14.75 15.31 15.75 16.38 17.16 17.81 18.06 18.44 18.69 19.06 19.19 19.75 20.34 20.88 21.41 22.00 22.69 23.47 23.97 24.75 25.22 26.00 26.62 27.44 28.16 28.88 29.50 30.00 30.78 31.50 32.06 32.75 33.72 34.50 35.25 35.81 36.41 36.84 37.00 37.50 38.00
5.22 5.38 5.47 5.59 5.66 5.69 5.72 5.69 5.62 5.50 5.41 5.28 5.12 5.00 4.84 4.72 4.69 4.72 4.91 5.06 5.28 5.59 6.19 6.84 7.62 9.28 10.12 10.91 11.28 11.50 11.44 12.31 12.31 13.69 14.25 15.12 15.66 16.09 16.47 17.03 17.66 18.22 18.69 19.06 19.28 19.72 20.00 20.19 20.75 21.34 21.88 22.47 23.03 23.72 24.41 24.88 25.56 26.12 26.69 27.50 28.31 29.03 29.66 30.34 31.03 31.66 32.00 33.03 33.94 34.47 35.38 36.06 36.69 37.25 37.69 38.00 38.31
5.50 5.62 5.66 5.78 5.81 5.78 5.72 5.66 5.56 5.41 5.28 5.19 5.06 5.00 4.88 4.81 4.91 5.03 5.38 5.69 6.03 6.44 6.91 7.41 8.41 9.44 10.78 11.66 12.19 12.59 12.59 13.38 13.97 14.56 15.28 15.91 16.44 16.56 16.97 17.41 17.97 18.56 19.12 19.56 19.94 20.34 20.69 20.88 21.16 21.69 22.31 22.94 23.47 24.09 24.75 25.22 25.81 26.31 27.03 27.75 28.44 29.22 29.84 30.53 31.06 31.91 32.44 33.38 34.00 34.84 35.41 36.12 36.72 37.28 38.12 38.41 38.72
5.62 5.75 5.84 5.94 5.91 5.81 5.72 5.59 5.44 5.25 5.16 5.12 5.12 5.12 5.09 5.09 5.16 5.50 5.81 6.31 6.59 7.06 7.69 8.12 9.03 9.97 11.06 12.09 12.94 13.59 13.75 14.34 14.75 15.44 15.88 16.56 17.03 17.34 17.28 17.91 18.38 18.81 19.41 19.94 20.41 20.84 21.09 21.41 21.59 22.16 22.72 23.34 23.94 24.53 25.19 25.72 26.03 26.66 27.53 28.16 28.97 29.47 30.06 30.72 31.38 32.06 32.78 33.56 34.22 35.00 35.47 36.44 36.69 37.56 38.56 39.06 39.38
5.59 5.75 6.00 6.12 6.03 5.81 5.75 5.69 5.47 5.34 5.22 5.16 5.28 5.31 5.34 5.44 5.59 6.03 6.44 6.97 7.47 7.97 8.25 8.97 9.53 10.22 11.25 12.34 13.50 14.31 14.91 15.31 15.69 16.03 16.56 16.88 17.44 17.88 18.00 18.38 18.78 19.03 19.66 20.12 20.84 21.28 21.66 21.81 22.16 22.59 23.19 23.72 24.38 25.03 25.59 26.19 26.66 27.03 27.97 28.59 29.34 29.88 30.38 30.91 31.56 32.06 32.88 33.38 34.41 35.22 36.06 36.81 37.56 38.31 39.00 39.50 39.75
5.59 5.78 6.12 6.28 6.12 5.97 5.78 5.88 5.75 5.53 5.38 5.34 5.50 5.62 5.72 5.84 6.22 6.53 7.06 7.59 8.19 8.81 9.09 9.72 10.34 11.00 11.59 12.78 13.94 14.75 15.44 16.00 16.28 16.56 17.03 17.44 17.62 18.19 18.53 18.75 19.28 19.66 19.88 20.69 21.19 21.75 22.16 22.44 22.75 23.06 23.59 24.12 24.72 25.47 26.06 26.59 27.22 27.62 28.41 29.00 29.59 30.16 30.72 31.28 31.75 32.44 33.00 33.53 34.44 35.38 36.19 36.97 37.66 38.44 39.06 39.84 40.38
5.56 5.75 6.16 6.44 6.28 6.38 6.28 6.22 6.03 5.84 5.75 5.72 5.78 6.03 6.25 6.44 6.66 7.16 7.62 8.00 8.62 9.72 10.44 10.97 11.41 11.88 12.16 12.78 14.06 15.06 15.78 16.38 16.81 17.16 17.44 17.88 18.19 18.38 18.84 19.09 19.56 20.16 20.56 21.22 21.72 22.22 22.62 22.97 23.22 23.56 24.06 24.66 25.19 25.91 26.56 27.16 27.59 28.34 28.84 29.22 29.84 30.47 31.03 31.59 32.16 32.62 33.22 33.78 34.53 35.34 36.19 36.97 37.72 38.28 39.25 40.00 40.62
5.56 5.84 5.94 6.41 6.81 6.66 6.53 6.50 6.41 6.28 6.22 6.16 6.31 6.53 6.78 7.00 7.12 7.69 8.00 8.84 9.38 10.25 11.47 12.00 12.28 12.69 13.09 13.31 14.25 15.12 15.84 16.53 17.06 17.50 17.88 18.25 18.47 18.81 19.03 19.53 19.88 20.50 21.16 21.75 22.28 22.75 23.03 23.47 23.75 24.12 24.62 25.12 25.69 26.22 26.97 27.56 28.16 28.66 29.22 29.75 30.19 30.78 31.25 31.94 32.47 33.00 33.44 34.06 34.78 35.31 36.19 36.88 37.56 38.41 39.25 40.03 40.62
5.78 5.81 6.22 6.41 7.12 7.28 7.09 6.97 6.88 6.81 6.78 6.81 6.88 7.06 7.31 7.53 7.91 8.12 8.72 9.91 10.34 11.47 12.25 12.91 13.34 13.56 13.75 14.34 14.84 15.53 16.16 16.78 17.12 17.66 18.22 18.72 19.00 19.09 19.41 19.69 20.31 20.78 21.59 22.28 22.72 23.19 23.72 23.88 24.25 24.75 25.12 25.53 26.19 26.81 27.38 27.84 28.59 29.19 29.62 30.16 30.69 31.19 31.72 32.22 32.72 33.34 33.94 34.50 35.06 35.72 36.38 37.06 37.59 38.34 39.12 40.16 40.78
6.03 6.16 6.44 6.97 7.50 7.75 7.75 7.44 7.38 7.28 7.22 7.38 7.41 7.59 7.84 8.16 8.47 8.91 9.38 10.62 11.72 12.41 12.72 13.53 14.03 14.44 14.69 14.78 15.19 15.84 16.53 17.19 17.44 17.91 18.38 19.12 19.47 19.66 19.88 20.31 20.75 21.41 22.03 22.84 23.47 23.88 24.22 24.56 24.69 25.12 25.81 26.22 26.66 27.06 27.81 28.38 29.03 29.66 30.19 30.56 31.06 31.59 32.06 32.56 33.16 33.53 34.28 34.84 35.34 36.00 36.56 37.22 38.06 38.81 39.59 40.50 41.22
6.38 6.75 7.00 7.09 7.81 8.09 8.16 7.97 7.91 7.78 7.78 7.72 8.00 8.16 8.38 8.69 9.12 9.53 10.34 10.94 12.31 13.09 13.59 14.09 14.59 15.03 15.25 15.47 15.66 15.91 16.94 17.66 18.19 18.53 18.91 19.56 19.94 20.28 20.50 20.81 21.19 21.78 22.62 23.31 24.03 24.53 24.88 25.00 25.22 25.62 26.25 26.78 27.16 27.62 28.03 28.62 29.31 30.16 30.66 31.09 31.56 32.03 32.53 32.97 33.47 34.09 34.59 35.09 35.69 36.25 37.00 37.66 38.31 39.22 40.03 40.91 41.75
6.97 7.31 7.56 7.81 8.22 8.53 8.59 8.50 8.38 8.34 8.22 8.44 8.47 8.72 8.81 9.19 9.69 10.28 10.91 12.00 12.97 13.62 14.12 14.66 14.94 15.53 15.72 16.06 15.97 16.88 17.03 18.25 18.91 19.41 19.84 20.03 20.34 20.84 21.19 21.53 21.75 22.19 23.19 23.91 24.22 25.00 25.38 25.59 25.78 26.12 26.66 27.38 27.66 28.31 28.72 29.28 29.75 30.53 31.22 31.75 32.12 32.38 33.00 33.50 34.03 34.47 35.09 35.53 35.91 36.69 37.12 38.12 38.84 39.53 40.19 41.19 42.06
