everonasctiles/Tile[49,42].asc
ncols 128
nrows 128
xllcorner 0
yllcorner 0
cellsize 2.0
NODATA_value  -9999
[rows 0 to 29 of 128, columns 0 to 67 of 128]
-84.75 -84.81 -84.91 -85.03 -85.22 -85.41 -85.62 -85.84 -86.09 -86.34 -86.59 -86.81 -87.03 -87.25 -87.44 -87.62 -87.81 -87.97 -88.09 -88.19 -88.28 -88.34 -88.41 -88.44 -88.47 -88.50 -88.53 -88.66 -88.88 -89.19 -89.53 -89.88 -90.22 -90.56 -90.91 -91.25 -91.59 -91.94 -92.28 -92.62 -93.00 -93.34 -93.72 -94.06 -94.44 -94.81 -95.16 -95.50 -95.84 -96.19 -96.53 -96.88 -97.19 -97.47 -97.78 -98.03 -98.31 -98.56 -98.81 -99.03 -99.22 -99.41 -99.59 -99.78 -99.94 -100.09 -100.22 -100.34
-84.91 -84.97 -85.03 -85.12 -85.25 -85.44 -85.66 -85.88 -86.12 -86.41 -86.66 -86.91 -87.12 -87.38 -87.59 -87.78 -87.97 -88.16 -88.31 -88.44 -88.53 -88.62 -88.69 -88.75 -88.78 -88.78 -88.81 -88.91 -89.09 -89.41 -89.75 -90.09 -90.47 -90.81 -91.16 -91.50 -91.81 -92.12 -92.47 -92.81 -93.16 -93.53 -93.88 -94.25 -94.59 -94.94 -95.28 -95.62 -95.97 -96.31 -96.62 -96.94 -97.25 -97.56 -97.84 -98.12 -98.38 -98.62 -98.88 -99.09 -99.31 -99.50 -99.69 -99.84 -100.00 -100.16 -100.28 -100.41
-85.06 -85.12 -85.16 -85.25 -85.34 -85.50 -85.69 -85.91 -86.16 -86.44 -86.69 -86.94 -87.22 -87.47 -87.69 -87.94 -88.12 -88.34 -88.50 -88.66 -88.78 -88.88 -88.97 -89.03 -89.06 -89.09 -89.12 -89.19 -89.31 -89.59 -89.94 -90.31 -90.69 -91.06 -91.44 -91.75 -92.06 -92.38 -92.69 -93.03 -93.38 -93.72 -94.09 -94.44 -94.78 -95.09 -95.44 -95.78 -96.09 -96.41 -96.72 -97.03 -97.34 -97.62 -97.91 -98.19 -98.44 -98.69 -98.94 -99.19 -99.38 -99.59 -99.75 -99.91 -100.06 -100.22 -100.34 -100.50
-85.22 -85.28 -85.34 -85.41 -85.50 -85.62 -85.81 -86.00 -86.25 -86.50 -86.75 -87.03 -87.28 -87.53 -87.81 -88.06 -88.28 -88.50 -88.72 -88.88 -89.03 -89.16 -89.25 -89.31 -89.38 -89.41 -89.44 -89.53 -89.66 -89.84 -90.19 -90.56 -90.94 -91.31 -91.69 -92.03 -92.34 -92.59 -92.91 -93.22 -93.59 -93.94 -94.31 -94.66 -95.00 -95.31 -95.62 -95.94 -96.22 -96.53 -96.81 -97.12 -97.41 -97.69 -97.97 -98.25 -98.50 -98.78 -99.03 -99.25 -99.47 -99.69 -99.84 -100.03 -100.16 -100.31 -100.44 -100.56
-85.41 -85.47 -85.53 -85.59 -85.69 -85.84 -86.00 -86.22 -86.41 -86.66 -86.91 -87.16 -87.41 -87.66 -87.94 -88.19 -88.44 -88.69 -88.91 -89.09 -89.25 -89.41 -89.53 -89.62 -89.69 -89.72 -89.78 -89.88 -90.03 -90.19 -90.44 -90.81 -91.19 -91.59 -91.97 -92.34 -92.66 -92.91 -93.16 -93.47 -93.81 -94.19 -94.56 -94.91 -95.25 -95.56 -95.84 -96.12 -96.41 -96.69 -96.97 -97.25 -97.53 -97.78 -98.06 -98.31 -98.59 -98.84 -99.09 -99.34 -99.59 -99.78 -99.97 -100.12 -100.28 -100.41 -100.53 -100.66
-85.62 -85.66 -85.72 -85.78 -85.91 -86.06 -86.22 -86.41 -86.62 -86.84 -87.09 -87.31 -87.56 -87.81 -88.06 -88.31 -88.59 -88.84 -89.09 -89.31 -89.50 -89.66 -89.78 -89.91 -89.97 -90.03 -90.12 -90.22 -90.41 -90.59 -90.81 -91.09 -91.44 -91.84 -92.25 -92.66 -93.00 -93.28 -93.53 -93.78 -94.12 -94.47 -94.84 -95.19 -95.50 -95.81 -96.09 -96.38 -96.62 -96.88 -97.12 -97.41 -97.66 -97.91 -98.19 -98.44 -98.69 -98.97 -99.22 -99.47 -99.69 -99.91 -100.09 -100.25 -100.38 -100.50 -100.62 -100.72
-85.84 -85.88 -85.91 -86.00 -86.12 -86.28 -86.44 -86.62 -86.84 -87.06 -87.28 -87.53 -87.75 -88.00 -88.25 -88.50 -88.75 -89.03 -89.28 -89.50 -89.72 -89.88 -90.03 -90.16 -90.25 -90.34 -90.44 -90.59 -90.78 -91.00 -91.22 -91.47 -91.75 -92.12 -92.56 -92.97 -93.34 -93.66 -93.94 -94.22 -94.50 -94.81 -95.16 -95.50 -95.81 -96.09 -96.38 -96.62 -96.88 -97.09 -97.34 -97.59 -97.81 -98.06 -98.31 -98.56 -98.84 -99.09 -99.31 -99.56 -99.81 -100.00 -100.19 -100.34 -100.50 -100.62 -100.72 -100.84
-86.06 -86.09 -86.12 -86.22 -86.31 -86.47 -86.66 -86.84 -87.06 -87.28 -87.50 -87.75 -87.97 -88.22 -88.44 -88.66 -88.91 -89.19 -89.44 -89.69 -89.91 -90.12 -90.31 -90.44 -90.56 -90.66 -90.75 -90.91 -91.12 -91.38 -91.62 -91.88 -92.12 -92.44 -92.84 -93.28 -93.69 -94.06 -94.34 -94.62 -94.91 -95.22 -95.53 -95.81 -96.09 -96.38 -96.66 -96.88 -97.12 -97.34 -97.56 -97.78 -98.00 -98.25 -98.47 -98.72 -98.97 -99.22 -99.44 -99.69 -99.91 -100.12 -100.31 -100.47 -100.62 -100.72 -100.84 -100.94
-86.31 -86.34 -86.38 -86.44 -86.53 -86.66 -86.84 -87.03 -87.22 -87.47 -87.69 -87.94 -88.19 -88.41 -88.62 -88.84 -89.09 -89.34 -89.59 -89.88 -90.12 -90.34 -90.53 -90.72 -90.84 -90.94 -91.06 -91.22 -91.47 -91.75 -92.03 -92.28 -92.56 -92.81 -93.16 -93.56 -93.97 -94.38 -94.72 -95.03 -95.31 -95.59 -95.88 -96.16 -96.44 -96.69 -96.94 -97.16 -97.38 -97.59 -97.81 -98.00 -98.22 -98.44 -98.66 -98.88 -99.09 -99.34 -99.59 -99.81 -100.03 -100.22 -100.41 -100.59 -100.72 -100.84 -100.94 -101.03
-86.56 -86.59 -86.62 -86.69 -86.75 -86.88 -87.00 -87.19 -87.41 -87.62 -87.88 -88.12 -88.38 -88.62 -88.84 -89.06 -89.28 -89.53 -89.78 -90.03 -90.31 -90.56 -90.78 -90.97 -91.12 -91.25 -91.38 -91.53 -91.78 -92.06 -92.41 -92.69 -92.97 -93.25 -93.53 -93.84 -94.25 -94.66 -95.03 -95.38 -95.69 -95.97 -96.25 -96.50 -96.75 -97.00 -97.22 -97.44 -97.66 -97.84 -98.03 -98.25 -98.44 -98.62 -98.81 -99.03 -99.25 -99.47 -99.72 -99.94 -100.12 -100.34 -100.53 -100.69 -100.84 -100.94 -101.06 -101.12
-86.81 -86.84 -86.91 -86.94 -87.00 -87.09 -87.22 -87.34 -87.53 -87.75 -88.00 -88.25 -88.50 -88.78 -89.03 -89.25 -89.47 -89.72 -89.97 -90.22 -90.50 -90.75 -91.00 -91.22 -91.41 -91.56 -91.69 -91.84 -92.06 -92.38 -92.72 -93.06 -93.38 -93.66 -93.94 -94.22 -94.53 -94.91 -95.28 -95.66 -96.00 -96.31 -96.59 -96.84 -97.09 -97.31 -97.53 -97.72 -97.91 -98.09 -98.28 -98.47 -98.62 -98.81 -99.00 -99.19 -99.38 -99.59 -99.81 -100.03 -100.25 -100.44 -100.62 -100.78 -100.91 -101.03 -101.12 -101.22
-87.09 -87.12 -87.19 -87.22 -87.25 -87.31 -87.41 -87.53 -87.69 -87.88 -88.09 -88.34 -88.62 -88.88 -89.16 -89.41 -89.66 -89.91 -90.16 -90.41 -90.69 -90.94 -91.22 -91.44 -91.66 -91.84 -92.00 -92.16 -92.38 -92.69 -93.03 -93.41 -93.75 -94.06 -94.34 -94.62 -94.88 -95.19 -95.56 -95.91 -96.25 -96.56 -96.84 -97.12 -97.38 -97.59 -97.78 -97.97 -98.16 -98.34 -98.50 -98.66 -98.84 -99.00 -99.16 -99.34 -99.53 -99.72 -99.94 -100.12 -100.34 -100.53 -100.69 -100.84 -101.00 -101.12 -101.22 -101.31
-87.38 -87.41 -87.44 -87.50 -87.53 -87.56 -87.66 -87.75 -87.84 -87.97 -88.19 -88.41 -88.69 -88.97 -89.25 -89.53 -89.78 -90.06 -90.34 -90.59 -90.88 -91.16 -91.44 -91.69 -91.91 -92.12 -92.31 -92.47 -92.69 -92.97 -93.31 -93.69 -94.06 -94.44 -94.72 -95.00 -95.25 -95.53 -95.84 -96.19 -96.50 -96.81 -97.09 -97.34 -97.59 -97.81 -98.03 -98.22 -98.41 -98.56 -98.72 -98.88 -99.03 -99.19 -99.34 -99.50 -99.66 -99.81 -100.00 -100.22 -100.41 -100.59 -100.75 -100.91 -101.06 -101.19 -101.28 -101.38
-87.66 -87.69 -87.72 -87.75 -87.81 -87.84 -87.91 -87.97 -88.06 -88.16 -88.28 -88.47 -88.72 -89.03 -89.31 -89.62 -89.91 -90.19 -90.47 -90.78 -91.06 -91.34 -91.62 -91.91 -92.16 -92.38 -92.59 -92.78 -93.00 -93.28 -93.59 -93.94 -94.34 -94.72 -95.06 -95.38 -95.62 -95.88 -96.16 -96.44 -96.75 -97.03 -97.31 -97.56 -97.81 -98.03 -98.25 -98.44 -98.62 -98.78 -98.91 -99.06 -99.22 -99.34 -99.50 -99.62 -99.78 -99.94 -100.12 -100.28 -100.47 -100.66 -100.84 -101.00 -101.12 -101.25 -101.34 -101.44
-87.94 -87.97 -88.00 -88.03 -88.06 -88.12 -88.16 -88.25 -88.31 -88.41 -88.47 -88.56 -88.78 -89.09 -89.41 -89.72 -90.00 -90.31 -90.62 -90.94 -91.25 -91.56 -91.84 -92.12 -92.38 -92.62 -92.84 -93.06 -93.28 -93.56 -93.88 -94.22 -94.59 -95.00 -95.38 -95.69 -95.94 -96.19 -96.44 -96.72 -97.00 -97.28 -97.53 -97.75 -98.00 -98.22 -98.44 -98.62 -98.81 -98.97 -99.12 -99.25 -99.38 -99.53 -99.66 -99.78 -99.91 -100.06 -100.22 -100.41 -100.56 -100.75 -100.91 -101.06 -101.22 -101.31 -101.44 -101.53
-88.22 -88.22 -88.25 -88.28 -88.31 -88.38 -88.44 -88.50 -88.59 -88.66 -88.75 -88.81 -88.94 -89.19 -89.53 -89.84 -90.16 -90.47 -90.75 -91.09 -91.41 -91.72 -92.03 -92.34 -92.62 -92.88 -93.09 -93.31 -93.56 -93.84 -94.16 -94.50 -94.88 -95.25 -95.62 -95.97 -96.25 -96.50 -96.72 -96.97 -97.25 -97.50 -97.75 -97.97 -98.19 -98.41 -98.62 -98.81 -99.00 -99.16 -99.31 -99.44 -99.56 -99.69 -99.81 -99.94 -100.06 -100.19 -100.34 -100.53 -100.69 -100.88 -101.03 -101.19 -101.31 -101.41 -101.50 -101.59
-88.50 -88.50 -88.50 -88.53 -88.59 -88.66 -88.72 -88.81 -88.88 -88.94 -89.00 -89.09 -89.22 -89.41 -89.72 -90.03 -90.31 -90.62 -90.94 -91.25 -91.56 -91.91 -92.22 -92.53 -92.81 -93.09 -93.34 -93.59 -93.84 -94.09 -94.41 -94.75 -95.12 -95.50 -95.88 -96.22 -96.50 -96.75 -96.97 -97.22 -97.47 -97.72 -97.97 -98.19 -98.38 -98.59 -98.78 -99.00 -99.19 -99.34 -99.47 -99.62 -99.72 -99.84 -99.97 -100.06 -100.19 -100.34 -100.50 -100.66 -100.81 -101.00 -101.16 -101.28 -101.41 -101.53 -101.62 -101.69
-88.78 -88.75 -88.78 -88.81 -88.84 -88.91 -89.00 -89.06 -89.16 -89.22 -89.28 -89.38 -89.50 -89.69 -89.94 -90.22 -90.53 -90.81 -91.12 -91.41 -91.75 -92.06 -92.38 -92.72 -93.00 -93.28 -93.56 -93.81 -94.06 -94.34 -94.66 -95.00 -95.34 -95.72 -96.09 -96.44 -96.75 -97.00 -97.22 -97.44 -97.69 -97.94 -98.16 -98.38 -98.59 -98.78 -98.97 -99.16 -99.34 -99.50 -99.66 -99.78 -99.91 -100.00 -100.12 -100.22 -100.34 -100.47 -100.62 -100.78 -100.94 -101.12 -101.28 -101.41 -101.53 -101.62 -101.72 -101.78
-89.06 -89.06 -89.06 -89.09 -89.09 -89.16 -89.25 -89.34 -89.44 -89.50 -89.56 -89.66 -89.78 -89.94 -90.19 -90.44 -90.72 -91.00 -91.28 -91.59 -91.88 -92.19 -92.53 -92.84 -93.16 -93.47 -93.75 -94.03 -94.31 -94.56 -94.88 -95.22 -95.56 -95.94 -96.31 -96.66 -96.97 -97.25 -97.47 -97.69 -97.91 -98.12 -98.34 -98.56 -98.78 -98.97 -99.16 -99.34 -99.50 -99.66 -99.81 -99.94 -100.06 -100.19 -100.28 -100.38 -100.50 -100.59 -100.75 -100.88 -101.06 -101.22 -101.38 -101.53 -101.66 -101.75 -101.81 -101.88
-89.41 -89.34 -89.34 -89.38 -89.41 -89.44 -89.50 -89.56 -89.66 -89.75 -89.81 -89.91 -90.03 -90.19 -90.41 -90.62 -90.91 -91.16 -91.44 -91.72 -92.00 -92.31 -92.62 -92.97 -93.28 -93.59 -93.91 -94.22 -94.50 -94.78 -95.06 -95.41 -95.75 -96.12 -96.47 -96.81 -97.16 -97.44 -97.69 -97.91 -98.09 -98.31 -98.53 -98.72 -98.94 -99.12 -99.31 -99.50 -99.66 -99.81 -99.97 -100.09 -100.22 -100.31 -100.44 -100.53 -100.62 -100.75 -100.88 -101.00 -101.16 -101.31 -101.47 -101.62 -101.75 -101.84 -101.91 -101.97
-89.75 -89.69 -89.66 -89.69 -89.69 -89.69 -89.75 -89.81 -89.88 -89.97 -90.06 -90.12 -90.25 -90.41 -90.59 -90.81 -91.06 -91.31 -91.59 -91.84 -92.12 -92.44 -92.75 -93.06 -93.41 -93.72 -94.03 -94.34 -94.66 -94.94 -95.25 -95.56 -95.91 -96.28 -96.62 -96.97 -97.28 -97.59 -97.84 -98.09 -98.28 -98.50 -98.69 -98.88 -99.09 -99.28 -99.47 -99.62 -99.78 -99.94 -100.09 -100.22 -100.34 -100.47 -100.56 -100.66 -100.75 -100.88 -101.00 -101.12 -101.28 -101.44 -101.56 -101.72 -101.81 -101.91 -102.00 -102.03
-90.09 -90.03 -90.00 -90.00 -90.00 -90.00 -90.00 -90.03 -90.09 -90.16 -90.25 -90.34 -90.47 -90.59 -90.78 -91.00 -91.22 -91.47 -91.72 -91.97 -92.22 -92.50 -92.81 -93.16 -93.47 -93.81 -94.12 -94.47 -94.78 -95.09 -95.41 -95.72 -96.06 -96.38 -96.75 -97.06 -97.41 -97.72 -98.00 -98.22 -98.47 -98.66 -98.84 -99.03 -99.22 -99.41 -99.59 -99.75 -99.91 -100.06 -100.22 -100.34 -100.47 -100.56 -100.69 -100.78 -100.88 -101.00 -101.09 -101.25 -101.38 -101.53 -101.66 -101.78 -101.91 -102.00 -102.06 -102.12
-90.47 -90.38 -90.34 -90.31 -90.28 -90.28 -90.25 -90.25 -90.28 -90.34 -90.44 -90.53 -90.66 -90.78 -90.94 -91.12 -91.34 -91.59 -91.81 -92.06 -92.31 -92.59 -92.91 -93.22 -93.53 -93.88 -94.22 -94.56 -94.91 -95.22 -95.53 -95.84 -96.19 -96.50 -96.84 -97.16 -97.50 -97.81 -98.09 -98.34 -98.56 -98.78 -98.97 -99.16 -99.34 -99.53 -99.69 -99.88 -100.03 -100.16 -100.31 -100.44 -100.56 -100.69 -100.78 -100.88 -101.00 -101.09 -101.22 -101.34 -101.47 -101.62 -101.75 -101.88 -102.00 -102.09 -102.16 -102.22
-90.81 -90.72 -90.66 -90.62 -90.59 -90.53 -90.50 -90.47 -90.47 -90.53 -90.59 -90.72 -90.81 -90.94 -91.09 -91.28 -91.47 -91.69 -91.94 -92.16 -92.41 -92.69 -92.97 -93.28 -93.62 -94.00 -94.34 -94.69 -95.03 -95.38 -95.69 -96.00 -96.31 -96.62 -96.94 -97.25 -97.56 -97.88 -98.16 -98.44 -98.66 -98.88 -99.09 -99.28 -99.44 -99.62 -99.78 -99.97 -100.12 -100.25 -100.41 -100.53 -100.66 -100.75 -100.88 -100.97 -101.06 -101.19 -101.31 -101.44 -101.59 -101.72 -101.84 -101.97 -102.09 -102.19 -102.25 -102.28
-91.16 -91.03 -90.97 -90.91 -90.88 -90.81 -90.75 -90.69 -90.69 -90.72 -90.78 -90.84 -90.97 -91.09 -91.25 -91.41 -91.59 -91.81 -92.03 -92.25 -92.50 -92.78 -93.06 -93.41 -93.75 -94.12 -94.47 -94.84 -95.19 -95.53 -95.84 -96.16 -96.47 -96.75 -97.03 -97.34 -97.66 -97.94 -98.22 -98.50 -98.72 -98.97 -99.16 -99.34 -99.53 -99.69 -99.88 -100.03 -100.19 -100.31 -100.47 -100.59 -100.72 -100.81 -100.94 -101.03 -101.16 -101.28 -101.41 -101.53 -101.66 -101.81 -101.94 -102.06 -102.19 -102.25 -102.31 -102.38
-91.44 -91.34 -91.25 -91.19 -91.12 -91.06 -91.00 -90.94 -90.91 -90.88 -90.94 -91.00 -91.09 -91.22 -91.38 -91.53 -91.72 -91.94 -92.12 -92.38 -92.62 -92.88 -93.19 -93.50 -93.88 -94.25 -94.62 -95.00 -95.38 -95.72 -96.03 -96.34 -96.62 -96.88 -97.16 -97.44 -97.72 -98.00 -98.28 -98.53 -98.78 -99.00 -99.22 -99.41 -99.59 -99.75 -99.91 -100.06 -100.22 -100.38 -100.50 -100.62 -100.75 -100.88 -100.97 -101.09 -101.22 -101.34 -101.47 -101.62 -101.75 -101.91 -102.03 -102.16 -102.25 -102.34 -102.41 -102.44
-91.72 -91.62 -91.53 -91.47 -91.38 -91.28 -91.22 -91.16 -91.09 -91.06 -91.09 -91.16 -91.25 -91.38 -91.50 -91.69 -91.88 -92.06 -92.28 -92.50 -92.75 -93.00 -93.31 -93.62 -94.00 -94.38 -94.78 -95.16 -95.53 -95.88 -96.19 -96.50 -96.75 -97.03 -97.28 -97.53 -97.78 -98.03 -98.31 -98.56 -98.81 -99.03 -99.25 -99.44 -99.59 -99.78 -99.94 -100.09 -100.25 -100.38 -100.53 -100.66 -100.78 -100.88 -101.00 -101.12 -101.25 -101.41 -101.56 -101.69 -101.84 -101.97 -102.12 -102.22 -102.34 -102.41 -102.47 -102.53
-92.00 -91.91 -91.81 -91.72 -91.62 -91.53 -91.44 -91.38 -91.28 -91.25 -91.25 -91.31 -91.41 -91.50 -91.66 -91.84 -92.03 -92.22 -92.44 -92.66 -92.88 -93.16 -93.44 -93.75 -94.12 -94.50 -94.91 -95.28 -95.66 -96.00 -96.34 -96.62 -96.91 -97.16 -97.41 -97.62 -97.84 -98.09 -98.34 -98.56 -98.81 -99.03 -99.22 -99.41 -99.59 -99.78 -99.94 -100.09 -100.25 -100.38 -100.50 -100.66 -100.78 -100.88 -101.00 -101.16 -101.31 -101.47 -101.62 -101.78 -101.91 -102.06 -102.19 -102.31 -102.41 -102.47 -102.53 -102.59
-92.28 -92.19 -92.09 -91.97 -91.88 -91.78 -91.69 -91.56 -91.50 -91.41 -91.41 -91.47 -91.56 -91.69 -91.81 -92.00 -92.19 -92.38 -92.59 -92.81 -93.06 -93.31 -93.59 -93.91 -94.25 -94.62 -95.03 -95.41 -95.78 -96.12 -96.44 -96.75 -97.00 -97.28 -97.50 -97.72 -97.94 -98.16 -98.34 -98.56 -98.78 -99.00 -99.22 -99.41 -99.56 -99.75 -99.91 -100.06 -100.22 -100.38 -100.50 -100.62 -100.75 -100.88 -101.00 -101.16 -101.31 -101.50 -101.66 -101.81 -101.97 -102.12 -102.25 -102.38 -102.47 -102.53 -102.59 -102.66
-92.56 -92.47 -92.34 -92.25 -92.12 -92.00 -91.91 -91.78 -91.69 -91.59 -91.59 -91.66 -91.75 -91.84 -92.00 -92.16 -92.38 -92.56 -92.78 -93.00 -93.25 -93.50 -93.78 -94.06 -94.41 -94.75 -95.16 -95.53 -95.88 -96.22 -96.53 -96.84 -97.09 -97.34 -97.59 -97.78 -98.00 -98.19 -98.38 -98.59 -98.78 -98.97 -99.16 -99.34 -99.53 -99.72 -99.88 -100.03 -100.19 -100.34 -100.47 -100.62 -100.75 -100.88 -101.03 -101.19 -101.34 -101.53 -101.69 -101.88 -102.03 -102.16 -102.31 -102.41 -102.50 -102.59 -102.66 -102.72
