everonasctiles/Tile20,5.asc
ncols 128
nrows 128
xllcorner 0
yllcorner 0
cellsize 2.0
NODATA_value  -9999
[rows 64 to 95 of 128, columns 0 to 70 of 128]
-57.78 -58.25 -58.12 -57.75 -58.38 -59.19 -60.16 -61.19 -61.53 -61.59 -62.78 -63.19 -64.12 -64.16 -64.34 -65.09 -65.75 -66.34 -66.88 -67.56 -68.53 -69.62 -70.59 -71.50 -72.34 -73.44 -74.47 -75.41 -76.22 -77.09 -77.81 -78.16 -78.00 -77.34 -77.22 -76.81 -76.41 -76.91 -77.34 -78.88 -80.91 -82.66 -84.94 -87.34 -89.28 -91.84 -93.34 -94.41 -95.53 -96.72 -97.38 -97.62 -97.59 -97.47 -97.19 -97.06 -96.75 -96.44 -95.84 -95.75 -95.31 -94.75 -94.50 -94.12 -93.66 -93.19 -92.81 -92.25 -91.78 -91.22 -90.66
-58.28 -58.59 -58.50 -58.28 -58.97 -60.06 -61.12 -62.00 -62.03 -62.84 -63.81 -64.44 -64.88 -65.22 -65.59 -65.94 -66.66 -67.25 -67.94 -68.62 -69.47 -70.34 -71.12 -71.78 -72.44 -72.94 -73.56 -74.38 -75.31 -76.28 -76.62 -76.84 -76.34 -75.66 -74.75 -74.53 -74.88 -75.72 -77.38 -78.81 -80.78 -82.88 -84.94 -87.75 -90.16 -92.03 -93.59 -94.53 -95.47 -96.62 -96.94 -97.44 -97.53 -97.28 -97.22 -97.00 -96.72 -96.31 -96.09 -95.69 -95.41 -94.91 -94.44 -94.22 -93.88 -93.50 -93.09 -92.59 -91.97 -91.59 -90.91
-58.78 -59.12 -59.16 -58.72 -59.31 -60.53 -61.62 -62.53 -62.81 -63.19 -63.91 -64.75 -65.31 -65.59 -66.25 -66.88 -67.41 -68.09 -68.81 -69.53 -70.38 -71.06 -71.62 -72.03 -72.12 -72.22 -72.78 -73.62 -74.66 -75.44 -75.72 -75.62 -75.00 -74.16 -73.47 -72.94 -74.59 -75.66 -77.41 -79.41 -81.09 -84.28 -86.22 -89.09 -90.91 -92.62 -94.06 -95.16 -96.06 -96.09 -96.84 -97.38 -97.41 -97.03 -97.03 -96.84 -96.53 -96.31 -96.00 -95.69 -95.41 -94.94 -94.72 -94.44 -94.00 -93.72 -93.31 -92.88 -92.44 -91.84 -91.34
-59.31 -59.53 -59.53 -59.38 -59.91 -60.91 -61.56 -62.44 -62.88 -63.34 -64.19 -64.84 -65.50 -66.09 -66.84 -67.50 -68.09 -68.75 -69.44 -70.25 -71.06 -71.62 -71.88 -71.84 -71.88 -71.94 -72.41 -73.19 -74.06 -74.66 -74.78 -74.47 -73.69 -73.28 -72.53 -72.91 -73.97 -76.16 -77.84 -80.97 -82.66 -87.03 -89.03 -90.31 -91.50 -92.84 -94.16 -95.16 -94.94 -96.38 -97.25 -97.19 -96.88 -96.88 -96.78 -96.75 -96.66 -96.41 -96.03 -95.62 -95.34 -95.06 -94.78 -94.44 -94.03 -93.78 -93.44 -93.06 -92.66 -92.12 -91.66
-59.91 -60.03 -59.94 -60.25 -60.69 -61.22 -61.69 -62.16 -62.97 -63.53 -64.31 -65.09 -65.84 -66.56 -67.22 -67.91 -68.59 -69.34 -70.06 -70.84 -71.56 -71.91 -71.81 -71.72 -71.72 -71.84 -72.22 -72.81 -73.47 -73.94 -73.81 -73.22 -72.34 -71.94 -72.38 -73.22 -74.59 -75.69 -78.69 -81.72 -84.38 -86.62 -88.50 -90.16 -91.59 -92.78 -93.97 -93.88 -95.41 -96.75 -97.28 -97.06 -96.97 -96.62 -96.72 -96.66 -96.56 -96.38 -96.09 -95.59 -95.53 -95.09 -94.81 -94.50 -94.22 -94.06 -93.59 -93.31 -92.81 -92.50 -92.12
-60.47 -60.94 -61.03 -61.03 -61.34 -61.88 -62.28 -62.78 -63.25 -63.88 -64.81 -65.78 -66.25 -66.78 -67.44 -68.22 -69.03 -69.84 -70.62 -71.28 -71.78 -71.88 -71.69 -71.56 -71.62 -71.69 -71.91 -72.50 -73.09 -73.28 -73.00 -72.47 -71.88 -71.94 -72.94 -74.09 -74.62 -75.75 -77.44 -80.94 -83.75 -85.72 -87.34 -89.22 -91.34 -92.47 -92.44 -94.38 -95.25 -95.88 -96.97 -96.97 -96.97 -96.88 -96.62 -96.41 -96.12 -95.72 -95.81 -95.69 -95.53 -95.28 -94.94 -94.56 -94.38 -94.09 -93.69 -93.31 -93.00 -92.56 -92.44
-61.34 -61.91 -62.28 -62.66 -63.00 -63.41 -63.75 -64.16 -64.50 -64.97 -65.47 -66.25 -66.88 -67.38 -68.03 -68.78 -69.56 -70.34 -71.03 -71.50 -71.62 -71.62 -71.47 -71.34 -71.50 -71.41 -71.34 -71.59 -72.00 -72.31 -72.22 -71.62 -71.28 -72.06 -73.53 -74.53 -75.06 -75.66 -77.12 -79.59 -82.44 -85.22 -87.09 -88.53 -90.88 -91.34 -93.16 -93.84 -94.47 -95.69 -96.19 -96.12 -95.97 -95.69 -95.62 -96.03 -95.88 -95.62 -95.53 -95.62 -95.50 -95.28 -95.03 -94.72 -94.53 -94.19 -93.91 -93.44 -93.12 -92.81 -92.44
-62.56 -62.81 -63.31 -63.78 -64.50 -64.94 -65.34 -65.75 -65.97 -66.38 -66.69 -67.12 -67.69 -68.19 -68.72 -69.38 -70.06 -70.75 -71.25 -71.41 -71.31 -71.28 -71.25 -71.22 -71.34 -71.22 -70.88 -70.38 -70.28 -71.25 -71.62 -70.84 -70.91 -71.91 -73.66 -74.78 -75.34 -75.72 -76.62 -78.41 -80.91 -83.78 -85.97 -88.25 -89.78 -90.28 -91.25 -92.69 -94.00 -94.75 -94.50 -94.66 -95.53 -95.41 -95.41 -94.62 -94.12 -93.97 -94.59 -94.84 -95.50 -95.19 -95.00 -94.72 -94.50 -94.31 -93.91 -93.66 -93.34 -92.94 -92.88
-64.31 -64.47 -64.66 -65.06 -65.56 -66.06 -66.50 -67.00 -67.38 -67.78 -67.97 -68.31 -68.69 -69.16 -69.66 -70.19 -70.69 -71.09 -71.25 -71.19 -71.00 -70.94 -70.91 -70.91 -71.00 -70.97 -70.59 -69.72 -69.59 -70.47 -70.78 -70.38 -70.88 -71.84 -73.62 -74.97 -75.72 -75.81 -76.22 -77.47 -79.59 -82.22 -84.56 -86.53 -87.59 -88.75 -90.50 -91.47 -92.78 -92.84 -92.72 -93.88 -94.25 -94.00 -92.53 -92.62 -92.34 -92.72 -94.06 -94.56 -95.16 -95.03 -94.94 -94.62 -94.41 -94.22 -93.97 -93.62 -93.50 -93.31 -92.97
-66.00 -66.12 -66.47 -66.66 -67.00 -67.31 -67.69 -68.16 -68.53 -68.97 -69.19 -69.47 -69.78 -70.31 -70.75 -71.16 -71.38 -71.38 -71.16 -70.97 -70.78 -70.66 -70.50 -70.16 -69.97 -70.22 -70.03 -69.38 -69.34 -69.84 -69.91 -69.97 -71.06 -72.31 -74.34 -75.62 -76.00 -75.91 -76.03 -76.84 -78.47 -80.59 -82.59 -84.47 -86.09 -87.66 -89.03 -91.06 -92.25 -91.34 -91.88 -91.62 -91.50 -91.69 -91.16 -89.53 -90.25 -91.25 -92.72 -94.41 -94.94 -94.69 -94.75 -94.53 -94.38 -94.16 -94.03 -93.88 -93.59 -93.41 -93.09
-67.28 -67.66 -67.94 -68.12 -68.41 -68.69 -68.94 -69.38 -69.66 -69.84 -70.16 -70.59 -71.06 -71.53 -71.88 -72.12 -71.84 -71.47 -71.06 -70.78 -70.53 -70.28 -69.97 -69.25 -68.66 -68.94 -69.00 -68.72 -68.72 -68.97 -69.16 -70.09 -70.94 -73.09 -74.44 -75.78 -76.19 -76.09 -76.09 -76.59 -77.69 -79.16 -80.75 -82.50 -84.50 -86.50 -88.59 -90.19 -89.06 -89.72 -90.47 -89.25 -89.19 -88.94 -88.09 -88.12 -88.81 -90.88 -92.44 -93.81 -94.56 -94.62 -94.50 -94.44 -94.28 -94.19 -94.06 -94.03 -93.66 -93.47 -93.16
-68.34 -68.72 -68.84 -69.12 -69.44 -69.75 -70.16 -70.47 -70.75 -70.94 -71.25 -71.69 -72.25 -72.66 -72.78 -72.53 -72.06 -71.50 -71.06 -70.66 -70.09 -69.66 -69.38 -68.75 -68.12 -67.81 -67.88 -68.12 -68.28 -68.22 -68.69 -69.81 -71.25 -72.97 -74.19 -75.47 -76.28 -76.41 -76.47 -76.72 -77.31 -78.09 -79.19 -80.69 -82.66 -84.91 -87.25 -87.19 -87.78 -87.09 -87.41 -87.06 -85.41 -85.50 -85.41 -85.84 -87.00 -90.62 -92.09 -93.44 -94.09 -94.19 -94.19 -94.16 -94.06 -94.03 -93.78 -93.84 -93.81 -93.31 -93.28
-68.56 -69.41 -69.31 -69.53 -69.94 -70.34 -70.78 -71.16 -71.47 -71.78 -72.16 -72.62 -73.12 -73.31 -73.09 -72.62 -72.09 -71.50 -71.12 -70.66 -69.88 -69.28 -68.94 -68.28 -67.78 -67.47 -67.34 -67.78 -68.09 -67.94 -68.47 -69.78 -71.50 -72.62 -73.84 -75.06 -76.00 -76.59 -76.78 -76.91 -77.12 -77.41 -78.03 -79.12 -80.62 -82.47 -84.22 -84.69 -84.28 -84.38 -84.94 -84.25 -84.00 -82.91 -82.59 -83.22 -86.78 -89.28 -90.72 -92.25 -93.25 -93.88 -93.91 -93.81 -93.78 -93.56 -93.44 -93.50 -93.62 -93.53 -93.25
-68.94 -69.69 -69.72 -70.16 -70.56 -70.84 -71.22 -71.62 -72.00 -72.38 -72.81 -73.38 -73.75 -73.53 -73.06 -72.56 -72.00 -71.47 -71.06 -70.66 -70.12 -69.56 -68.78 -67.69 -67.25 -67.50 -67.69 -67.94 -67.88 -67.91 -68.50 -70.00 -71.16 -72.25 -73.53 -74.69 -75.62 -76.38 -76.75 -76.88 -76.81 -76.81 -77.12 -77.75 -78.72 -79.84 -80.94 -81.69 -82.31 -81.50 -81.22 -81.44 -80.91 -81.25 -81.56 -82.16 -85.16 -87.03 -89.25 -91.38 -92.56 -93.16 -93.06 -93.00 -92.41 -91.97 -92.59 -92.25 -92.66 -92.97 -92.88
-69.84 -70.12 -70.22 -70.75 -71.28 -71.66 -71.91 -72.28 -72.56 -72.84 -73.34 -73.81 -73.69 -73.47 -73.06 -72.47 -71.84 -71.25 -70.78 -70.56 -70.31 -69.75 -68.75 -67.59 -67.25 -67.66 -68.00 -67.97 -67.78 -67.97 -68.72 -69.78 -70.88 -72.03 -73.34 -74.34 -75.19 -75.88 -76.38 -76.50 -76.41 -76.34 -76.47 -76.78 -77.25 -77.81 -78.38 -78.94 -79.09 -79.44 -79.28 -79.34 -79.44 -79.31 -79.38 -79.94 -82.59 -84.12 -86.50 -89.16 -91.41 -91.62 -91.66 -91.19 -90.03 -89.69 -89.84 -90.94 -91.78 -92.62 -92.38
-70.62 -70.62 -71.00 -71.56 -71.94 -72.34 -72.62 -73.06 -73.41 -73.69 -73.91 -73.62 -73.59 -73.38 -73.00 -72.38 -71.66 -70.94 -70.47 -70.22 -70.03 -69.34 -68.12 -67.28 -67.31 -67.69 -67.81 -67.81 -68.03 -68.28 -69.00 -69.84 -70.97 -72.19 -73.31 -74.12 -74.72 -75.25 -75.69 -75.94 -75.88 -75.97 -76.09 -76.25 -76.38 -76.50 -76.69 -76.94 -77.31 -77.75 -77.94 -77.81 -78.06 -77.88 -77.88 -78.06 -80.22 -83.47 -85.41 -87.59 -90.25 -90.19 -89.56 -89.06 -87.84 -87.41 -88.31 -89.66 -91.31 -92.19 -92.09
-71.34 -71.31 -71.88 -72.72 -73.09 -73.34 -73.47 -73.97 -74.38 -74.47 -73.97 -73.62 -73.47 -73.28 -72.88 -72.34 -71.59 -70.75 -70.16 -69.84 -69.56 -68.81 -67.41 -66.44 -66.81 -67.50 -67.66 -67.66 -68.28 -68.91 -69.62 -70.38 -71.25 -72.41 -73.47 -73.94 -74.19 -74.44 -74.75 -75.03 -75.16 -75.72 -76.03 -76.09 -76.00 -75.88 -75.88 -75.94 -76.06 -76.28 -76.62 -76.56 -76.59 -76.59 -76.94 -77.44 -79.34 -82.16 -84.50 -87.72 -88.06 -87.66 -87.12 -86.44 -85.50 -85.97 -87.53 -89.41 -90.75 -91.81 -91.66
-72.47 -72.62 -73.25 -73.91 -74.31 -74.53 -74.66 -75.28 -75.50 -74.75 -74.12 -73.78 -73.56 -73.28 -72.72 -72.12 -71.44 -70.66 -70.00 -69.53 -69.25 -68.62 -67.44 -66.69 -66.94 -67.72 -68.03 -68.50 -68.97 -69.97 -70.53 -71.16 -71.81 -72.69 -73.69 -73.72 -73.53 -73.44 -73.56 -74.16 -74.62 -75.50 -76.03 -76.03 -75.78 -75.47 -75.19 -75.16 -75.22 -75.19 -75.44 -75.47 -75.03 -75.12 -75.78 -77.06 -78.69 -81.03 -85.16 -85.34 -85.44 -85.56 -84.69 -83.19 -83.91 -84.81 -86.69 -88.81 -90.84 -91.75 -92.00
-73.16 -73.91 -74.81 -74.94 -75.22 -75.53 -75.78 -75.66 -75.38 -74.97 -74.38 -73.94 -73.53 -73.22 -72.72 -71.94 -71.06 -70.50 -69.91 -69.19 -68.91 -68.66 -68.03 -67.25 -67.34 -67.91 -68.47 -68.91 -69.53 -70.44 -71.22 -71.94 -72.62 -73.28 -72.91 -72.84 -72.75 -72.44 -72.66 -73.75 -74.22 -75.12 -75.50 -75.38 -75.06 -74.59 -74.16 -73.97 -73.91 -73.91 -74.03 -74.00 -73.78 -74.25 -75.56 -76.72 -79.41 -81.16 -82.72 -83.47 -83.44 -82.94 -82.91 -82.16 -82.69 -84.03 -86.69 -89.41 -90.88 -91.94 -91.56
-74.22 -75.28 -76.12 -76.69 -76.50 -77.09 -76.09 -75.44 -75.25 -75.12 -74.66 -74.19 -73.66 -73.19 -72.28 -71.38 -70.75 -70.34 -69.56 -68.94 -68.88 -68.78 -68.12 -67.34 -67.44 -68.34 -68.78 -69.22 -70.06 -70.91 -71.78 -72.59 -73.22 -72.50 -72.34 -72.06 -71.78 -71.78 -72.62 -73.44 -73.75 -74.31 -74.31 -73.97 -73.53 -73.09 -72.59 -72.59 -72.53 -72.78 -72.44 -72.56 -73.38 -74.22 -75.25 -77.44 -79.03 -79.75 -81.28 -81.47 -81.50 -81.34 -81.25 -81.44 -82.75 -85.06 -86.91 -88.84 -91.50 -90.78 -91.06
-75.81 -76.44 -77.25 -77.88 -78.28 -77.06 -76.28 -75.34 -75.00 -75.03 -74.66 -74.41 -73.72 -73.12 -71.88 -70.78 -70.19 -70.09 -69.25 -68.91 -68.75 -68.66 -68.25 -67.66 -67.69 -68.44 -69.09 -69.72 -70.56 -71.44 -72.22 -72.62 -72.31 -71.72 -71.47 -71.06 -70.94 -71.12 -72.03 -72.59 -72.94 -73.31 -72.78 -72.59 -72.16 -71.53 -71.44 -71.22 -71.44 -71.03 -71.06 -71.72 -72.69 -73.81 -75.00 -76.34 -77.16 -77.94 -79.25 -79.38 -79.97 -79.91 -80.78 -82.19 -83.66 -85.44 -88.53 -90.34 -89.75 -89.97 -89.91
-76.41 -77.53 -78.16 -77.78 -77.16 -76.78 -76.59 -75.69 -75.06 -74.91 -74.75 -74.41 -73.72 -72.72 -71.28 -70.28 -70.12 -70.09 -69.31 -69.06 -69.31 -69.09 -68.91 -68.66 -68.66 -69.03 -69.59 -70.31 -71.12 -71.91 -72.16 -71.97 -71.44 -70.91 -70.41 -70.25 -70.12 -70.59 -71.31 -71.88 -72.59 -71.91 -71.72 -71.16 -70.72 -70.19 -69.88 -69.75 -69.69 -69.72 -70.34 -70.84 -71.66 -73.56 -74.84 -75.25 -75.75 -77.03 -77.25 -77.72 -78.38 -79.69 -80.75 -82.41 -84.25 -86.69 -86.94 -88.78 -88.25 -88.59 -88.19
-77.47 -77.19 -77.28 -77.16 -77.22 -77.03 -76.16 -75.41 -75.00 -75.38 -74.97 -74.62 -73.25 -72.28 -70.81 -69.78 -70.06 -69.34 -68.66 -68.59 -69.31 -69.16 -69.22 -69.47 -69.88 -70.12 -70.50 -71.06 -71.66 -72.03 -71.75 -71.44 -70.94 -70.25 -69.31 -69.06 -69.03 -69.34 -70.31 -71.28 -71.91 -71.16 -70.84 -70.22 -69.50 -68.69 -68.94 -68.91 -68.84 -69.25 -69.88 -70.22 -71.00 -71.91 -73.22 -73.97 -74.78 -75.62 -75.62 -76.84 -78.12 -79.69 -81.44 -83.91 -85.06 -85.28 -85.72 -87.25 -86.75 -86.16 -86.22
-77.31 -77.34 -77.12 -76.97 -76.91 -76.78 -75.88 -75.19 -74.78 -74.69 -74.44 -74.53 -73.66 -72.78 -70.41 -70.03 -69.81 -69.41 -68.28 -68.28 -69.28 -69.72 -69.97 -70.50 -70.94 -71.28 -71.53 -71.81 -71.97 -71.69 -71.28 -70.72 -70.09 -69.38 -68.53 -68.50 -68.44 -68.91 -70.31 -71.38 -70.91 -70.28 -69.84 -69.16 -68.47 -67.72 -67.56 -67.53 -68.03 -68.62 -69.19 -70.22 -70.47 -71.16 -71.59 -72.56 -73.38 -74.38 -75.47 -76.69 -78.09 -79.88 -81.84 -82.53 -83.31 -83.78 -84.72 -85.25 -84.91 -83.72 -83.69
-77.03 -77.50 -77.03 -76.78 -76.78 -76.47 -75.69 -75.06 -74.88 -74.62 -73.91 -74.34 -73.56 -72.75 -71.19 -70.59 -70.19 -69.62 -69.03 -69.09 -69.44 -70.41 -71.06 -71.50 -71.84 -72.06 -72.41 -72.31 -71.84 -71.28 -70.59 -69.91 -69.12 -68.47 -68.31 -68.28 -68.66 -69.12 -69.97 -70.72 -69.88 -69.28 -68.84 -67.97 -67.78 -67.16 -67.50 -67.72 -68.19 -68.34 -69.41 -69.44 -70.22 -70.38 -71.16 -72.19 -73.53 -74.44 -75.19 -76.06 -77.94 -79.78 -79.75 -80.78 -81.34 -82.44 -83.22 -82.03 -81.78 -81.69 -82.19
-77.62 -77.56 -77.25 -77.06 -76.53 -76.09 -75.81 -75.44 -75.22 -74.72 -74.34 -74.16 -73.12 -72.44 -71.09 -70.72 -70.09 -70.59 -70.59 -70.16 -70.00 -71.03 -71.91 -72.22 -72.47 -72.66 -72.38 -72.09 -71.53 -70.88 -70.22 -69.41 -68.84 -68.31 -68.28 -68.53 -68.94 -69.41 -70.09 -69.41 -68.75 -68.38 -68.19 -67.47 -67.16 -67.09 -66.88 -67.75 -67.78 -68.25 -68.25 -68.94 -68.94 -69.94 -70.84 -72.06 -73.31 -74.09 -74.72 -76.66 -77.53 -77.03 -77.97 -78.69 -80.03 -81.00 -80.72 -79.66 -78.97 -79.81 -80.22
-77.62 -77.88 -77.66 -76.91 -75.78 -75.31 -75.25 -75.00 -75.44 -75.16 -75.09 -74.34 -73.69 -72.72 -71.31 -71.12 -71.00 -71.31 -71.19 -70.66 -70.56 -71.59 -72.56 -72.78 -72.91 -72.53 -72.06 -71.72 -71.34 -70.75 -69.62 -68.81 -68.16 -67.91 -68.66 -69.06 -69.31 -69.94 -69.28 -68.66 -67.81 -67.97 -67.38 -66.94 -66.75 -66.41 -66.75 -67.00 -67.56 -67.47 -67.81 -68.47 -68.94 -69.94 -71.19 -71.56 -72.78 -73.84 -75.41 -75.66 -75.72 -75.50 -75.84 -76.31 -78.19 -79.34 -78.12 -77.81 -77.31 -78.16 -78.72
-77.72 -77.91 -77.78 -77.12 -76.12 -75.12 -74.72 -74.34 -74.62 -74.88 -74.84 -74.00 -73.53 -73.03 -72.31 -72.00 -71.59 -71.69 -71.91 -71.69 -71.84 -72.62 -73.19 -73.25 -72.81 -72.19 -71.69 -71.56 -71.59 -70.41 -69.75 -68.31 -68.31 -68.59 -69.31 -69.62 -70.09 -69.09 -68.31 -67.66 -67.12 -67.03 -66.53 -65.78 -65.94 -66.00 -66.41 -66.56 -66.44 -66.75 -67.25 -67.91 -69.09 -70.53 -71.03 -71.53 -72.19 -72.97 -73.62 -74.06 -73.84 -74.09 -74.47 -74.97 -76.38 -77.16 -75.69 -75.50 -75.81 -76.31 -76.66
-77.59 -77.28 -77.16 -77.03 -76.34 -75.34 -74.91 -74.62 -74.88 -75.22 -74.72 -74.50 -74.03 -73.66 -73.09 -72.97 -72.81 -73.00 -72.91 -73.12 -73.25 -73.69 -73.94 -73.22 -72.59 -72.19 -71.53 -70.91 -70.91 -69.53 -69.72 -68.44 -68.62 -68.94 -69.84 -70.44 -69.50 -68.69 -67.69 -67.00 -66.50 -65.97 -65.88 -65.38 -65.16 -65.44 -65.47 -65.53 -65.84 -66.62 -67.12 -68.22 -69.28 -70.22 -70.69 -71.09 -71.50 -71.94 -72.31 -72.50 -72.59 -72.78 -73.47 -74.38 -75.66 -75.62 -74.12 -74.06 -74.28 -74.91 -75.62
-77.06 -76.97 -76.66 -76.38 -75.56 -75.12 -75.28 -75.28 -75.44 -74.88 -75.12 -75.06 -74.56 -74.28 -74.12 -74.00 -73.88 -73.91 -74.00 -74.06 -74.12 -74.25 -73.84 -73.09 -72.62 -72.06 -71.19 -70.84 -69.78 -68.59 -68.56 -68.47 -68.66 -69.19 -69.75 -70.19 -69.22 -68.56 -67.56 -67.06 -66.12 -65.94 -65.84 -65.41 -66.00 -65.75 -65.75 -65.25 -66.19 -67.00 -67.78 -68.62 -69.34 -70.00 -70.28 -70.50 -70.72 -70.94 -71.09 -71.12 -71.41 -71.59 -72.47 -71.72 -74.06 -73.41 -72.84 -72.69 -73.22 -74.22 -75.81
-76.72 -76.69 -76.31 -75.75 -75.38 -74.94 -74.94 -75.09 -75.44 -75.41 -75.03 -75.12 -74.97 -75.09 -74.84 -74.94 -75.06 -75.03 -74.97 -74.94 -74.94 -74.31 -73.75 -73.12 -72.59 -71.94 -71.31 -70.88 -69.50 -68.81 -68.91 -68.69 -69.34 -69.78 -70.47 -69.53 -68.84 -68.53 -67.38 -66.94 -66.38 -65.97 -65.72 -65.78 -65.44 -65.69 -65.94 -65.81 -66.25 -67.25 -67.97 -68.56 -69.47 -69.72 -69.81 -69.88 -69.88 -69.94 -69.97 -69.88 -70.38 -70.78 -71.81 -72.50 -72.03 -70.66 -71.41 -72.00 -72.41 -73.25 -74.94
-76.19 -76.47 -76.19 -75.81 -75.59 -75.44 -75.28 -75.34 -75.31 -75.84 -75.91 -75.41 -75.41 -75.19 -75.28 -75.59 -75.84 -75.97 -75.94 -75.94 -75.38 -74.44 -73.91 -73.47 -73.12 -72.25 -70.88 -70.50 -69.97 -69.66 -69.56 -69.53 -70.25 -70.94 -70.22 -69.31 -68.84 -68.41 -67.12 -66.69 -66.03 -65.62 -65.72 -65.44 -65.81 -66.31 -66.50 -66.66 -67.09 -67.91 -68.41 -69.12 -69.38 -69.44 -69.31 -69.22 -69.06 -68.91 -68.88 -69.06 -69.62 -70.19 -70.97 -70.22 -70.19 -69.94 -70.88 -71.22 -71.38 -72.38 -74.22
