everonasctiles/Tile37,13.asc
ncols 128
nrows 128
xllcorner 0
yllcorner 0
cellsize 2.0
NODATA_value  -9999
[rows 64 to 95 of 128, columns 0 to 70 of 128]
260.09 260.16 260.25 260.34 260.41 260.53 260.62 260.78 260.88 260.94 261.03 261.22 261.22 261.41 261.59 261.75 261.91 262.06 262.19 262.31 262.41 262.53 262.62 262.75 262.88 263.00 263.16 263.31 263.44 263.53 263.66 263.75 263.88 263.97 264.06 264.12 264.25 264.44 264.66 264.84 265.03 265.16 265.50 265.78 266.09 266.34 266.44 266.69 267.12 267.31 267.56 267.78 268.12 268.34 268.50 268.66 268.88 269.06 269.41 269.66 269.84 270.06 270.34 270.62 271.06 271.44 271.72 272.28 272.88 273.66 274.50
260.03 260.12 260.22 260.28 260.34 260.41 260.53 260.62 260.75 260.88 260.94 260.94 261.12 261.28 261.47 261.69 261.84 261.97 262.06 262.19 262.28 262.41 262.47 262.59 262.75 262.84 263.03 263.22 263.34 263.50 263.59 263.66 263.75 263.84 263.94 264.03 264.16 264.28 264.44 264.62 264.84 265.06 265.34 265.56 265.81 266.03 266.06 266.53 266.84 267.12 267.41 267.72 268.06 268.25 268.41 268.56 268.75 269.03 269.25 269.53 269.72 269.94 270.19 270.50 270.91 271.19 271.59 272.06 272.66 273.47 274.22
259.97 260.09 260.16 260.22 260.28 260.38 260.47 260.56 260.66 260.75 260.78 260.91 261.06 261.25 261.44 261.56 261.72 261.84 261.94 262.06 262.16 262.19 262.31 262.47 262.59 262.75 262.88 263.03 263.22 263.38 263.47 263.59 263.69 263.75 263.81 263.94 264.03 264.19 264.31 264.47 264.72 264.91 265.09 265.31 265.56 265.72 265.88 266.25 266.50 266.91 267.28 267.62 267.94 268.12 268.31 268.53 268.66 268.84 269.16 269.53 269.69 269.84 270.06 270.41 270.75 271.16 271.59 272.03 272.53 273.22 274.03
259.97 260.03 260.09 260.16 260.22 260.31 260.41 260.47 260.53 260.59 260.69 260.84 260.97 261.12 261.25 261.41 261.59 261.72 261.81 261.94 261.94 262.03 262.16 262.31 262.47 262.59 262.72 262.84 263.06 263.22 263.38 263.50 263.59 263.69 263.75 263.84 263.97 264.06 264.19 264.38 264.56 264.72 264.88 265.09 265.34 265.50 265.69 266.03 266.34 266.66 267.12 267.47 267.78 267.97 268.19 268.38 268.53 268.72 269.16 269.41 269.56 269.78 270.06 270.34 270.69 271.06 271.53 272.00 272.53 272.97 273.88
259.91 259.97 260.03 260.09 260.16 260.22 260.31 260.38 260.44 260.50 260.59 260.69 260.81 260.97 261.12 261.34 261.47 261.56 261.69 261.72 261.78 261.91 262.06 262.16 262.31 262.47 262.59 262.72 262.91 263.09 263.28 263.38 263.47 263.56 263.66 263.75 263.91 263.97 264.12 264.25 264.47 264.62 264.78 264.94 265.09 265.28 265.53 265.78 266.16 266.62 267.09 267.41 267.62 267.84 268.03 268.19 268.38 268.66 268.97 269.25 269.47 269.72 270.00 270.28 270.59 270.97 271.34 271.78 272.25 272.88 273.62
259.84 259.94 260.00 260.09 260.12 260.19 260.25 260.31 260.38 260.41 260.47 260.59 260.75 260.94 261.12 261.25 261.34 261.44 261.50 261.59 261.75 261.88 262.00 262.06 262.19 262.34 262.50 262.59 262.78 262.97 263.12 263.28 263.31 263.44 263.56 263.66 263.78 263.91 264.03 264.19 264.38 264.53 264.66 264.75 264.88 265.12 265.34 265.62 266.06 266.59 267.03 267.25 267.50 267.66 267.81 267.97 268.19 268.53 268.94 269.22 269.47 269.72 269.97 270.19 270.44 270.81 271.12 271.53 272.00 272.56 273.31
259.75 259.84 259.91 260.00 260.00 260.09 260.19 260.25 260.28 260.34 260.41 260.53 260.62 260.81 261.00 261.12 261.19 261.25 261.38 261.56 261.66 261.78 261.91 262.00 262.19 262.28 262.41 262.56 262.72 262.88 263.00 263.16 263.25 263.34 263.47 263.56 263.69 263.84 263.97 264.09 264.22 264.44 264.50 264.59 264.78 265.00 265.31 265.62 266.06 266.56 266.91 267.12 267.31 267.47 267.59 267.81 268.09 268.38 268.81 269.09 269.41 269.62 269.84 270.06 270.44 270.84 271.06 271.28 271.75 272.31 272.97
259.75 259.75 259.78 259.88 259.94 260.00 260.09 260.19 260.25 260.28 260.38 260.44 260.56 260.72 260.84 260.94 261.09 261.28 261.44 261.47 261.56 261.69 261.88 262.03 262.19 262.28 262.38 262.50 262.59 262.78 262.94 263.06 263.16 263.28 263.38 263.47 263.62 263.78 263.94 264.03 264.16 264.34 264.31 264.59 264.81 265.09 265.34 265.62 266.06 266.50 266.78 267.00 267.12 267.28 267.44 267.66 267.94 268.28 268.69 268.91 269.19 269.41 269.69 269.97 270.41 270.66 270.91 271.25 271.69 272.12 272.59
259.78 259.84 259.88 259.91 259.97 260.00 260.09 260.16 260.19 260.25 260.34 260.44 260.59 260.75 260.84 260.91 261.06 261.22 261.34 261.44 261.56 261.72 261.88 262.03 262.12 262.25 262.34 262.41 262.53 262.69 262.84 262.94 263.09 263.22 263.31 263.47 263.62 263.75 263.88 263.97 264.12 264.16 264.34 264.62 264.81 265.06 265.31 265.66 266.06 266.44 266.69 266.88 267.00 267.06 267.31 267.66 267.94 268.19 268.53 268.75 269.00 269.25 269.56 269.78 270.12 270.38 270.75 271.16 271.69 272.22 272.84
259.69 259.75 259.84 259.94 260.00 260.03 260.09 260.12 260.19 260.25 260.38 260.56 260.69 260.75 260.78 260.91 261.09 261.19 261.28 261.31 261.44 261.62 261.84 261.97 262.12 262.22 262.28 262.34 262.47 262.62 262.78 262.91 263.06 263.16 263.28 263.44 263.56 263.69 263.78 263.88 263.94 264.12 264.41 264.59 264.78 264.97 265.34 265.72 266.03 266.38 266.59 266.78 266.81 266.94 267.25 267.59 267.88 268.12 268.44 268.78 269.06 269.25 269.41 269.69 269.97 270.28 270.72 271.31 271.84 272.47 272.97
259.59 259.72 259.81 259.91 260.00 260.06 260.12 260.16 260.22 260.38 260.47 260.56 260.62 260.69 260.84 261.00 261.06 261.16 261.19 261.22 261.31 261.50 261.72 261.94 262.09 262.19 262.25 262.31 262.44 262.59 262.78 262.91 263.00 263.09 263.22 263.34 263.47 263.59 263.72 263.69 263.84 264.09 264.31 264.53 264.72 264.94 265.34 265.66 266.00 266.28 266.50 266.66 266.75 266.94 267.19 267.44 267.72 267.97 268.38 268.75 268.97 269.22 269.44 269.62 269.91 270.31 270.84 271.50 272.00 272.47 272.88
259.59 259.69 259.78 259.88 259.97 260.06 260.16 260.25 260.31 260.41 260.47 260.56 260.59 260.75 260.88 260.97 261.03 261.09 261.09 261.09 261.25 261.44 261.75 262.03 262.16 262.22 262.25 262.34 262.50 262.62 262.75 262.88 262.94 263.00 263.03 263.22 263.34 263.47 263.66 263.50 263.81 264.03 264.22 264.47 264.66 264.88 265.34 265.62 265.91 266.19 266.38 266.53 266.69 266.81 267.03 267.34 267.59 267.88 268.16 268.44 268.94 269.19 269.44 269.72 270.00 270.38 270.94 271.59 272.00 272.44 272.75
259.62 259.72 259.81 259.91 260.00 260.12 260.19 260.25 260.34 260.41 260.47 260.50 260.62 260.75 260.84 260.91 260.97 260.97 260.97 261.06 261.25 261.53 261.84 262.06 262.19 262.25 262.31 262.41 262.53 262.62 262.72 262.78 262.84 262.88 262.88 263.06 263.22 263.44 263.34 263.38 263.66 263.94 264.19 264.38 264.62 264.94 265.31 265.59 265.84 266.06 266.25 266.41 266.56 266.69 266.94 267.19 267.44 267.69 267.94 268.34 268.81 269.25 269.56 269.97 270.31 270.66 271.16 271.59 272.00 272.31 272.53
259.75 259.84 259.94 260.00 260.06 260.12 260.19 260.25 260.31 260.38 260.44 260.53 260.62 260.69 260.75 260.81 260.78 260.81 260.94 261.09 261.28 261.56 261.91 262.09 262.22 262.28 262.38 262.44 262.50 262.56 262.62 262.66 262.75 262.75 262.72 262.88 263.00 263.00 263.12 263.34 263.59 263.88 264.12 264.31 264.62 264.91 265.22 265.53 265.75 265.97 266.12 266.28 266.41 266.50 266.66 266.94 267.22 267.50 267.88 268.28 268.97 269.41 269.84 270.22 270.62 270.97 271.31 271.62 271.88 272.06 272.19
259.81 259.88 259.94 260.00 260.03 260.09 260.16 260.16 260.25 260.34 260.41 260.50 260.56 260.62 260.69 260.62 260.69 260.81 261.03 261.22 261.44 261.72 261.91 262.19 262.28 262.34 262.41 262.44 262.47 262.47 262.44 262.47 262.59 262.56 262.59 262.62 262.59 262.81 263.09 263.28 263.50 263.78 263.94 264.22 264.50 264.84 265.19 265.44 265.66 265.81 265.97 266.12 266.16 266.28 266.56 266.94 267.25 267.59 268.00 268.56 269.16 269.59 270.00 270.41 270.78 271.09 271.34 271.53 271.62 271.69 271.72
259.78 259.84 259.91 259.97 260.00 259.94 260.03 260.09 260.25 260.31 260.38 260.44 260.50 260.53 260.53 260.53 260.69 260.84 261.03 261.25 261.53 261.88 262.06 262.19 262.28 262.34 262.38 262.41 262.41 262.34 262.25 262.25 262.38 262.41 262.44 262.47 262.50 262.78 262.94 263.16 263.34 263.59 263.84 264.09 264.44 264.81 265.06 265.31 265.53 265.66 265.81 265.84 265.97 266.12 266.50 266.97 267.34 267.75 268.25 268.75 269.22 269.69 270.09 270.50 270.84 271.09 271.25 271.28 271.16 271.06 271.28
259.69 259.66 259.72 259.75 259.84 259.97 260.06 260.12 260.19 260.25 260.31 260.38 260.44 260.44 260.38 260.56 260.69 260.81 261.03 261.31 261.69 261.94 262.06 262.19 262.28 262.31 262.31 262.31 262.28 262.22 262.12 262.16 262.19 262.28 262.31 262.38 262.56 262.69 262.84 263.09 263.28 263.53 263.72 264.00 264.28 264.66 264.94 265.19 265.38 265.50 265.62 265.75 265.91 266.12 266.50 266.88 267.31 267.75 268.28 268.78 269.25 269.72 270.12 270.50 270.78 270.97 271.03 271.03 270.72 270.69 270.94
259.38 259.44 259.53 259.66 259.81 259.97 260.03 260.09 260.16 260.19 260.25 260.31 260.38 260.34 260.47 260.56 260.72 260.94 261.25 261.56 261.78 261.94 262.06 262.16 262.19 262.19 262.19 262.16 262.12 262.03 262.06 262.06 262.12 262.22 262.28 262.38 262.53 262.62 262.81 263.06 263.28 263.41 263.66 263.84 264.22 264.56 264.84 265.06 265.19 265.28 265.44 265.62 265.84 266.12 266.47 266.84 267.31 267.78 268.31 268.81 269.25 269.62 270.06 270.41 270.66 270.75 270.72 270.75 270.47 270.38 270.47
259.34 259.50 259.59 259.69 259.81 259.91 259.97 260.03 260.09 260.12 260.19 260.25 260.28 260.34 260.47 260.62 260.81 261.06 261.41 261.62 261.81 261.94 262.00 262.03 262.03 262.00 261.97 261.97 261.97 261.91 261.94 261.94 262.12 262.19 262.22 262.41 262.44 262.69 262.91 263.06 263.22 263.38 263.59 263.84 264.09 264.38 264.66 264.84 265.00 265.22 265.38 265.59 265.91 266.12 266.38 266.75 267.22 267.72 268.19 268.53 268.84 269.28 269.94 270.25 270.38 270.44 270.50 270.41 270.19 270.16 270.09
259.28 259.41 259.56 259.72 259.78 259.88 259.94 259.97 260.06 260.09 260.12 260.19 260.25 260.38 260.53 260.69 260.91 261.19 261.44 261.66 261.78 261.84 261.88 261.84 261.88 261.88 261.84 261.84 261.88 261.78 261.81 261.91 262.06 262.03 262.19 262.31 262.50 262.72 262.88 263.00 263.28 263.44 263.56 263.75 264.00 264.28 264.53 264.75 264.97 265.03 265.19 265.41 265.81 266.19 266.41 266.69 267.19 267.69 268.22 268.59 268.91 269.44 269.78 269.97 269.97 269.81 269.81 269.81 269.69 269.62 269.56
259.16 259.31 259.53 259.66 259.75 259.81 259.91 259.94 259.97 260.03 260.09 260.19 260.28 260.44 260.56 260.72 260.97 261.22 261.44 261.62 261.69 261.72 261.59 261.59 261.66 261.72 261.72 261.69 261.66 261.66 261.66 261.78 261.88 261.94 262.12 262.38 262.50 262.66 262.81 263.03 263.22 263.41 263.56 263.75 264.00 264.25 264.53 264.62 264.75 264.84 265.06 265.34 265.66 266.19 266.53 266.78 267.22 267.66 268.34 268.75 269.09 269.41 269.56 269.56 269.47 268.91 268.94 268.81 269.00 268.88 268.94
259.09 259.31 259.50 259.59 259.69 259.78 259.84 259.94 260.00 260.06 260.12 260.19 260.28 260.47 260.56 260.69 260.97 261.22 261.41 261.53 261.56 261.56 261.44 261.38 261.44 261.56 261.56 261.56 261.53 261.53 261.56 261.62 261.72 261.88 262.16 262.31 262.44 262.69 262.84 262.94 263.25 263.44 263.59 263.78 264.00 264.19 264.31 264.47 264.62 264.81 265.03 265.31 265.75 266.31 266.78 267.06 267.41 267.94 268.44 268.75 269.06 269.22 269.22 269.38 268.81 268.22 268.19 268.25 268.28 268.22 268.28
259.19 259.34 259.44 259.53 259.62 259.72 259.78 259.91 260.00 260.06 260.12 260.19 260.31 260.44 260.53 260.75 260.91 261.19 261.34 261.44 261.44 261.34 261.31 261.25 261.28 261.41 261.41 261.44 261.41 261.44 261.38 261.47 261.66 261.97 262.19 262.19 262.44 262.66 262.88 263.06 263.25 263.41 263.59 263.81 263.97 264.19 264.31 264.44 264.59 264.81 265.25 265.69 266.12 266.47 266.94 267.28 267.62 268.00 268.38 268.69 268.88 268.88 268.88 268.66 267.59 267.38 267.31 267.53 267.59 267.53 267.50
259.16 259.28 259.41 259.50 259.56 259.66 259.72 259.84 259.94 260.03 260.16 260.25 260.38 260.44 260.56 260.72 260.84 261.12 261.28 261.31 261.31 261.22 261.19 261.12 261.19 261.25 261.28 261.31 261.28 261.31 261.25 261.41 261.66 261.91 262.03 262.28 262.62 262.78 262.91 263.09 263.25 263.53 263.81 264.03 264.16 264.31 264.44 264.62 264.84 265.12 265.44 265.84 266.22 266.62 267.00 267.34 267.69 268.00 268.31 268.53 268.56 268.50 268.16 267.50 266.66 266.38 266.34 266.62 266.72 266.75 266.69
259.12 259.25 259.31 259.44 259.50 259.56 259.66 259.75 259.84 259.97 260.16 260.28 260.38 260.47 260.59 260.75 260.97 261.09 261.19 261.22 261.16 261.09 261.06 261.03 261.06 261.09 261.16 261.12 261.12 261.16 261.25 261.53 261.69 261.81 262.09 262.41 262.62 262.75 262.88 263.09 263.34 263.59 263.94 264.16 264.38 264.50 264.62 264.72 264.88 265.09 265.44 265.84 266.28 266.69 267.06 267.38 267.66 267.94 268.16 268.22 268.12 267.91 267.50 267.00 265.91 265.59 265.56 265.84 266.00 265.97 265.88
259.09 259.19 259.28 259.34 259.44 259.53 259.66 259.78 259.88 260.00 260.12 260.19 260.34 260.50 260.62 260.81 260.94 261.03 261.09 261.09 261.03 261.00 260.94 260.91 260.94 260.94 260.94 260.91 261.03 261.00 261.34 261.62 261.78 261.94 262.16 262.41 262.62 262.84 263.03 263.19 263.41 263.72 264.00 264.25 264.44 264.56 264.59 264.69 264.69 264.91 265.25 265.69 266.16 266.59 266.97 267.25 267.50 267.69 267.81 267.78 267.56 267.28 266.59 266.00 265.12 264.84 264.66 264.91 265.12 265.19 265.06
259.00 259.12 259.19 259.28 259.38 259.47 259.62 259.78 259.91 260.00 260.09 260.22 260.47 260.62 260.72 260.81 260.91 260.97 261.00 261.00 260.97 260.88 260.81 260.84 260.81 260.69 260.66 260.81 260.94 261.28 261.53 261.72 261.94 262.12 262.28 262.50 262.66 262.88 263.09 263.31 263.56 263.81 264.03 264.25 264.41 264.44 264.50 264.34 264.31 264.47 264.91 265.41 265.84 266.28 266.66 266.94 267.12 267.22 267.22 267.06 266.78 266.16 265.34 264.59 264.31 264.06 263.88 263.94 264.16 264.22 264.25
258.97 259.06 259.12 259.22 259.31 259.44 259.59 259.72 259.84 259.97 260.12 260.34 260.53 260.62 260.72 260.81 260.84 260.91 260.91 260.88 260.88 260.78 260.72 260.78 260.66 260.50 260.50 260.75 261.00 261.34 261.56 261.78 262.00 262.16 262.34 262.50 262.66 262.84 263.09 263.38 263.59 263.78 263.97 264.12 264.19 264.19 264.16 264.03 263.97 264.03 264.31 264.69 265.31 265.75 266.06 266.31 266.44 266.50 266.44 266.06 265.72 265.00 264.19 263.59 263.31 263.22 263.22 263.12 263.22 263.28 263.22
258.91 258.97 259.00 259.19 259.31 259.44 259.56 259.72 259.84 259.97 260.16 260.38 260.53 260.62 260.69 260.75 260.78 260.81 260.78 260.78 260.75 260.62 260.59 260.66 260.56 260.34 260.41 260.75 261.06 261.38 261.59 261.81 262.00 262.19 262.38 262.53 262.69 262.91 263.16 263.38 263.56 263.72 263.81 263.88 263.88 263.88 263.81 263.66 263.56 263.50 263.81 264.25 264.62 264.97 265.25 265.44 265.50 265.41 265.12 264.84 264.34 263.75 263.22 262.75 262.44 262.34 262.50 262.41 262.50 262.41 262.34
258.81 258.91 259.06 259.22 259.31 259.41 259.56 259.75 259.88 260.03 260.19 260.41 260.53 260.59 260.62 260.66 260.69 260.69 260.69 260.66 260.56 260.47 260.50 260.53 260.38 260.25 260.38 260.78 261.06 261.38 261.62 261.81 262.00 262.22 262.38 262.53 262.75 263.00 263.22 263.38 263.50 263.56 263.59 263.59 263.53 263.50 263.19 263.12 263.09 263.12 263.50 263.69 263.88 264.03 264.19 264.34 264.38 264.28 263.94 263.38 263.09 262.47 262.16 261.97 261.72 261.69 261.75 261.75 261.78 261.66 261.59
258.72 258.81 259.06 259.22 259.31 259.41 259.50 259.69 259.91 260.09 260.28 260.41 260.50 260.56 260.53 260.56 260.56 260.53 260.47 260.41 260.41 260.34 260.31 260.19 260.09 260.16 260.53 260.88 261.09 261.31 261.47 261.69 261.91 262.19 262.34 262.56 262.78 263.00 263.22 263.34 263.41 263.38 263.28 263.22 263.16 263.03 262.72 262.59 262.62 262.88 263.03 263.16 263.09 263.03 263.06 263.31 263.31 263.19 262.81 262.25 261.88 261.34 261.25 261.28 261.12 261.00 261.06 261.03 261.03 260.91 260.69
258.66 258.94 259.12 259.19 259.28 259.38 259.50 259.69 259.94 260.12 260.28 260.41 260.47 260.47 260.38 260.34 260.41 260.38 260.28 260.16 260.19 260.09 260.12 259.91 259.91 260.12 260.53 260.81 261.06 261.31 261.50 261.69 261.94 262.22 262.41 262.59 262.81 263.00 263.19 263.31 263.31 263.28 263.09 262.91 262.78 262.59 262.22 262.22 262.28 262.62 262.50 262.56 262.50 262.28 262.22 262.28 262.25 262.09 261.75 261.25 260.94 260.62 260.72 260.47 260.44 260.38 260.44 260.41 260.34 260.16 259.97
