everonasctiles/Tile[28,35].asc
ncols 128
nrows 128
xllcorner 0
yllcorner 0
cellsize 2.0
NODATA_value  -9999
[rows 68 to 101 of 128, columns 0 to 76 of 128]
-2.06 -2.19 -2.31 -2.44 -2.56 -2.69 -2.78 -2.91 -3.03 -3.16 -3.28 -3.38 -3.47 -3.56 -3.66 -3.75 -3.81 -3.84 -3.88 -3.91 -3.91 -3.91 -3.91 -3.91 -3.88 -3.88 -3.88 -3.88 -3.88 -3.84 -3.84 -3.75 -3.69 -3.62 -3.53 -3.38 -3.16 -2.88 -2.69 -2.59 -2.53 -2.50 -2.50 -2.50 -2.50 -2.50 -2.50 -2.50 -2.50 -2.50 -2.50 -2.50 -2.50 -2.50 -2.50 -2.50 -2.50 -2.50 -2.50 -2.50 -2.47 -2.47 -2.44 -2.41 -2.41 -2.38 -2.34 -2.34 -2.34 -2.31 -2.31 -2.31 -2.31 -2.31 -2.31 -2.31 -2.31
-1.94 -2.06 -2.22 -2.34 -2.47 -2.56 -2.69 -2.81 -2.94 -3.06 -3.16 -3.28 -3.38 -3.47 -3.56 -3.62 -3.69 -3.75 -3.78 -3.81 -3.81 -3.84 -3.84 -3.84 -3.84 -3.81 -3.81 -3.81 -3.81 -3.81 -3.81 -3.81 -3.75 -3.69 -3.62 -3.59 -3.50 -3.38 -3.16 -2.88 -2.69 -2.59 -2.53 -2.50 -2.50 -2.50 -2.50 -2.50 -2.50 -2.50 -2.50 -2.50 -2.50 -2.50 -2.50 -2.50 -2.50 -2.50 -2.50 -2.50 -2.50 -2.50 -2.47 -2.47 -2.44 -2.44 -2.41 -2.41 -2.38 -2.38 -2.38 -2.38 -2.34 -2.34 -2.34 -2.38 -2.38
-1.88 -2.00 -2.16 -2.25 -2.38 -2.47 -2.59 -2.69 -2.81 -2.94 -3.03 -3.16 -3.25 -3.34 -3.44 -3.50 -3.56 -3.62 -3.66 -3.69 -3.72 -3.75 -3.75 -3.75 -3.75 -3.75 -3.78 -3.78 -3.75 -3.75 -3.75 -3.75 -3.72 -3.72 -3.66 -3.59 -3.56 -3.50 -3.44 -3.31 -3.06 -2.81 -2.66 -2.56 -2.53 -2.50 -2.50 -2.50 -2.50 -2.50 -2.50 -2.50 -2.50 -2.50 -2.50 -2.50 -2.50 -2.50 -2.50 -2.50 -2.50 -2.50 -2.50 -2.50 -2.47 -2.47 -2.47 -2.44 -2.44 -2.44 -2.44 -2.41 -2.41 -2.41 -2.41 -2.41 -2.41
-1.81 -1.97 -2.09 -2.22 -2.34 -2.44 -2.50 -2.59 -2.69 -2.78 -2.91 -3.00 -3.12 -3.22 -3.31 -3.38 -3.44 -3.50 -3.53 -3.59 -3.62 -3.62 -3.66 -3.66 -3.69 -3.69 -3.69 -3.69 -3.69 -3.69 -3.69 -3.69 -3.66 -3.66 -3.62 -3.59 -3.56 -3.50 -3.44 -3.34 -3.28 -3.12 -2.88 -2.69 -2.59 -2.53 -2.50 -2.50 -2.50 -2.50 -2.50 -2.50 -2.50 -2.50 -2.50 -2.50 -2.50 -2.50 -2.50 -2.50 -2.50 -2.50 -2.50 -2.50 -2.50 -2.50 -2.50 -2.47 -2.47 -2.47 -2.47 -2.44 -2.44 -2.44 -2.44 -2.44 -2.44
-1.75 -1.91 -2.06 -2.19 -2.28 -2.38 -2.47 -2.53 -2.59 -2.66 -2.75 -2.88 -2.97 -3.06 -3.16 -3.22 -3.31 -3.38 -3.41 -3.47 -3.50 -3.53 -3.56 -3.56 -3.59 -3.59 -3.62 -3.62 -3.62 -3.62 -3.62 -3.59 -3.59 -3.56 -3.53 -3.50 -3.47 -3.41 -3.34 -3.28 -3.22 -3.12 -3.00 -2.84 -2.66 -2.56 -2.53 -2.50 -2.50 -2.50 -2.50 -2.50 -2.50 -2.50 -2.50 -2.50 -2.50 -2.50 -2.50 -2.50 -2.50 -2.50 -2.50 -2.50 -2.50 -2.50 -2.50 -2.50 -2.50 -2.50 -2.47 -2.47 -2.47 -2.47 -2.47 -2.47 -2.47
-1.69 -1.88 -2.03 -2.16 -2.25 -2.34 -2.41 -2.47 -2.50 -2.56 -2.62 -2.72 -2.81 -2.91 -3.00 -3.09 -3.16 -3.22 -3.28 -3.31 -3.38 -3.41 -3.44 -3.47 -3.47 -3.50 -3.53 -3.53 -3.53 -3.53 -3.53 -3.50 -3.50 -3.47 -3.44 -3.41 -3.34 -3.31 -3.25 -3.16 -3.09 -3.00 -2.91 -2.81 -2.72 -2.59 -2.56 -2.53 -2.50 -2.50 -2.50 -2.50 -2.50 -2.50 -2.50 -2.50 -2.50 -2.50 -2.50 -2.50 -2.50 -2.50 -2.50 -2.50 -2.50 -2.50 -2.50 -2.50 -2.50 -2.50 -2.50 -2.50 -2.50 -2.50 -2.50 -2.50 -2.50
-1.59 -1.81 -1.97 -2.09 -2.22 -2.31 -2.38 -2.41 -2.44 -2.47 -2.50 -2.56 -2.66 -2.75 -2.84 -2.94 -3.00 -3.06 -3.12 -3.19 -3.22 -3.28 -3.31 -3.34 -3.38 -3.41 -3.41 -3.44 -3.44 -3.44 -3.44 -3.41 -3.41 -3.38 -3.34 -3.28 -3.25 -3.19 -3.12 -3.06 -2.97 -2.91 -2.81 -2.75 -2.66 -2.59 -2.53 -2.53 -2.50 -2.50 -2.50 -2.50 -2.50 -2.50 -2.50 -2.50 -2.50 -2.50 -2.50 -2.50 -2.50 -2.50 -2.50 -2.50 -2.50 -2.50 -2.50 -2.50 -2.50 -2.50 -2.50 -2.50 -2.50 -2.50 -2.50 -2.50 -2.50
-1.53 -1.75 -1.91 -2.06 -2.19 -2.25 -2.31 -2.38 -2.38 -2.41 -2.41 -2.44 -2.50 -2.59 -2.69 -2.75 -2.84 -2.91 -2.97 -3.03 -3.09 -3.12 -3.19 -3.22 -3.25 -3.28 -3.31 -3.31 -3.31 -3.31 -3.31 -3.31 -3.28 -3.25 -3.22 -3.19 -3.12 -3.06 -3.00 -2.94 -2.88 -2.78 -2.72 -2.66 -2.59 -2.53 -2.50 -2.47 -2.47 -2.50 -2.50 -2.50 -2.50 -2.50 -2.50 -2.50 -2.50 -2.50 -2.50 -2.50 -2.50 -2.50 -2.50 -2.50 -2.50 -2.50 -2.50 -2.50 -2.50 -2.50 -2.50 -2.50 -2.50 -2.50 -2.50 -2.50 -2.50
-1.44 -1.69 -1.88 -2.03 -2.16 -2.22 -2.28 -2.31 -2.31 -2.31 -2.31 -2.34 -2.38 -2.44 -2.50 -2.59 -2.69 -2.75 -2.81 -2.88 -2.94 -3.00 -3.03 -3.09 -3.12 -3.16 -3.19 -3.19 -3.22 -3.22 -3.22 -3.19 -3.19 -3.16 -3.12 -3.06 -3.03 -2.97 -2.91 -2.84 -2.78 -2.69 -2.62 -2.56 -2.50 -2.47 -2.44 -2.41 -2.41 -2.44 -2.47 -2.47 -2.50 -2.50 -2.50 -2.50 -2.50 -2.50 -2.50 -2.50 -2.50 -2.50 -2.50 -2.50 -2.50 -2.50 -2.50 -2.50 -2.50 -2.50 -2.50 -2.50 -2.50 -2.50 -2.50 -2.50 -2.50
-1.31 -1.59 -1.78 -1.97 -2.09 -2.19 -2.22 -2.25 -2.25 -2.25 -2.22 -2.22 -2.25 -2.28 -2.34 -2.44 -2.50 -2.59 -2.66 -2.72 -2.78 -2.84 -2.91 -2.94 -2.97 -3.03 -3.03 -3.06 -3.09 -3.09 -3.09 -3.09 -3.06 -3.03 -3.00 -2.97 -2.91 -2.88 -2.81 -2.75 -2.69 -2.62 -2.56 -2.50 -2.44 -2.41 -2.34 -2.34 -2.34 -2.34 -2.38 -2.41 -2.44 -2.47 -2.50 -2.50 -2.50 -2.50 -2.50 -2.50 -2.50 -2.50 -2.50 -2.50 -2.50 -2.50 -2.50 -2.50 -2.50 -2.50 -2.50 -2.50 -2.50 -2.50 -2.50 -2.50 -2.50
-1.16 -1.44 -1.66 -1.84 -2.00 -2.09 -2.16 -2.16 -2.16 -2.16 -2.12 -2.12 -2.12 -2.16 -2.22 -2.28 -2.34 -2.44 -2.50 -2.56 -2.62 -2.69 -2.75 -2.81 -2.84 -2.88 -2.91 -2.94 -2.97 -2.97 -2.97 -2.97 -2.94 -2.94 -2.88 -2.84 -2.81 -2.75 -2.69 -2.66 -2.59 -2.53 -2.47 -2.41 -2.38 -2.31 -2.28 -2.28 -2.25 -2.25 -2.28 -2.31 -2.38 -2.41 -2.44 -2.47 -2.50 -2.50 -2.50 -2.50 -2.50 -2.50 -2.50 -2.50 -2.50 -2.50 -2.50 -2.50 -2.50 -2.50 -2.50 -2.50 -2.50 -2.50 -2.50 -2.50 -2.50
-0.94 -1.25 -1.50 -1.69 -1.84 -1.97 -2.06 -2.06 -2.06 -2.06 -2.06 -2.06 -2.06 -2.06 -2.09 -2.16 -2.22 -2.28 -2.34 -2.41 -2.47 -2.53 -2.59 -2.66 -2.69 -2.75 -2.78 -2.81 -2.81 -2.84 -2.84 -2.84 -2.81 -2.81 -2.78 -2.75 -2.69 -2.66 -2.59 -2.56 -2.50 -2.44 -2.41 -2.34 -2.31 -2.25 -2.22 -2.22 -2.19 -2.19 -2.19 -2.22 -2.25 -2.31 -2.38 -2.44 -2.47 -2.47 -2.50 -2.50 -2.50 -2.50 -2.50 -2.50 -2.50 -2.50 -2.50 -2.50 -2.50 -2.50 -2.50 -2.50 -2.50 -2.50 -2.50 -2.50 -2.50
-0.72 -1.03 -1.31 -1.53 -1.69 -1.81 -1.91 -1.94 -1.97 -2.00 -2.00 -1.97 -1.97 -2.00 -2.00 -2.06 -2.09 -2.16 -2.22 -2.25 -2.31 -2.41 -2.44 -2.50 -2.56 -2.59 -2.62 -2.66 -2.69 -2.72 -2.72 -2.72 -2.72 -2.69 -2.66 -2.62 -2.59 -2.56 -2.50 -2.47 -2.41 -2.38 -2.31 -2.28 -2.25 -2.22 -2.19 -2.16 -2.16 -2.12 -2.12 -2.12 -2.16 -2.19 -2.25 -2.34 -2.38 -2.44 -2.47 -2.50 -2.50 -2.50 -2.50 -2.50 -2.50 -2.50 -2.50 -2.50 -2.50 -2.50 -2.50 -2.50 -2.50 -2.50 -2.50 -2.50 -2.50
-0.44 -0.75 -1.06 -1.31 -1.50 -1.66 -1.75 -1.81 -1.88 -1.91 -1.91 -1.91 -1.91 -1.91 -1.94 -1.97 -2.00 -2.06 -2.09 -2.12 -2.19 -2.25 -2.31 -2.38 -2.41 -2.47 -2.50 -2.53 -2.56 -2.59 -2.59 -2.59 -2.59 -2.56 -2.56 -2.53 -2.50 -2.47 -2.41 -2.38 -2.34 -2.28 -2.25 -2.22 -2.19 -2.16 -2.12 -2.09 -2.09 -2.09 -2.09 -2.09 -2.09 -2.12 -2.16 -2.22 -2.28 -2.34 -2.41 -2.47 -2.50 -2.50 -2.53 -2.53 -2.53 -2.50 -2.50 -2.50 -2.50 -2.50 -2.50 -2.50 -2.50 -2.50 -2.50 -2.50 -2.50
-0.16 -0.47 -0.78 -1.06 -1.28 -1.44 -1.56 -1.66 -1.75 -1.78 -1.78 -1.81 -1.84 -1.84 -1.88 -1.88 -1.94 -1.97 -2.00 -2.03 -2.06 -2.09 -2.16 -2.22 -2.28 -2.31 -2.38 -2.41 -2.44 -2.44 -2.47 -2.47 -2.47 -2.47 -2.44 -2.41 -2.38 -2.34 -2.31 -2.28 -2.25 -2.22 -2.19 -2.16 -2.12 -2.09 -2.06 -2.06 -2.06 -2.06 -2.06 -2.06 -2.06 -2.09 -2.12 -2.16 -2.22 -2.28 -2.34 -2.41 -2.47 -2.53 -2.56 -2.56 -2.56 -2.56 -2.56 -2.53 -2.53 -2.53 -2.50 -2.50 -2.50 -2.50 -2.50 -2.50 -2.50
0.12 -0.22 -0.50 -0.81 -1.03 -1.22 -1.38 -1.50 -1.59 -1.66 -1.69 -1.72 -1.75 -1.81 -1.81 -1.81 -1.84 -1.88 -1.91 -1.94 -1.94 -1.97 -2.00 -2.06 -2.12 -2.19 -2.22 -2.25 -2.28 -2.31 -2.34 -2.34 -2.34 -2.34 -2.31 -2.31 -2.28 -2.25 -2.22 -2.19 -2.19 -2.16 -2.12 -2.09 -2.06 -2.03 -2.03 -2.03 -2.00 -2.00 -2.03 -2.03 -2.03 -2.06 -2.09 -2.12 -2.19 -2.25 -2.31 -2.38 -2.47 -2.53 -2.59 -2.66 -2.66 -2.69 -2.66 -2.66 -2.62 -2.59 -2.56 -2.56 -2.56 -2.53 -2.53 -2.53 -2.53
0.38 0.06 -0.25 -0.53 -0.78 -0.97 -1.16 -1.31 -1.41 -1.50 -1.56 -1.62 -1.69 -1.75 -1.75 -1.75 -1.78 -1.81 -1.84 -1.88 -1.88 -1.88 -1.88 -1.94 -2.00 -2.03 -2.09 -2.12 -2.16 -2.19 -2.19 -2.22 -2.22 -2.22 -2.22 -2.19 -2.19 -2.16 -2.16 -2.12 -2.09 -2.06 -2.03 -2.03 -2.00 -2.00 -1.97 -1.97 -1.97 -1.97 -1.97 -2.00 -2.03 -2.06 -2.09 -2.12 -2.19 -2.22 -2.28 -2.38 -2.47 -2.53 -2.62 -2.69 -2.75 -2.78 -2.81 -2.81 -2.78 -2.78 -2.75 -2.72 -2.69 -2.66 -2.66 -2.62 -2.62
0.62 0.31 0.00 -0.25 -0.50 -0.72 -0.94 -1.09 -1.22 -1.34 -1.44 -1.53 -1.59 -1.66 -1.69 -1.69 -1.72 -1.75 -1.78 -1.78 -1.81 -1.78 -1.81 -1.84 -1.91 -1.94 -1.97 -2.00 -2.03 -2.06 -2.06 -2.09 -2.09 -2.09 -2.09 -2.09 -2.09 -2.06 -2.06 -2.03 -2.00 -2.00 -1.97 -1.97 -1.94 -1.94 -1.94 -1.94 -1.94 -1.94 -1.94 -1.97 -2.00 -2.03 -2.06 -2.09 -2.16 -2.22 -2.28 -2.38 -2.44 -2.53 -2.62 -2.72 -2.78 -2.84 -2.88 -2.91 -2.94 -2.94 -2.94 -2.94 -2.94 -2.94 -2.91 -2.88 -2.88
0.84 0.56 0.25 0.00 -0.22 -0.47 -0.69 -0.88 -1.03 -1.16 -1.28 -1.41 -1.47 -1.53 -1.56 -1.62 -1.66 -1.69 -1.72 -1.72 -1.72 -1.72 -1.72 -1.78 -1.81 -1.84 -1.88 -1.91 -1.94 -1.97 -1.97 -1.97 -1.97 -1.97 -1.97 -1.97 -1.97 -1.97 -1.97 -1.94 -1.94 -1.94 -1.91 -1.91 -1.91 -1.88 -1.88 -1.88 -1.91 -1.91 -1.94 -1.94 -1.97 -2.00 -2.03 -2.09 -2.16 -2.22 -2.28 -2.34 -2.44 -2.53 -2.62 -2.72 -2.81 -2.88 -2.94 -2.97 -3.00 -3.03 -3.09 -3.16 -3.22 -3.31 -3.34 -3.34 -3.34
1.06 0.78 0.50 0.25 0.03 -0.22 -0.47 -0.66 -0.81 -0.97 -1.12 -1.25 -1.34 -1.41 -1.47 -1.53 -1.56 -1.59 -1.62 -1.66 -1.66 -1.66 -1.66 -1.72 -1.75 -1.78 -1.81 -1.81 -1.84 -1.84 -1.88 -1.88 -1.88 -1.88 -1.88 -1.88 -1.88 -1.88 -1.88 -1.88 -1.84 -1.84 -1.84 -1.84 -1.84 -1.84 -1.84 -1.84 -1.84 -1.88 -1.91 -1.91 -1.94 -1.97 -2.03 -2.06 -2.12 -2.19 -2.25 -2.34 -2.44 -2.50 -2.59 -2.69 -2.78 -2.84 -2.94 -3.00 -3.06 -3.12 -3.19 -3.25 -3.34 -3.41 -3.50 -3.56 -3.59
1.16 0.94 0.69 0.44 0.25 0.00 -0.25 -0.44 -0.62 -0.78 -0.97 -1.09 -1.19 -1.25 -1.34 -1.44 -1.47 -1.50 -1.53 -1.56 -1.59 -1.59 -1.59 -1.62 -1.66 -1.72 -1.72 -1.75 -1.75 -1.75 -1.75 -1.78 -1.75 -1.75 -1.75 -1.75 -1.78 -1.78 -1.78 -1.78 -1.78 -1.78 -1.78 -1.78 -1.78 -1.78 -1.78 -1.81 -1.81 -1.84 -1.84 -1.88 -1.91 -1.97 -2.00 -2.06 -2.12 -2.19 -2.25 -2.31 -2.41 -2.50 -2.56 -2.66 -2.75 -2.81 -2.91 -2.97 -3.03 -3.09 -3.16 -3.22 -3.31 -3.38 -3.47 -3.53 -3.59
1.22 1.03 0.81 0.59 0.41 0.19 -0.03 -0.22 -0.41 -0.59 -0.75 -0.91 -1.00 -1.12 -1.22 -1.28 -1.34 -1.38 -1.44 -1.47 -1.50 -1.50 -1.53 -1.56 -1.59 -1.62 -1.66 -1.66 -1.66 -1.66 -1.66 -1.66 -1.66 -1.66 -1.62 -1.66 -1.66 -1.66 -1.69 -1.69 -1.69 -1.69 -1.69 -1.72 -1.72 -1.72 -1.75 -1.75 -1.78 -1.78 -1.81 -1.84 -1.88 -1.94 -1.97 -2.03 -2.09 -2.16 -2.22 -2.31 -2.38 -2.47 -2.53 -2.62 -2.72 -2.78 -2.88 -2.94 -3.00 -3.06 -3.12 -3.19 -3.28 -3.34 -3.41 -3.47 -3.50
1.28 1.09 0.91 0.72 0.56 0.38 0.19 0.00 -0.19 -0.34 -0.53 -0.66 -0.78 -0.94 -1.06 -1.12 -1.19 -1.25 -1.31 -1.34 -1.38 -1.41 -1.44 -1.47 -1.50 -1.53 -1.56 -1.56 -1.53 -1.53 -1.53 -1.56 -1.53 -1.53 -1.53 -1.53 -1.53 -1.56 -1.56 -1.59 -1.59 -1.62 -1.62 -1.62 -1.66 -1.66 -1.69 -1.69 -1.72 -1.75 -1.78 -1.81 -1.84 -1.91 -1.94 -2.00 -2.06 -2.12 -2.19 -2.28 -2.34 -2.44 -2.50 -2.59 -2.66 -2.75 -2.81 -2.88 -2.97 -3.03 -3.09 -3.16 -3.22 -3.28 -3.34 -3.41 -3.44
1.28 1.12 0.97 0.84 0.69 0.56 0.41 0.25 0.06 -0.09 -0.25 -0.44 -0.59 -0.72 -0.84 -0.97 -1.03 -1.09 -1.16 -1.19 -1.25 -1.28 -1.31 -1.38 -1.41 -1.44 -1.44 -1.44 -1.44 -1.44 -1.44 -1.44 -1.44 -1.44 -1.41 -1.41 -1.44 -1.44 -1.47 -1.50 -1.50 -1.53 -1.53 -1.56 -1.59 -1.59 -1.62 -1.66 -1.69 -1.69 -1.72 -1.78 -1.81 -1.84 -1.91 -1.97 -2.03 -2.09 -2.16 -2.22 -2.31 -2.38 -2.47 -2.53 -2.62 -2.69 -2.75 -2.84 -2.91 -2.97 -3.03 -3.09 -3.16 -3.22 -3.28 -3.31 -3.34
1.28 1.16 1.03 0.94 0.84 0.75 0.62 0.47 0.31 0.16 0.00 -0.19 -0.34 -0.50 -0.62 -0.75 -0.84 -0.91 -0.97 -1.03 -1.09 -1.12 -1.19 -1.22 -1.28 -1.31 -1.31 -1.31 -1.31 -1.31 -1.28 -1.31 -1.31 -1.31 -1.28 -1.28 -1.31 -1.34 -1.38 -1.38 -1.41 -1.44 -1.47 -1.47 -1.50 -1.53 -1.56 -1.59 -1.62 -1.66 -1.69 -1.72 -1.75 -1.81 -1.84 -1.91 -1.97 -2.03 -2.09 -2.19 -2.25 -2.34 -2.41 -2.47 -2.56 -2.62 -2.69 -2.78 -2.84 -2.91 -2.97 -3.03 -3.09 -3.12 -3.19 -3.22 -3.25
1.28 1.19 1.09 1.03 0.97 0.88 0.78 0.66 0.53 0.38 0.22 0.06 -0.09 -0.25 -0.41 -0.53 -0.62 -0.72 -0.78 -0.84 -0.91 -0.97 -1.00 -1.06 -1.12 -1.16 -1.16 -1.16 -1.16 -1.16 -1.16 -1.16 -1.16 -1.16 -1.16 -1.16 -1.19 -1.22 -1.25 -1.28 -1.31 -1.34 -1.38 -1.41 -1.44 -1.47 -1.50 -1.53 -1.56 -1.59 -1.62 -1.69 -1.72 -1.78 -1.81 -1.88 -1.94 -1.97 -2.06 -2.12 -2.19 -2.28 -2.34 -2.41 -2.50 -2.56 -2.62 -2.69 -2.75 -2.81 -2.88 -2.94 -3.00 -3.06 -3.09 -3.12 -3.16
1.28 1.22 1.16 1.12 1.06 1.00 0.91 0.84 0.72 0.59 0.44 0.28 0.16 0.03 -0.12 -0.25 -0.38 -0.44 -0.53 -0.59 -0.69 -0.75 -0.81 -0.88 -0.94 -0.97 -0.97 -0.97 -1.00 -1.00 -1.00 -1.00 -1.00 -1.00 -1.03 -1.03 -1.06 -1.09 -1.12 -1.16 -1.19 -1.22 -1.25 -1.31 -1.34 -1.41 -1.47 -1.50 -1.56 -1.59 -1.62 -1.66 -1.69 -1.75 -1.78 -1.84 -1.91 -1.97 -2.00 -2.06 -2.12 -2.19 -2.28 -2.34 -2.41 -2.47 -2.56 -2.62 -2.69 -2.75 -2.78 -2.84 -2.91 -2.94 -3.00 -3.03 -3.06
1.28 1.25 1.22 1.19 1.16 1.09 1.03 0.97 0.88 0.78 0.66 0.53 0.44 0.31 0.19 0.06 -0.06 -0.16 -0.25 -0.34 -0.41 -0.50 -0.56 -0.62 -0.69 -0.72 -0.75 -0.78 -0.81 -0.81 -0.81 -0.84 -0.84 -0.84 -0.88 -0.88 -0.91 -0.94 -1.00 -1.03 -1.06 -1.12 -1.16 -1.22 -1.28 -1.38 -1.44 -1.47 -1.53 -1.59 -1.62 -1.66 -1.66 -1.69 -1.75 -1.81 -1.88 -1.91 -1.97 -2.00 -2.06 -2.12 -2.19 -2.25 -2.31 -2.38 -2.47 -2.53 -2.59 -2.62 -2.69 -2.75 -2.81 -2.84 -2.88 -2.91 -2.94
1.31 1.28 1.25 1.22 1.22 1.19 1.16 1.09 1.03 0.94 0.88 0.78 0.69 0.59 0.50 0.38 0.25 0.16 0.06 0.00 -0.09 -0.19 -0.28 -0.34 -0.41 -0.47 -0.50 -0.56 -0.59 -0.59 -0.62 -0.66 -0.66 -0.69 -0.69 -0.72 -0.75 -0.81 -0.84 -0.91 -0.94 -1.00 -1.06 -1.16 -1.22 -1.31 -1.38 -1.47 -1.53 -1.56 -1.59 -1.62 -1.66 -1.69 -1.72 -1.78 -1.81 -1.88 -1.91 -1.94 -2.00 -2.03 -2.09 -2.16 -2.22 -2.28 -2.34 -2.41 -2.47 -2.53 -2.59 -2.62 -2.69 -2.72 -2.75 -2.81 -2.81
1.34 1.31 1.28 1.28 1.25 1.25 1.22 1.19 1.16 1.09 1.06 0.97 0.91 0.84 0.75 0.66 0.53 0.47 0.41 0.34 0.25 0.16 0.06 -0.03 -0.09 -0.16 -0.22 -0.28 -0.34 -0.38 -0.44 -0.44 -0.47 -0.50 -0.53 -0.56 -0.59 -0.66 -0.72 -0.75 -0.81 -0.88 -0.97 -1.06 -1.16 -1.25 -1.34 -1.41 -1.50 -1.53 -1.56 -1.62 -1.62 -1.66 -1.66 -1.72 -1.75 -1.81 -1.84 -1.88 -1.91 -1.97 -2.00 -2.06 -2.12 -2.19 -2.25 -2.31 -2.34 -2.41 -2.47 -2.50 -2.56 -2.59 -2.62 -2.66 -2.69
1.44 1.34 1.31 1.31 1.31 1.31 1.28 1.28 1.25 1.22 1.22 1.16 1.09 1.03 0.97 0.88 0.81 0.78 0.72 0.69 0.59 0.50 0.41 0.31 0.25 0.16 0.09 0.00 -0.06 -0.12 -0.19 -0.25 -0.28 -0.28 -0.34 -0.38 -0.44 -0.50 -0.56 -0.62 -0.69 -0.75 -0.84 -0.97 -1.06 -1.16 -1.28 -1.38 -1.44 -1.50 -1.53 -1.56 -1.59 -1.59 -1.62 -1.66 -1.69 -1.72 -1.78 -1.81 -1.81 -1.88 -1.91 -1.94 -2.00 -2.06 -2.12 -2.19 -2.22 -2.28 -2.34 -2.38 -2.44 -2.47 -2.50 -2.53 -2.56
1.53 1.44 1.34 1.34 1.34 1.34 1.34 1.31 1.34 1.34 1.34 1.31 1.28 1.22 1.19 1.12 1.09 1.06 1.03 1.00 0.94 0.88 0.75 0.66 0.56 0.47 0.38 0.31 0.22 0.12 0.06 0.00 -0.06 -0.09 -0.12 -0.19 -0.25 -0.31 -0.38 -0.47 -0.53 -0.59 -0.72 -0.84 -0.94 -1.06 -1.19 -1.28 -1.38 -1.41 -1.47 -1.50 -1.50 -1.53 -1.56 -1.59 -1.62 -1.66 -1.69 -1.72 -1.72 -1.75 -1.81 -1.84 -1.91 -1.94 -2.00 -2.03 -2.09 -2.16 -2.19 -2.25 -2.28 -2.31 -2.34 -2.38 -2.41
1.59 1.50 1.41 1.34 1.34 1.38 1.38 1.38 1.41 1.44 1.44 1.44 1.41 1.41 1.38 1.34 1.34 1.31 1.31 1.28 1.28 1.19 1.09 0.97 0.88 0.78 0.69 0.59 0.50 0.41 0.31 0.22 0.19 0.12 0.06 0.00 -0.06 -0.16 -0.22 -0.28 -0.34 -0.44 -0.56 -0.69 -0.81 -0.91 -1.03 -1.16 -1.22 -1.31 -1.34 -1.38 -1.41 -1.44 -1.47 -1.50 -1.56 -1.59 -1.62 -1.62 -1.66 -1.66 -1.72 -1.75 -1.78 -1.84 -1.91 -1.94 -1.97 -2.03 -2.06 -2.09 -2.12 -2.16 -2.22 -2.25 -2.25
1.69 1.53 1.44 1.38 1.38 1.38 1.38 1.44 1.47 1.50 1.53 1.53 1.53 1.53 1.53 1.56 1.56 1.56 1.56 1.56 1.53 1.50 1.41 1.31 1.19 1.06 0.97 0.88 0.78 0.69 0.56 0.47 0.41 0.34 0.28 0.19 0.12 0.06 -0.03 -0.09 -0.19 -0.28 -0.41 -0.50 -0.62 -0.75 -0.88 -1.00 -1.06 -1.16 -1.19 -1.25 -1.28 -1.31 -1.38 -1.41 -1.44 -1.50 -1.53 -1.56 -1.56 -1.56 -1.59 -1.62 -1.69 -1.75 -1.78 -1.84 -1.88 -1.91 -1.94 -1.97 -2.00 -2.03 -2.06 -2.09 -2.12
