everonasctiles/Tile[37,14].asc
ncols 128
nrows 128
xllcorner 0
yllcorner 0
cellsize 2.0
NODATA_value  -9999
[rows 64 to 95 of 128, columns 0 to 70 of 128]
279.62 279.59 280.00 280.16 280.28 280.16 280.56 281.25 281.72 282.22 282.62 283.00 283.12 283.28 283.75 284.53 285.00 285.25 285.25 285.03 284.97 285.09 285.31 285.75 286.03 286.34 286.53 286.59 286.56 286.31 286.47 286.69 286.75 286.69 286.66 286.91 287.19 287.44 287.72 287.91 288.38 288.81 288.88 289.34 289.75 290.06 290.22 290.03 290.25 290.62 290.78 291.06 291.34 291.53 291.69 291.78 291.84 291.91 291.91 292.12 292.06 291.78 291.44 290.97 290.38 289.78 289.19 288.75 288.50 287.97 285.31
279.22 279.56 279.75 279.84 279.91 279.91 280.28 280.84 281.25 281.69 282.06 282.34 282.56 282.84 283.38 284.16 284.56 284.75 284.72 284.47 284.44 284.47 284.66 284.94 285.41 285.75 285.91 285.97 285.88 285.84 286.09 286.19 286.28 286.22 286.09 286.12 286.50 287.00 287.28 287.50 287.84 288.34 288.50 288.88 289.25 289.53 289.75 289.66 289.88 290.09 290.41 290.75 291.12 291.31 291.44 291.53 291.59 291.59 291.59 291.88 291.94 291.84 291.62 291.56 290.94 290.38 289.84 289.50 289.16 288.72 288.09
279.16 279.31 279.31 279.53 279.47 279.53 279.94 280.47 280.81 281.16 281.44 281.78 282.12 282.50 283.06 283.72 284.09 284.28 284.19 283.94 283.81 283.88 284.12 284.53 284.91 285.19 285.38 285.41 285.31 285.56 285.69 285.69 285.78 285.69 285.41 285.34 285.91 286.38 286.81 287.06 287.41 287.84 288.16 288.44 288.78 289.06 289.19 289.28 289.47 289.69 290.06 290.59 290.94 291.06 291.19 291.28 291.34 291.47 291.34 291.53 291.66 291.66 291.62 291.50 291.34 290.97 290.44 290.16 289.91 289.66 289.47
278.84 278.91 278.94 279.06 279.16 279.31 279.62 280.00 280.31 280.72 280.97 281.19 281.53 282.12 282.69 283.19 283.59 283.78 283.72 283.41 283.28 283.38 283.53 283.91 284.38 284.62 284.84 284.88 284.94 285.25 285.19 285.16 285.12 284.84 284.66 284.72 285.09 285.66 286.19 286.28 286.75 287.22 287.56 287.81 288.22 288.50 288.69 288.88 289.22 289.50 289.88 290.31 290.62 290.81 290.97 291.03 290.97 291.22 291.09 291.19 291.25 291.50 291.59 291.41 291.38 291.34 290.91 290.69 290.53 290.38 290.25
278.41 278.41 278.56 278.75 278.91 279.00 279.22 279.53 279.88 280.28 280.47 280.69 281.03 281.50 281.88 282.53 283.03 283.28 283.22 282.91 282.78 282.94 283.06 283.22 283.81 284.06 284.25 284.38 284.59 284.59 284.59 284.44 284.44 284.16 284.00 284.00 284.31 284.88 285.31 285.50 286.03 286.53 287.00 287.22 287.62 287.94 288.16 288.50 288.78 288.97 289.38 289.84 290.25 290.56 290.72 290.78 290.69 290.78 290.75 290.75 290.66 290.62 290.75 291.28 291.50 291.34 291.19 291.09 291.06 290.91 290.75
277.97 278.12 278.31 278.41 278.53 278.66 278.84 279.12 279.50 279.84 280.09 280.28 280.53 280.81 281.16 281.75 282.47 282.72 282.69 282.28 282.28 282.47 282.50 282.75 283.19 283.41 283.62 283.78 283.84 283.81 283.72 283.72 283.75 283.62 283.56 283.44 283.72 284.06 284.50 285.03 285.34 285.88 286.25 286.62 286.88 287.44 287.84 288.00 288.28 288.50 288.88 289.34 289.94 290.31 290.44 290.56 290.53 290.34 290.44 290.47 290.41 290.25 290.12 290.47 291.00 291.00 291.25 291.41 291.59 291.31 291.03
277.75 277.91 278.06 278.00 278.16 278.34 278.66 278.94 279.19 279.41 279.69 279.78 279.94 280.19 280.56 281.34 281.88 282.12 282.12 281.91 281.91 281.94 282.03 282.19 282.47 282.72 282.91 283.00 283.03 282.94 283.03 283.16 283.12 283.12 283.03 282.91 283.03 283.31 284.00 284.44 284.62 285.12 285.47 286.00 286.12 286.69 287.12 287.41 287.75 288.09 288.28 288.72 289.44 289.94 290.19 290.31 290.31 290.19 290.09 290.16 290.19 290.06 289.84 289.97 290.28 290.56 291.06 291.41 291.69 291.50 291.19
277.53 277.59 277.59 277.66 277.88 278.12 278.44 278.56 278.75 279.00 279.12 279.19 279.34 279.69 280.22 280.94 281.34 281.53 281.50 281.31 281.19 281.41 281.69 281.72 281.91 282.06 282.12 282.22 282.06 282.19 282.50 282.53 282.50 282.44 282.53 282.47 282.53 282.69 283.25 283.69 283.91 284.28 284.72 285.00 285.69 286.19 286.41 286.88 287.31 287.66 287.91 288.28 288.69 289.44 289.88 290.03 290.06 290.03 289.72 289.84 289.91 289.91 289.69 289.69 289.94 290.19 290.72 291.12 291.41 291.44 291.16
277.19 277.25 277.28 277.31 277.41 277.59 277.75 278.06 278.25 278.44 278.53 278.78 278.97 279.38 279.94 280.47 280.81 280.94 280.88 280.66 280.62 280.84 281.16 281.34 281.41 281.47 281.44 281.38 281.25 281.38 281.72 281.88 281.88 281.75 281.91 282.03 282.16 282.28 282.66 282.94 283.28 283.62 283.81 284.22 284.81 285.31 285.75 286.31 286.84 287.28 287.59 287.91 288.44 289.12 289.56 289.75 289.81 289.78 289.47 289.50 289.62 289.75 289.53 289.50 289.66 289.97 290.41 290.81 291.06 291.09 290.91
276.88 276.91 276.88 276.88 276.78 276.88 277.16 277.56 277.72 277.88 278.03 278.25 278.59 279.12 279.59 280.00 280.28 280.34 280.28 280.06 280.00 280.31 280.59 280.78 280.81 280.94 280.94 280.88 280.84 280.88 281.16 281.31 281.38 281.28 281.38 281.59 281.69 281.88 282.09 282.34 282.75 283.06 283.44 283.81 284.31 284.75 285.31 285.97 286.62 287.00 287.38 287.69 288.12 288.88 289.25 289.47 289.50 289.47 289.25 289.19 289.38 289.41 289.28 289.22 289.44 289.81 290.12 290.44 290.66 290.66 290.47
276.53 276.56 276.50 276.47 276.38 276.44 276.62 277.00 277.12 277.31 277.59 277.84 278.25 278.75 279.22 279.56 279.75 279.81 279.72 279.53 279.66 279.84 280.09 280.19 280.28 280.44 280.50 280.47 280.62 280.59 280.69 280.88 280.88 280.75 280.88 281.22 281.34 281.38 281.50 281.81 282.34 282.84 283.22 283.53 284.16 284.59 285.06 285.66 286.34 286.72 287.22 287.56 288.09 288.62 289.00 289.16 289.16 289.06 289.03 288.97 289.09 289.16 289.03 288.94 289.19 289.44 289.69 290.00 290.19 290.19 290.00
276.25 276.25 276.22 276.19 276.09 276.09 276.25 276.53 276.78 277.06 277.34 277.66 277.97 278.47 278.84 279.12 279.25 279.28 279.25 279.16 279.06 279.28 279.53 279.59 279.72 280.00 279.91 280.00 280.22 280.28 280.41 280.47 280.38 280.38 280.62 281.12 281.12 281.06 281.25 281.66 282.19 282.72 283.03 283.47 283.91 284.22 284.62 285.41 286.00 286.50 286.78 287.25 287.88 288.34 288.69 288.81 288.78 288.62 288.66 288.81 288.81 288.84 288.53 288.75 288.78 288.94 289.22 289.47 289.62 289.62 289.53
275.97 275.97 275.91 275.91 275.81 275.91 276.19 276.41 276.62 276.81 277.06 277.31 277.69 278.06 278.41 278.62 278.75 278.78 278.78 278.56 278.59 278.84 278.94 278.97 279.06 279.19 279.19 279.38 279.50 279.88 280.06 280.12 280.06 280.16 280.44 280.78 280.75 280.91 281.09 281.50 282.06 282.50 282.84 283.25 283.72 283.94 284.41 284.91 285.59 286.06 286.56 287.12 287.59 288.00 288.28 288.38 288.34 288.22 288.31 288.44 288.47 288.41 288.25 288.41 288.50 288.56 288.72 288.91 289.03 289.06 288.84
275.69 275.69 275.53 275.50 275.56 275.72 275.91 276.16 276.31 276.47 276.66 276.88 277.19 277.56 277.88 278.06 278.19 278.25 278.12 278.00 278.12 278.25 278.25 278.06 278.25 278.31 278.53 278.72 279.16 279.59 279.75 279.88 279.84 280.00 280.28 280.44 280.56 280.75 281.00 281.41 281.84 282.25 282.66 283.06 283.34 283.66 284.06 284.66 285.28 285.97 286.44 286.84 287.25 287.56 287.81 287.94 287.94 287.97 288.03 287.94 287.91 287.84 287.94 288.09 288.16 288.22 288.31 288.41 288.47 287.84 287.88
275.41 275.41 275.25 275.22 275.31 275.53 275.72 275.88 276.00 276.16 276.22 276.41 276.75 277.06 277.28 277.44 277.56 277.59 277.56 277.44 277.50 277.56 277.47 277.41 277.59 277.66 277.97 278.28 278.72 279.19 279.38 279.56 279.66 279.78 280.06 280.22 280.50 280.72 280.84 281.16 281.41 282.03 282.44 282.72 283.16 283.62 284.06 284.56 285.38 285.88 286.25 286.59 286.88 287.12 287.34 287.38 287.50 287.59 287.56 287.50 287.41 287.34 287.66 287.75 287.84 287.94 287.94 288.00 288.00 287.84 287.91
275.16 275.09 274.97 274.97 275.25 275.38 275.47 275.56 275.69 275.88 275.91 276.09 276.31 276.53 276.66 276.75 276.78 276.81 276.78 276.69 276.94 276.97 276.94 277.00 277.12 277.22 277.56 277.81 278.25 278.69 278.97 279.28 279.28 279.47 279.66 280.06 280.34 280.56 280.53 280.75 281.09 281.66 282.09 282.47 283.00 283.50 284.06 284.66 285.22 285.69 286.00 286.25 286.44 286.69 286.78 286.69 287.06 287.19 287.19 287.16 286.97 287.06 287.28 287.38 287.50 287.53 287.62 287.66 287.66 287.81 287.94
274.91 274.81 274.78 274.81 275.06 275.16 275.22 275.28 275.44 275.56 275.56 275.78 275.97 276.06 276.12 276.09 276.06 276.16 276.12 276.22 276.44 276.53 276.53 276.62 276.69 276.84 277.22 277.53 277.84 278.28 278.53 278.91 278.72 278.97 279.38 279.94 280.16 280.25 280.28 280.59 280.91 281.38 281.78 282.16 282.59 283.34 283.97 284.53 285.03 285.41 285.66 285.84 285.75 286.19 286.28 286.31 286.75 286.81 286.81 286.75 286.59 286.69 286.94 286.94 287.06 287.16 287.31 287.38 287.38 287.47 287.72
274.69 274.56 274.62 274.62 274.72 274.91 274.97 275.09 275.16 275.28 275.41 275.53 275.62 275.69 275.72 275.72 275.69 275.69 275.81 275.91 276.09 276.19 276.25 276.25 276.41 276.66 276.94 277.19 277.53 277.91 278.19 278.22 278.22 278.59 279.22 279.66 279.91 279.94 280.09 280.47 280.88 281.25 281.62 281.97 282.47 283.06 283.72 284.28 284.72 285.00 285.16 285.16 285.12 285.66 285.81 286.00 286.31 286.44 286.47 286.38 286.31 286.31 286.56 286.53 286.69 286.94 287.06 287.12 287.22 287.31 287.44
274.50 274.44 274.41 274.44 274.47 274.62 274.72 274.84 274.97 275.09 275.19 275.28 275.31 275.38 275.31 275.25 275.19 275.25 275.44 275.59 275.84 275.91 275.94 276.03 276.22 276.47 276.66 276.75 277.06 277.41 277.59 277.47 277.97 278.44 279.06 279.44 279.59 279.75 280.12 280.44 280.75 281.03 281.31 281.62 282.09 282.72 283.34 283.88 284.25 284.47 284.50 284.50 284.75 285.16 285.31 285.69 285.91 286.06 286.09 286.03 286.00 286.03 286.19 286.31 286.53 286.69 286.81 286.94 286.97 287.06 287.03
274.31 274.22 274.19 274.19 274.22 274.41 274.56 274.69 274.75 274.84 274.94 274.97 274.91 274.91 274.94 274.88 274.81 274.81 275.12 275.34 275.47 275.59 275.69 275.88 276.03 276.25 276.38 276.44 276.69 276.81 277.25 277.75 278.19 278.53 278.88 279.19 279.28 279.62 279.97 280.25 280.50 280.72 280.84 281.16 281.69 282.25 282.81 283.28 283.66 283.91 283.97 283.94 284.31 284.69 284.91 285.25 285.56 285.69 285.72 285.75 285.75 285.88 286.00 286.19 286.34 286.25 286.53 286.66 286.69 286.69 286.66
274.16 274.12 274.00 274.03 274.03 274.22 274.28 274.38 274.44 274.50 274.56 274.50 274.47 274.47 274.56 274.56 274.53 274.50 274.81 275.03 275.22 275.38 275.53 275.66 275.81 275.97 275.94 275.94 276.34 276.81 277.28 277.75 277.97 278.22 278.53 278.91 279.09 279.47 279.78 280.00 280.16 280.31 280.38 280.62 281.06 281.56 282.28 282.66 283.09 283.31 283.34 283.66 283.94 284.28 284.47 284.97 285.19 285.31 285.41 285.50 285.62 285.78 285.81 285.91 285.91 285.94 286.00 286.28 286.28 286.31 286.44
273.94 273.91 273.81 273.72 273.72 273.69 273.84 274.03 274.03 274.09 274.00 273.91 274.00 274.06 274.12 274.22 274.28 274.22 274.50 274.69 274.88 275.09 275.31 275.47 275.56 275.59 275.53 275.81 276.38 276.72 277.12 277.50 277.69 278.00 278.41 278.72 278.97 279.28 279.50 279.66 279.78 279.75 279.88 280.09 280.38 280.75 281.50 282.00 282.25 282.66 283.06 283.41 283.59 283.91 284.31 284.62 284.94 284.97 285.25 285.34 285.50 285.56 285.62 285.56 285.53 285.59 285.72 285.97 286.06 286.16 286.28
273.69 273.69 273.53 273.31 273.28 273.22 273.31 273.47 273.53 273.53 273.38 273.38 273.50 273.56 273.72 273.84 273.97 273.94 274.12 274.41 274.59 274.81 275.00 275.25 275.34 275.34 275.41 275.75 276.19 276.50 276.91 277.19 277.50 277.91 278.19 278.47 278.72 279.00 279.19 279.31 279.28 279.31 279.44 279.66 279.84 280.19 280.97 281.41 281.69 282.22 282.69 283.00 283.38 283.66 284.12 284.31 284.53 284.81 285.12 285.22 285.34 285.41 285.41 285.34 285.31 285.41 285.62 285.72 285.84 285.97 286.00
273.41 273.38 273.16 272.88 272.84 272.81 272.75 272.88 273.03 273.03 272.97 272.91 273.09 273.19 273.31 273.44 273.69 273.69 273.81 274.06 274.25 274.50 274.78 275.03 275.16 275.22 275.22 275.62 275.97 276.31 276.69 277.00 277.41 277.69 277.94 278.16 278.41 278.62 278.78 278.88 278.84 278.91 279.06 279.34 279.56 279.84 280.59 280.91 281.16 281.88 282.34 282.78 283.16 283.50 283.91 284.03 284.34 284.72 284.97 285.06 285.19 285.22 285.19 285.19 285.06 285.19 285.31 285.44 285.53 285.59 285.62
273.06 273.00 272.69 272.47 272.41 272.47 272.47 272.59 272.66 272.66 272.66 272.62 272.75 272.91 273.03 273.09 273.28 273.41 273.47 273.75 274.06 274.38 274.62 274.81 274.97 274.94 275.00 275.41 275.72 276.00 276.44 276.81 277.16 277.41 277.62 277.81 278.03 278.25 278.34 278.34 278.53 278.62 278.81 279.19 279.34 279.75 280.28 280.56 281.06 281.62 282.09 282.56 282.91 283.38 283.72 283.88 284.25 284.53 284.75 284.91 285.03 285.06 285.00 284.88 284.75 284.88 285.03 285.06 285.19 285.22 285.38
272.59 272.50 272.31 272.16 272.09 272.09 272.12 272.22 272.25 272.31 272.31 272.44 272.53 272.62 272.75 272.84 272.97 273.16 273.34 273.62 273.97 274.22 274.44 274.59 274.78 274.66 274.91 275.19 275.41 275.59 276.09 276.59 276.88 277.12 277.31 277.41 277.69 277.84 277.88 277.94 278.16 278.25 278.66 278.94 279.22 279.53 279.94 280.38 280.88 281.31 281.91 282.34 282.69 283.12 283.53 283.84 284.09 284.31 284.53 284.72 284.84 284.88 284.81 284.59 284.50 284.66 284.81 284.97 285.09 285.16 285.25
272.31 272.06 272.03 271.81 271.78 271.78 271.88 271.97 272.00 272.06 272.12 272.25 272.34 272.41 272.56 272.66 272.66 272.94 273.22 273.47 273.78 274.03 274.22 274.34 274.53 274.34 274.66 274.94 275.06 275.44 275.97 276.28 276.59 276.81 276.94 277.00 277.25 277.38 277.47 277.66 277.91 278.03 278.47 278.78 278.97 279.25 279.66 280.12 280.69 281.12 281.62 282.03 282.56 282.97 283.34 283.62 283.88 284.09 284.31 284.50 284.66 284.69 284.62 284.38 284.34 284.56 284.78 284.88 284.94 285.03 285.09
271.97 271.84 271.78 271.53 271.41 271.44 271.56 271.66 271.66 271.78 271.81 272.03 272.09 272.19 272.31 272.44 272.44 272.75 273.06 273.31 273.59 273.84 274.00 274.06 274.12 274.12 274.50 274.72 274.88 275.25 275.69 275.97 276.22 276.47 276.66 276.69 276.78 276.94 277.16 277.31 277.59 277.91 278.31 278.62 278.84 279.12 279.47 279.88 280.50 280.88 281.34 281.75 282.34 282.78 283.16 283.44 283.66 283.88 284.03 284.25 284.38 284.44 284.41 284.25 284.25 284.47 284.62 284.72 284.78 284.81 284.81
271.66 271.59 271.41 271.22 271.06 271.16 271.16 271.28 271.28 271.38 271.50 271.72 271.88 272.03 272.06 272.16 272.38 272.69 272.94 273.22 273.50 273.69 273.81 273.69 273.88 274.06 274.31 274.53 274.72 275.03 275.34 275.62 275.88 276.12 276.31 276.34 276.31 276.62 276.94 277.12 277.38 277.81 278.12 278.50 278.69 278.94 279.34 279.81 280.25 280.72 281.25 281.75 282.19 282.56 282.91 283.19 283.41 283.56 283.75 283.97 284.12 284.19 284.22 284.06 284.06 284.22 284.44 284.56 284.62 284.56 284.59
271.38 271.28 271.09 270.81 270.72 270.72 270.81 270.91 271.00 271.09 271.22 271.50 271.69 271.84 271.88 272.03 272.34 272.66 272.91 273.12 273.41 273.56 273.66 273.50 273.72 273.91 274.09 274.28 274.50 274.69 275.16 275.38 275.62 275.84 276.00 276.03 276.19 276.59 276.81 276.88 277.25 277.56 277.97 278.28 278.47 278.69 279.16 279.66 280.22 280.75 281.12 281.53 281.97 282.34 282.66 282.94 283.16 283.28 283.41 283.66 283.81 283.91 283.94 283.84 283.91 284.09 284.28 284.41 284.44 284.41 284.47
271.06 270.94 270.69 270.44 270.47 270.53 270.56 270.62 270.66 270.78 271.03 271.31 271.53 271.50 271.78 272.06 272.38 272.69 272.94 273.12 273.31 273.47 273.53 273.59 273.59 273.69 273.88 274.06 274.22 274.44 274.84 275.12 275.34 275.50 275.62 275.78 276.03 276.28 276.44 276.72 277.03 277.44 277.84 278.16 278.31 278.56 279.12 279.75 280.19 280.56 280.97 281.38 281.75 282.09 282.38 282.66 282.78 282.97 283.19 283.38 283.56 283.66 283.69 283.66 283.78 284.03 284.16 284.22 284.25 284.22 284.25
270.69 270.59 270.31 270.19 270.25 270.34 270.38 270.34 270.41 270.62 270.88 271.16 271.25 271.50 271.81 272.06 272.38 272.62 272.88 273.06 273.22 273.34 273.38 273.47 273.50 273.69 273.84 273.97 274.06 274.34 274.69 274.84 275.00 275.22 275.34 275.56 275.78 275.91 276.25 276.47 276.88 277.28 277.62 278.00 278.16 278.50 279.06 279.56 280.00 280.41 280.75 281.12 281.53 281.84 282.12 282.25 282.44 282.72 282.91 283.09 283.31 283.47 283.50 283.50 283.75 283.91 284.00 284.06 284.09 284.06 284.03
