everonasctiles/Tile[21,27].asc
ncols 128
nrows 128
xllcorner 0
yllcorner 0
cellsize 2.0
NODATA_value  -9999
[rows 0 to 31 of 128, columns 0 to 70 of 128]
179.94 180.28 180.59 180.91 181.19 181.50 181.78 182.06 182.31 182.59 182.84 183.12 183.53 183.66 183.75 183.91 184.09 184.31 184.50 184.69 184.88 185.06 185.25 185.44 185.62 185.81 186.03 186.22 186.41 186.59 186.81 187.06 187.31 187.59 188.00 188.34 188.69 189.03 189.38 189.72 190.06 190.41 190.78 191.16 191.47 191.78 192.12 192.59 193.09 193.31 193.50 193.72 193.91 194.06 194.25 194.41 194.59 194.75 194.94 195.09 195.28 195.47 195.69 195.88 196.09 196.31 196.53 196.78 197.03 197.28 197.53
180.00 180.31 180.62 180.94 181.25 181.53 181.81 182.06 182.34 182.59 182.84 183.09 183.38 183.75 183.84 183.97 184.16 184.38 184.56 184.75 184.94 185.16 185.31 185.50 185.69 185.88 186.06 186.25 186.44 186.66 186.91 187.16 187.47 187.75 188.09 188.41 188.75 189.06 189.41 189.75 190.06 190.41 190.75 191.12 191.44 191.75 192.12 192.78 193.09 193.28 193.50 193.72 193.91 194.09 194.28 194.44 194.62 194.81 195.00 195.19 195.38 195.56 195.78 196.00 196.22 196.44 196.66 196.91 197.16 197.41 197.69
180.06 180.38 180.69 181.00 181.28 181.56 181.81 182.09 182.34 182.59 182.84 183.06 183.31 183.66 183.84 184.03 184.22 184.44 184.62 184.84 185.03 185.25 185.41 185.59 185.78 185.97 186.12 186.31 186.47 186.69 186.94 187.25 187.53 187.84 188.19 188.47 188.78 189.09 189.44 189.75 190.06 190.41 190.75 191.09 191.41 191.72 192.09 192.88 193.09 193.28 193.50 193.69 193.91 194.09 194.28 194.47 194.66 194.84 195.06 195.25 195.44 195.66 195.88 196.09 196.31 196.53 196.78 197.03 197.28 197.53 197.81
180.16 180.47 180.75 181.06 181.31 181.59 181.84 182.09 182.34 182.59 182.81 183.06 183.31 183.56 183.81 184.03 184.28 184.50 184.72 184.94 185.16 185.34 185.53 185.72 185.88 186.06 186.22 186.38 186.56 186.75 186.97 187.28 187.59 187.91 188.22 188.53 188.81 189.12 189.44 189.75 190.06 190.41 190.72 191.03 191.34 191.66 192.03 192.88 193.06 193.28 193.50 193.69 193.91 194.09 194.31 194.50 194.69 194.91 195.09 195.31 195.50 195.72 195.94 196.19 196.41 196.66 196.88 197.12 197.41 197.66 197.94
180.28 180.56 180.84 181.12 181.38 181.62 181.88 182.09 182.31 182.53 182.78 183.03 183.31 183.56 183.81 184.09 184.34 184.56 184.81 185.03 185.25 185.47 185.66 185.84 186.00 186.16 186.31 186.47 186.66 186.84 187.06 187.34 187.62 187.94 188.25 188.56 188.84 189.16 189.47 189.75 190.06 190.38 190.69 191.00 191.31 191.59 192.00 192.84 193.06 193.25 193.47 193.69 193.91 194.09 194.31 194.53 194.72 194.94 195.16 195.34 195.56 195.81 196.03 196.25 196.50 196.75 197.00 197.25 197.50 197.78 198.03
180.44 180.72 181.00 181.19 181.41 181.66 181.84 182.06 182.25 182.47 182.75 183.00 183.31 183.59 183.84 184.12 184.41 184.69 184.94 185.16 185.41 185.62 185.81 186.00 186.16 186.31 186.44 186.56 186.75 186.94 187.16 187.41 187.69 187.97 188.28 188.56 188.88 189.16 189.47 189.78 190.06 190.38 190.69 190.97 191.31 191.56 191.97 192.78 193.00 193.22 193.44 193.66 193.88 194.09 194.31 194.53 194.75 194.97 195.19 195.41 195.62 195.88 196.09 196.34 196.56 196.81 197.06 197.34 197.59 197.88 198.16
180.53 180.72 180.94 181.16 181.44 181.69 181.91 182.09 182.16 182.38 182.69 183.00 183.31 183.62 183.91 184.22 184.53 184.78 185.06 185.31 185.53 185.75 185.97 186.16 186.31 186.44 186.56 186.66 186.84 187.06 187.28 187.50 187.75 188.00 188.31 188.59 188.91 189.19 189.50 189.78 190.09 190.38 190.69 190.97 191.31 191.59 191.97 192.75 192.97 193.19 193.41 193.66 193.88 194.09 194.34 194.56 194.78 195.00 195.22 195.44 195.69 195.91 196.16 196.41 196.66 196.91 197.16 197.44 197.69 197.97 198.25
180.53 180.75 180.94 181.16 181.38 181.62 181.88 182.09 182.28 182.41 182.69 183.03 183.38 183.72 184.03 184.34 184.62 184.91 185.19 185.44 185.66 185.88 186.09 186.28 186.44 186.56 186.66 186.75 186.81 187.16 187.38 187.62 187.84 188.06 188.34 188.62 188.91 189.22 189.50 189.81 190.09 190.38 190.69 191.00 191.31 191.62 192.00 192.62 192.94 193.19 193.41 193.62 193.88 194.09 194.34 194.56 194.78 195.03 195.25 195.50 195.72 195.97 196.22 196.47 196.72 196.97 197.25 197.50 197.78 198.06 198.34
180.59 180.78 181.00 181.19 181.41 181.69 181.94 182.16 182.38 182.59 182.81 183.16 183.50 183.81 184.12 184.44 184.75 185.03 185.31 185.56 185.78 186.00 186.22 186.38 186.53 186.66 186.75 186.78 186.75 187.25 187.47 187.69 187.91 188.16 188.41 188.69 188.94 189.25 189.53 189.81 190.09 190.41 190.69 191.00 191.34 191.66 192.03 192.50 192.91 193.16 193.41 193.62 193.88 194.09 194.34 194.56 194.81 195.03 195.28 195.53 195.78 196.00 196.25 196.53 196.78 197.03 197.31 197.56 197.84 198.12 198.41
180.62 180.81 181.03 181.25 181.50 181.75 182.00 182.25 182.47 182.69 183.00 183.31 183.59 183.91 184.25 184.56 184.84 185.16 185.41 185.66 185.91 186.09 186.31 186.47 186.62 186.75 186.84 186.94 187.06 187.28 187.53 187.75 187.97 188.22 188.47 188.72 189.00 189.25 189.53 189.81 190.12 190.41 190.69 191.00 191.34 191.66 192.03 192.44 192.88 193.16 193.38 193.62 193.88 194.09 194.34 194.56 194.81 195.06 195.31 195.56 195.81 196.06 196.31 196.56 196.81 197.09 197.38 197.62 197.91 198.19 198.47
180.66 180.88 181.06 181.28 181.56 181.81 182.09 182.34 182.56 182.84 183.12 183.41 183.69 184.00 184.31 184.62 184.94 185.25 185.50 185.75 186.00 186.19 186.38 186.56 186.69 186.84 186.97 187.09 187.22 187.41 187.62 187.84 188.03 188.28 188.50 188.75 189.03 189.28 189.56 189.84 190.12 190.41 190.69 191.03 191.34 191.66 192.03 192.44 192.88 193.16 193.38 193.62 193.88 194.09 194.34 194.59 194.81 195.06 195.31 195.56 195.81 196.09 196.34 196.59 196.88 197.12 197.41 197.69 197.97 198.25 198.53
180.72 180.91 181.12 181.34 181.59 181.88 182.16 182.41 182.62 182.94 183.22 183.47 183.75 184.06 184.38 184.69 185.00 185.31 185.59 185.84 186.06 186.25 186.44 186.62 186.78 186.91 187.06 187.19 187.34 187.50 187.69 187.91 188.09 188.31 188.53 188.78 189.03 189.31 189.56 189.84 190.12 190.38 190.69 191.03 191.34 191.69 192.03 192.44 192.88 193.12 193.41 193.62 193.88 194.09 194.34 194.59 194.84 195.09 195.34 195.59 195.84 196.09 196.38 196.62 196.91 197.16 197.44 197.72 198.00 198.28 198.59
180.75 180.97 181.19 181.38 181.66 181.91 182.19 182.44 182.69 182.97 183.22 183.50 183.78 184.09 184.41 184.72 185.03 185.34 185.62 185.88 186.09 186.31 186.50 186.66 186.81 186.94 187.09 187.28 187.44 187.59 187.78 187.97 188.16 188.38 188.59 188.81 189.06 189.31 189.56 189.84 190.09 190.38 190.72 191.03 191.34 191.69 192.03 192.44 192.88 193.16 193.41 193.66 193.88 194.12 194.34 194.59 194.84 195.09 195.34 195.62 195.88 196.12 196.41 196.66 196.94 197.19 197.47 197.75 198.03 198.31 198.62
181.03 181.12 181.28 181.47 181.69 181.94 182.19 182.44 182.69 182.94 183.19 183.47 183.75 184.06 184.38 184.69 185.03 185.31 185.59 185.84 186.09 186.28 186.47 186.62 186.78 186.94 187.12 187.31 187.47 187.66 187.81 188.00 188.22 188.41 188.62 188.84 189.06 189.31 189.59 189.84 190.09 190.41 190.69 191.00 191.31 191.66 192.03 192.50 192.88 193.16 193.44 193.69 193.88 194.12 194.38 194.59 194.84 195.09 195.38 195.62 195.88 196.16 196.41 196.69 196.94 197.22 197.50 197.78 198.06 198.34 198.62
181.31 181.47 181.62 181.75 181.88 182.03 182.22 182.44 182.62 182.88 183.12 183.41 183.69 184.00 184.31 184.62 184.94 185.25 185.53 185.78 186.00 186.22 186.41 186.56 186.75 186.91 187.09 187.31 187.47 187.66 187.84 188.06 188.25 188.44 188.66 188.84 189.06 189.28 189.53 189.78 190.06 190.34 190.66 190.97 191.28 191.62 192.06 192.50 192.84 193.16 193.41 193.69 193.91 194.09 194.38 194.62 194.84 195.12 195.38 195.62 195.91 196.16 196.44 196.69 196.97 197.22 197.50 197.78 198.06 198.34 198.62
181.41 181.53 181.66 181.78 181.88 182.03 182.19 182.34 182.53 182.75 183.03 183.31 183.59 183.91 184.22 184.53 184.81 185.12 185.38 185.62 185.88 186.06 186.28 186.44 186.66 186.84 187.06 187.25 187.44 187.66 187.88 188.06 188.28 188.47 188.69 188.88 189.09 189.31 189.53 189.75 189.97 190.22 190.50 190.78 191.12 191.53 192.06 192.50 192.81 193.12 193.41 193.66 193.94 194.16 194.38 194.59 194.84 195.09 195.38 195.62 195.91 196.16 196.44 196.69 196.97 197.22 197.50 197.78 198.06 198.34 198.62
181.53 181.59 181.66 181.75 181.81 181.91 182.03 182.19 182.38 182.62 182.88 183.16 183.44 183.75 184.06 184.34 184.66 184.94 185.22 185.44 185.69 185.91 186.09 186.28 186.50 186.72 186.97 187.19 187.38 187.62 187.84 188.06 188.28 188.50 188.69 188.91 189.12 189.34 189.53 189.81 190.03 190.25 190.47 190.72 190.97 191.22 191.53 191.91 192.31 192.78 193.22 193.62 193.88 194.12 194.38 194.59 194.81 195.09 195.34 195.62 195.88 196.16 196.41 196.69 196.94 197.22 197.50 197.75 198.03 198.31 198.59
181.62 181.69 181.69 181.72 181.81 181.88 182.00 182.16 182.31 182.50 182.75 183.00 183.28 183.56 183.88 184.16 184.44 184.72 184.97 185.22 185.44 185.66 185.84 186.06 186.31 186.56 186.81 187.06 187.28 187.53 187.78 188.03 188.25 188.47 188.69 188.94 189.16 189.38 189.59 189.88 190.09 190.31 190.53 190.78 191.03 191.25 191.50 191.78 192.03 192.28 192.59 192.94 193.31 193.72 194.12 194.47 194.78 195.03 195.31 195.59 195.84 196.12 196.41 196.66 196.94 197.19 197.47 197.75 198.00 198.28 198.56
181.72 181.75 181.75 181.75 181.81 181.91 182.00 182.12 182.28 182.44 182.62 182.84 183.09 183.38 183.66 183.94 184.22 184.47 184.72 184.94 185.16 185.38 185.59 185.81 186.09 186.38 186.66 186.91 187.16 187.41 187.69 187.94 188.19 188.44 188.69 188.94 189.19 189.47 189.69 189.91 190.12 190.34 190.59 190.84 191.06 191.31 191.56 191.81 192.09 192.34 192.59 192.84 193.12 193.38 193.66 193.97 194.28 194.66 195.03 195.44 195.81 196.09 196.34 196.62 196.88 197.16 197.44 197.69 197.97 198.25 198.53
181.81 181.78 181.78 181.78 181.81 181.91 182.00 182.16 182.28 182.41 182.56 182.72 182.94 183.16 183.44 183.69 183.97 184.19 184.44 184.62 184.84 185.06 185.28 185.53 185.81 186.16 186.44 186.72 186.97 187.25 187.53 187.81 188.06 188.34 188.62 188.91 189.22 189.50 189.72 189.94 190.16 190.41 190.66 190.88 191.12 191.38 191.62 191.88 192.12 192.41 192.66 192.91 193.16 193.44 193.69 193.94 194.19 194.47 194.72 195.00 195.31 195.66 196.03 196.44 196.78 197.09 197.38 197.66 197.91 198.19 198.47
181.84 181.81 181.81 181.78 181.84 181.94 182.03 182.16 182.28 182.41 182.53 182.66 182.81 182.94 183.22 183.47 183.69 183.91 184.12 184.31 184.50 184.72 184.94 185.16 185.56 185.94 186.22 186.50 186.78 187.09 187.38 187.66 187.91 188.19 188.50 188.81 189.16 189.50 189.75 189.97 190.22 190.47 190.72 190.94 191.19 191.44 191.69 191.94 192.19 192.47 192.72 192.97 193.22 193.47 193.75 194.00 194.25 194.50 194.78 195.03 195.28 195.53 195.81 196.06 196.38 196.72 197.06 197.41 197.75 198.09 198.41
181.84 181.84 181.81 181.78 181.84 181.94 182.06 182.19 182.28 182.41 182.53 182.62 182.75 182.88 183.06 183.25 183.44 183.62 183.78 183.97 184.16 184.38 184.62 184.97 185.44 185.84 186.16 186.44 186.72 186.97 187.22 187.44 187.66 187.91 188.19 188.56 188.94 189.34 189.69 190.00 190.28 190.53 190.75 191.00 191.25 191.47 191.75 192.00 192.25 192.50 192.78 193.03 193.28 193.53 193.81 194.06 194.31 194.56 194.81 195.09 195.34 195.59 195.84 196.12 196.38 196.69 196.97 197.28 197.59 197.88 198.19
181.81 181.81 181.81 181.78 181.84 181.97 182.06 182.19 182.31 182.41 182.50 182.62 182.75 182.84 182.97 183.12 183.28 183.44 183.59 183.75 183.94 184.12 184.41 184.78 185.28 185.72 186.09 186.38 186.69 186.97 187.22 187.47 187.69 187.94 188.19 188.44 188.69 188.91 189.19 189.56 190.00 190.38 190.72 191.03 191.28 191.53 191.81 192.06 192.31 192.56 192.81 193.09 193.34 193.59 193.84 194.12 194.38 194.62 194.88 195.12 195.41 195.66 195.91 196.16 196.44 196.75 197.03 197.34 197.62 197.94 198.22
181.75 181.78 181.78 181.78 181.84 181.97 182.09 182.22 182.31 182.41 182.53 182.62 182.72 182.84 182.94 183.06 183.19 183.34 183.47 183.62 183.78 183.97 184.22 184.66 185.16 185.62 186.03 186.34 186.69 186.97 187.22 187.47 187.69 187.94 188.16 188.41 188.66 188.91 189.12 189.41 189.66 190.00 190.31 190.62 191.03 191.38 191.72 192.06 192.34 192.62 192.88 193.12 193.41 193.66 193.91 194.16 194.44 194.69 194.94 195.19 195.44 195.72 195.97 196.22 196.50 196.78 197.09 197.38 197.69 197.97 198.28
181.72 181.75 181.75 181.78 181.84 181.97 182.12 182.25 182.34 182.44 182.53 182.62 182.72 182.84 182.94 183.03 183.16 183.28 183.41 183.56 183.72 183.88 184.12 184.53 185.03 185.53 185.97 186.34 186.72 187.00 187.22 187.47 187.69 187.91 188.12 188.38 188.59 188.84 189.09 189.34 189.59 189.91 190.19 190.47 190.75 190.94 191.16 191.44 191.72 192.12 192.56 193.00 193.41 193.72 193.97 194.22 194.47 194.75 195.00 195.25 195.50 195.78 196.03 196.28 196.53 196.84 197.12 197.44 197.72 198.03 198.31
181.66 181.69 181.75 181.78 181.84 182.00 182.12 182.25 182.34 182.44 182.53 182.62 182.72 182.84 182.94 183.03 183.16 183.25 183.38 183.50 183.66 183.84 184.09 184.47 184.94 185.44 185.91 186.34 186.75 187.00 187.25 187.47 187.69 187.91 188.12 188.34 188.56 188.78 189.03 189.28 189.53 189.78 190.06 190.31 190.56 190.78 191.00 191.25 191.53 191.78 192.06 192.38 192.88 193.38 193.81 194.19 194.50 194.78 195.06 195.31 195.56 195.81 196.09 196.34 196.59 196.88 197.19 197.47 197.78 198.06 198.38
181.62 181.66 181.72 181.78 181.88 182.00 182.12 182.28 182.38 182.47 182.56 182.66 182.75 182.84 182.94 183.03 183.16 183.25 183.38 183.50 183.66 183.84 184.06 184.44 184.91 185.41 185.91 186.34 186.81 187.03 187.25 187.44 187.66 187.88 188.09 188.28 188.50 188.72 188.94 189.19 189.44 189.69 189.94 190.19 190.44 190.69 190.91 191.16 191.41 191.66 191.91 192.22 192.59 192.94 193.34 193.75 194.03 194.38 194.75 195.16 195.53 195.84 196.12 196.41 196.62 196.94 197.25 197.53 197.84 198.12 198.44
181.56 181.62 181.69 181.78 181.84 182.00 182.16 182.28 182.38 182.47 182.56 182.66 182.75 182.84 182.94 183.03 183.16 183.25 183.38 183.50 183.66 183.84 184.06 184.47 184.91 185.38 185.94 186.44 186.84 187.06 187.25 187.44 187.66 187.84 188.03 188.25 188.44 188.66 188.88 189.09 189.34 189.59 189.84 190.09 190.34 190.56 190.81 191.06 191.28 191.53 191.81 192.09 192.41 192.75 193.09 193.44 193.78 194.06 194.31 194.66 195.03 195.41 195.78 196.16 196.50 196.88 197.22 197.56 197.88 198.19 198.47
181.50 181.56 181.66 181.75 181.84 182.00 182.16 182.28 182.38 182.47 182.56 182.66 182.75 182.84 182.94 183.06 183.16 183.28 183.38 183.53 183.66 183.84 184.09 184.47 184.88 185.44 185.97 186.53 186.88 187.09 187.25 187.44 187.62 187.81 188.00 188.19 188.41 188.59 188.81 189.03 189.25 189.50 189.75 190.00 190.22 190.47 190.72 190.97 191.22 191.47 191.72 192.00 192.31 192.62 192.94 193.25 193.56 193.88 194.16 194.47 194.81 195.19 195.44 195.69 195.97 196.22 196.53 196.94 197.34 197.78 198.22
181.44 181.53 181.62 181.72 181.81 181.97 182.12 182.25 182.34 182.47 182.56 182.66 182.75 182.84 182.94 183.06 183.16 183.28 183.41 183.53 183.69 183.84 184.12 184.50 184.91 185.44 186.03 186.59 186.91 187.09 187.25 187.41 187.59 187.78 187.97 188.16 188.34 188.53 188.72 188.94 189.16 189.41 189.62 189.88 190.12 190.38 190.62 190.88 191.12 191.38 191.66 191.91 192.19 192.50 192.78 193.09 193.41 193.72 194.03 194.34 194.66 195.00 195.28 195.53 195.81 196.06 196.34 196.59 196.88 197.12 197.44
181.38 181.47 181.56 181.69 181.78 181.94 182.12 182.25 182.34 182.44 182.53 182.66 182.75 182.84 182.94 183.06 183.16 183.28 183.41 183.53 183.69 183.88 184.16 184.53 184.91 185.44 186.06 186.66 186.91 187.09 187.25 187.41 187.56 187.75 187.91 188.09 188.28 188.47 188.66 188.84 189.06 189.28 189.53 189.78 190.03 190.31 190.56 190.81 191.06 191.31 191.56 191.81 192.09 192.38 192.66 192.97 193.25 193.56 193.88 194.19 194.50 194.81 195.12 195.38 195.66 195.94 196.19 196.47 196.72 197.00 197.28
181.31 181.41 181.53 181.62 181.75 181.91 182.09 182.22 182.31 182.44 182.53 182.62 182.72 182.84 182.94 183.03 183.16 183.28 183.41 183.53 183.69 183.88 184.19 184.50 184.88 185.44 186.09 186.66 186.91 187.06 187.22 187.38 187.53 187.69 187.88 188.03 188.22 188.38 188.56 188.75 188.97 189.19 189.41 189.66 189.94 190.22 190.47 190.72 190.97 191.22 191.47 191.72 192.00 192.25 192.53 192.81 193.12 193.41 193.72 194.03 194.31 194.62 194.94 195.22 195.50 195.78 196.03 196.31 196.59 196.88 197.16
