everonasctiles/Tile25,48.asc
ncols 128
nrows 128
xllcorner 0
yllcorner 0
cellsize 2.0
NODATA_value  -9999
[rows 90 to 119 of 128, columns 0 to 68 of 128]
-101.50 -101.53 -101.53 -101.56 -101.56 -101.56 -101.53 -101.47 -101.41 -101.34 -101.25 -101.22 -101.19 -101.19 -101.16 -101.16 -101.12 -101.12 -101.09 -101.06 -101.06 -101.03 -101.03 -101.06 -101.12 -101.19 -101.22 -101.28 -101.28 -101.28 -101.25 -101.22 -101.19 -101.12 -101.09 -101.03 -101.00 -100.97 -100.94 -100.91 -100.91 -100.91 -100.88 -100.88 -100.88 -100.88 -100.88 -100.84 -100.84 -100.78 -100.69 -100.56 -100.44 -100.25 -100.09 -99.91 -99.72 -99.56 -99.44 -99.28 -99.16 -99.00 -98.84 -98.66 -98.44 -98.19 -97.94 -97.66 -97.38
-101.38 -101.41 -101.44 -101.44 -101.47 -101.44 -101.44 -101.38 -101.31 -101.22 -101.12 -101.06 -101.00 -100.97 -100.94 -100.94 -100.91 -100.91 -100.88 -100.84 -100.84 -100.84 -100.84 -100.91 -100.97 -101.06 -101.12 -101.19 -101.22 -101.22 -101.22 -101.19 -101.16 -101.09 -101.06 -101.03 -100.97 -100.94 -100.91 -100.88 -100.88 -100.84 -100.81 -100.81 -100.78 -100.75 -100.75 -100.75 -100.72 -100.66 -100.59 -100.47 -100.31 -100.12 -99.94 -99.72 -99.53 -99.38 -99.22 -99.06 -98.94 -98.81 -98.66 -98.47 -98.28 -98.06 -97.81 -97.53 -97.25
-101.25 -101.25 -101.28 -101.31 -101.31 -101.31 -101.28 -101.25 -101.19 -101.09 -100.97 -100.88 -100.81 -100.75 -100.72 -100.72 -100.69 -100.69 -100.66 -100.62 -100.62 -100.62 -100.69 -100.75 -100.84 -100.94 -101.00 -101.06 -101.12 -101.16 -101.16 -101.16 -101.12 -101.09 -101.06 -101.00 -100.97 -100.94 -100.91 -100.88 -100.84 -100.78 -100.75 -100.72 -100.69 -100.66 -100.62 -100.62 -100.59 -100.53 -100.44 -100.34 -100.19 -100.00 -99.78 -99.56 -99.34 -99.12 -98.97 -98.81 -98.69 -98.56 -98.41 -98.25 -98.03 -97.81 -97.59 -97.31 -97.06
-101.09 -101.09 -101.12 -101.12 -101.12 -101.12 -101.09 -101.06 -101.00 -100.94 -100.81 -100.69 -100.59 -100.53 -100.47 -100.47 -100.44 -100.44 -100.41 -100.41 -100.41 -100.44 -100.50 -100.59 -100.69 -100.78 -100.88 -100.97 -101.03 -101.06 -101.09 -101.09 -101.09 -101.06 -101.03 -101.00 -100.97 -100.94 -100.91 -100.84 -100.81 -100.75 -100.69 -100.66 -100.59 -100.53 -100.50 -100.47 -100.41 -100.38 -100.28 -100.19 -100.03 -99.84 -99.62 -99.38 -99.12 -98.91 -98.72 -98.53 -98.38 -98.25 -98.12 -97.97 -97.75 -97.53 -97.28 -97.03 -96.78
-100.91 -100.94 -100.94 -100.94 -100.94 -100.94 -100.91 -100.88 -100.81 -100.75 -100.66 -100.53 -100.41 -100.28 -100.22 -100.19 -100.19 -100.19 -100.19 -100.19 -100.19 -100.22 -100.31 -100.41 -100.53 -100.62 -100.72 -100.81 -100.91 -100.97 -101.00 -101.03 -101.06 -101.06 -101.03 -101.00 -101.00 -100.94 -100.91 -100.84 -100.78 -100.72 -100.66 -100.56 -100.50 -100.44 -100.38 -100.31 -100.25 -100.19 -100.09 -100.00 -99.88 -99.69 -99.47 -99.22 -98.97 -98.69 -98.44 -98.25 -98.06 -97.94 -97.78 -97.62 -97.44 -97.19 -96.94 -96.69 -96.41
-100.72 -100.75 -100.75 -100.75 -100.75 -100.72 -100.69 -100.66 -100.59 -100.53 -100.44 -100.31 -100.19 -100.06 -100.00 -99.94 -99.94 -99.94 -99.94 -99.94 -99.97 -100.03 -100.12 -100.22 -100.34 -100.47 -100.56 -100.66 -100.75 -100.84 -100.91 -100.97 -101.00 -101.03 -101.03 -101.00 -100.97 -100.94 -100.88 -100.81 -100.75 -100.66 -100.59 -100.50 -100.44 -100.34 -100.25 -100.16 -100.06 -99.97 -99.91 -99.81 -99.72 -99.53 -99.31 -99.06 -98.78 -98.50 -98.22 -97.97 -97.75 -97.59 -97.44 -97.25 -97.06 -96.81 -96.56 -96.28 -96.00
-100.53 -100.53 -100.56 -100.53 -100.53 -100.50 -100.47 -100.44 -100.38 -100.31 -100.22 -100.12 -99.97 -99.84 -99.75 -99.69 -99.69 -99.69 -99.69 -99.72 -99.75 -99.81 -99.94 -100.03 -100.16 -100.28 -100.41 -100.50 -100.59 -100.69 -100.75 -100.84 -100.91 -100.94 -100.97 -100.94 -100.94 -100.91 -100.84 -100.78 -100.69 -100.62 -100.53 -100.44 -100.34 -100.22 -100.12 -100.00 -99.88 -99.78 -99.69 -99.59 -99.53 -99.38 -99.16 -98.91 -98.62 -98.34 -98.03 -97.75 -97.47 -97.25 -97.06 -96.88 -96.69 -96.41 -96.16 -95.84 -95.56
-100.31 -100.34 -100.34 -100.34 -100.31 -100.28 -100.25 -100.19 -100.16 -100.09 -100.00 -99.88 -99.78 -99.62 -99.53 -99.44 -99.44 -99.44 -99.44 -99.50 -99.53 -99.62 -99.72 -99.84 -99.97 -100.09 -100.19 -100.28 -100.41 -100.50 -100.59 -100.69 -100.78 -100.84 -100.88 -100.88 -100.84 -100.81 -100.78 -100.72 -100.62 -100.53 -100.44 -100.34 -100.25 -100.12 -99.97 -99.84 -99.69 -99.56 -99.44 -99.38 -99.31 -99.19 -98.97 -98.72 -98.44 -98.16 -97.84 -97.53 -97.22 -96.94 -96.69 -96.50 -96.28 -96.03 -95.72 -95.41 -95.12
-100.09 -100.12 -100.12 -100.12 -100.09 -100.06 -100.03 -99.97 -99.94 -99.88 -99.78 -99.66 -99.53 -99.41 -99.31 -99.22 -99.19 -99.19 -99.22 -99.25 -99.31 -99.41 -99.50 -99.62 -99.75 -99.84 -99.97 -100.06 -100.19 -100.28 -100.41 -100.50 -100.59 -100.69 -100.72 -100.75 -100.75 -100.75 -100.69 -100.62 -100.53 -100.44 -100.34 -100.25 -100.12 -100.00 -99.84 -99.69 -99.50 -99.34 -99.22 -99.12 -99.06 -98.94 -98.78 -98.53 -98.25 -97.94 -97.62 -97.31 -96.97 -96.66 -96.34 -96.09 -95.88 -95.62 -95.31 -94.97 -94.66
-99.88 -99.91 -99.91 -99.91 -99.91 -99.88 -99.81 -99.78 -99.72 -99.66 -99.56 -99.44 -99.31 -99.19 -99.09 -99.00 -98.94 -98.94 -98.97 -99.03 -99.12 -99.19 -99.28 -99.41 -99.50 -99.59 -99.72 -99.81 -99.94 -100.06 -100.19 -100.28 -100.41 -100.50 -100.56 -100.59 -100.62 -100.62 -100.59 -100.53 -100.44 -100.34 -100.25 -100.12 -99.97 -99.84 -99.69 -99.50 -99.31 -99.16 -99.00 -98.88 -98.78 -98.69 -98.53 -98.31 -98.00 -97.69 -97.38 -97.06 -96.72 -96.41 -96.06 -95.75 -95.47 -95.22 -94.91 -94.56 -94.22
-99.59 -99.66 -99.69 -99.72 -99.69 -99.69 -99.66 -99.59 -99.53 -99.47 -99.38 -99.25 -99.12 -99.00 -98.88 -98.78 -98.72 -98.72 -98.75 -98.81 -98.88 -98.97 -99.06 -99.16 -99.25 -99.31 -99.44 -99.53 -99.66 -99.78 -99.91 -100.03 -100.16 -100.25 -100.34 -100.44 -100.47 -100.50 -100.47 -100.44 -100.34 -100.25 -100.12 -100.00 -99.84 -99.69 -99.50 -99.31 -99.12 -98.94 -98.75 -98.62 -98.50 -98.41 -98.25 -98.06 -97.78 -97.47 -97.12 -96.78 -96.44 -96.12 -95.78 -95.44 -95.09 -94.81 -94.53 -94.19 -93.81
-99.31 -99.41 -99.47 -99.50 -99.53 -99.50 -99.47 -99.44 -99.38 -99.31 -99.22 -99.09 -98.94 -98.81 -98.66 -98.56 -98.50 -98.47 -98.53 -98.59 -98.66 -98.72 -98.81 -98.88 -98.94 -99.03 -99.12 -99.22 -99.34 -99.50 -99.62 -99.75 -99.88 -100.00 -100.12 -100.22 -100.28 -100.34 -100.34 -100.31 -100.22 -100.12 -100.03 -99.88 -99.72 -99.53 -99.34 -99.16 -98.94 -98.75 -98.53 -98.34 -98.22 -98.09 -97.94 -97.75 -97.50 -97.22 -96.88 -96.53 -96.16 -95.81 -95.47 -95.12 -94.78 -94.44 -94.12 -93.81 -93.44
-99.00 -99.12 -99.22 -99.28 -99.31 -99.34 -99.34 -99.31 -99.25 -99.19 -99.06 -98.94 -98.78 -98.66 -98.50 -98.38 -98.28 -98.25 -98.28 -98.34 -98.41 -98.47 -98.53 -98.59 -98.66 -98.72 -98.78 -98.91 -99.03 -99.16 -99.28 -99.41 -99.56 -99.69 -99.84 -99.97 -100.06 -100.12 -100.19 -100.16 -100.12 -100.03 -99.91 -99.78 -99.62 -99.44 -99.25 -99.03 -98.78 -98.56 -98.31 -98.06 -97.91 -97.75 -97.59 -97.41 -97.19 -96.91 -96.59 -96.25 -95.91 -95.53 -95.19 -94.81 -94.44 -94.09 -93.75 -93.41 -93.03
-98.66 -98.81 -98.94 -99.03 -99.12 -99.16 -99.16 -99.16 -99.12 -99.06 -98.97 -98.84 -98.69 -98.53 -98.34 -98.22 -98.09 -98.03 -98.06 -98.09 -98.16 -98.22 -98.25 -98.28 -98.31 -98.38 -98.44 -98.56 -98.69 -98.81 -98.94 -99.06 -99.22 -99.38 -99.56 -99.69 -99.81 -99.91 -99.97 -100.00 -99.97 -99.91 -99.81 -99.69 -99.56 -99.38 -99.16 -98.94 -98.69 -98.41 -98.12 -97.84 -97.59 -97.41 -97.25 -97.03 -96.81 -96.56 -96.28 -95.97 -95.62 -95.25 -94.88 -94.50 -94.12 -93.75 -93.38 -93.00 -92.66
-98.28 -98.47 -98.62 -98.78 -98.88 -98.94 -99.00 -99.00 -99.00 -98.94 -98.88 -98.72 -98.59 -98.41 -98.25 -98.09 -97.94 -97.84 -97.84 -97.84 -97.91 -97.94 -97.97 -97.97 -98.00 -98.03 -98.09 -98.22 -98.31 -98.44 -98.56 -98.69 -98.88 -99.06 -99.25 -99.41 -99.56 -99.66 -99.75 -99.78 -99.78 -99.75 -99.69 -99.59 -99.47 -99.31 -99.12 -98.88 -98.62 -98.34 -98.03 -97.69 -97.38 -97.09 -96.88 -96.69 -96.44 -96.19 -95.91 -95.62 -95.31 -94.94 -94.56 -94.16 -93.78 -93.38 -93.00 -92.59 -92.25
-97.88 -98.12 -98.31 -98.47 -98.59 -98.72 -98.78 -98.81 -98.84 -98.81 -98.75 -98.62 -98.47 -98.31 -98.16 -97.97 -97.81 -97.69 -97.62 -97.62 -97.62 -97.66 -97.69 -97.66 -97.66 -97.66 -97.75 -97.84 -97.97 -98.06 -98.16 -98.31 -98.53 -98.75 -98.94 -99.12 -99.25 -99.38 -99.47 -99.53 -99.56 -99.56 -99.53 -99.47 -99.38 -99.22 -99.03 -98.81 -98.56 -98.25 -97.94 -97.59 -97.25 -96.88 -96.56 -96.31 -96.09 -95.81 -95.53 -95.22 -94.91 -94.59 -94.22 -93.81 -93.41 -93.03 -92.62 -92.22 -91.84
-97.50 -97.75 -97.97 -98.16 -98.31 -98.44 -98.56 -98.62 -98.66 -98.66 -98.59 -98.50 -98.38 -98.22 -98.06 -97.91 -97.72 -97.56 -97.44 -97.41 -97.38 -97.38 -97.38 -97.34 -97.31 -97.31 -97.38 -97.50 -97.59 -97.69 -97.78 -97.94 -98.19 -98.41 -98.62 -98.78 -98.91 -99.03 -99.16 -99.25 -99.31 -99.31 -99.31 -99.25 -99.19 -99.06 -98.91 -98.72 -98.47 -98.19 -97.88 -97.53 -97.16 -96.78 -96.38 -96.03 -95.75 -95.47 -95.16 -94.84 -94.50 -94.19 -93.84 -93.47 -93.06 -92.66 -92.25 -91.84 -91.47
-97.09 -97.38 -97.62 -97.81 -98.03 -98.19 -98.31 -98.41 -98.44 -98.47 -98.44 -98.34 -98.25 -98.12 -97.97 -97.81 -97.62 -97.47 -97.31 -97.19 -97.12 -97.09 -97.06 -97.03 -96.97 -96.97 -97.03 -97.12 -97.22 -97.31 -97.41 -97.62 -97.84 -98.06 -98.25 -98.41 -98.53 -98.66 -98.78 -98.91 -98.97 -99.03 -99.03 -99.00 -98.94 -98.84 -98.72 -98.56 -98.31 -98.06 -97.78 -97.44 -97.09 -96.69 -96.31 -95.91 -95.53 -95.19 -94.84 -94.47 -94.12 -93.78 -93.44 -93.09 -92.72 -92.28 -91.78 -91.31 -90.97
-96.66 -96.97 -97.25 -97.50 -97.72 -97.91 -98.06 -98.16 -98.22 -98.25 -98.25 -98.19 -98.09 -97.97 -97.84 -97.72 -97.56 -97.38 -97.19 -97.03 -96.91 -96.84 -96.78 -96.72 -96.66 -96.62 -96.69 -96.78 -96.88 -96.97 -97.09 -97.28 -97.47 -97.69 -97.84 -97.97 -98.12 -98.28 -98.41 -98.50 -98.59 -98.66 -98.69 -98.69 -98.66 -98.56 -98.47 -98.31 -98.12 -97.91 -97.62 -97.31 -96.97 -96.59 -96.19 -95.78 -95.34 -94.94 -94.56 -94.19 -93.78 -93.44 -93.06 -92.69 -92.31 -91.91 -91.31 -90.81 -90.50
-96.25 -96.56 -96.88 -97.16 -97.41 -97.62 -97.81 -97.94 -98.00 -98.06 -98.03 -98.00 -97.94 -97.84 -97.72 -97.59 -97.44 -97.28 -97.09 -96.91 -96.75 -96.59 -96.50 -96.41 -96.34 -96.31 -96.34 -96.44 -96.53 -96.62 -96.75 -96.94 -97.09 -97.25 -97.41 -97.56 -97.69 -97.84 -97.97 -98.09 -98.19 -98.25 -98.31 -98.31 -98.31 -98.25 -98.16 -98.03 -97.88 -97.69 -97.41 -97.12 -96.78 -96.44 -96.03 -95.59 -95.16 -94.72 -94.28 -93.88 -93.50 -93.09 -92.72 -92.34 -91.97 -91.56 -90.97 -90.50 -90.19
-95.66 -96.06 -96.47 -96.84 -97.12 -97.34 -97.53 -97.69 -97.78 -97.84 -97.84 -97.81 -97.75 -97.69 -97.56 -97.47 -97.31 -97.16 -96.97 -96.75 -96.56 -96.41 -96.25 -96.16 -96.06 -96.00 -96.03 -96.09 -96.19 -96.31 -96.44 -96.56 -96.69 -96.84 -96.97 -97.09 -97.25 -97.38 -97.50 -97.59 -97.72 -97.81 -97.88 -97.91 -97.91 -97.88 -97.81 -97.72 -97.59 -97.41 -97.16 -96.88 -96.56 -96.19 -95.81 -95.38 -94.94 -94.47 -94.03 -93.59 -93.19 -92.81 -92.44 -92.06 -91.69 -91.31 -90.84 -90.34 -90.12
-95.19 -95.69 -96.16 -96.53 -96.84 -97.09 -97.28 -97.44 -97.56 -97.66 -97.69 -97.66 -97.59 -97.50 -97.41 -97.31 -97.16 -97.00 -96.81 -96.59 -96.41 -96.22 -96.03 -95.91 -95.78 -95.72 -95.72 -95.78 -95.88 -95.97 -96.06 -96.19 -96.28 -96.41 -96.50 -96.66 -96.78 -96.88 -97.00 -97.09 -97.22 -97.31 -97.41 -97.47 -97.47 -97.44 -97.44 -97.38 -97.28 -97.09 -96.88 -96.59 -96.28 -95.94 -95.56 -95.12 -94.69 -94.22 -93.78 -93.31 -92.91 -92.53 -92.19 -91.81 -91.47 -91.16 -90.78 -90.31 -90.12
-95.16 -95.56 -95.97 -96.31 -96.59 -96.84 -97.06 -97.25 -97.38 -97.47 -97.50 -97.47 -97.41 -97.34 -97.22 -97.12 -96.97 -96.81 -96.62 -96.44 -96.22 -96.00 -95.81 -95.66 -95.53 -95.44 -95.44 -95.47 -95.53 -95.62 -95.72 -95.78 -95.88 -95.97 -96.06 -96.16 -96.28 -96.38 -96.50 -96.59 -96.69 -96.81 -96.91 -96.97 -97.00 -97.03 -97.03 -97.03 -96.94 -96.78 -96.56 -96.31 -96.00 -95.66 -95.28 -94.88 -94.47 -94.03 -93.56 -93.12 -92.72 -92.34 -91.97 -91.62 -91.31 -91.00 -90.66 -90.22 -90.16
-95.19 -95.53 -95.84 -96.16 -96.41 -96.62 -96.84 -97.03 -97.19 -97.28 -97.31 -97.31 -97.25 -97.16 -97.03 -96.91 -96.75 -96.59 -96.41 -96.22 -96.00 -95.81 -95.59 -95.44 -95.31 -95.19 -95.16 -95.16 -95.22 -95.28 -95.34 -95.41 -95.44 -95.53 -95.59 -95.69 -95.78 -95.88 -95.97 -96.06 -96.19 -96.31 -96.44 -96.50 -96.53 -96.59 -96.62 -96.62 -96.56 -96.44 -96.25 -96.03 -95.75 -95.41 -95.06 -94.66 -94.25 -93.84 -93.44 -93.00 -92.59 -92.22 -91.84 -91.50 -91.19 -90.84 -90.38 -90.06 -90.19
-95.16 -95.47 -95.75 -95.97 -96.19 -96.41 -96.59 -96.81 -96.97 -97.06 -97.12 -97.09 -97.03 -96.94 -96.81 -96.69 -96.53 -96.38 -96.19 -96.00 -95.78 -95.59 -95.38 -95.22 -95.06 -94.97 -94.88 -94.88 -94.91 -94.94 -94.97 -95.03 -95.06 -95.12 -95.19 -95.25 -95.34 -95.41 -95.50 -95.59 -95.72 -95.88 -95.97 -96.03 -96.09 -96.16 -96.22 -96.25 -96.19 -96.09 -95.94 -95.72 -95.47 -95.16 -94.81 -94.47 -94.09 -93.69 -93.31 -92.91 -92.50 -92.12 -91.78 -91.41 -91.00 -90.56 -90.16 -90.03 -90.28
-95.06 -95.31 -95.56 -95.78 -95.97 -96.16 -96.38 -96.56 -96.72 -96.81 -96.84 -96.84 -96.78 -96.69 -96.59 -96.44 -96.28 -96.12 -95.94 -95.75 -95.56 -95.34 -95.16 -95.00 -94.88 -94.75 -94.66 -94.62 -94.62 -94.62 -94.66 -94.69 -94.69 -94.72 -94.72 -94.78 -94.88 -94.97 -95.06 -95.12 -95.22 -95.38 -95.47 -95.56 -95.66 -95.75 -95.81 -95.84 -95.81 -95.72 -95.59 -95.41 -95.16 -94.91 -94.59 -94.25 -93.91 -93.56 -93.19 -92.81 -92.44 -92.09 -91.72 -91.31 -90.88 -90.44 -90.16 -90.22 -90.44
-94.84 -95.09 -95.31 -95.50 -95.69 -95.91 -96.12 -96.31 -96.47 -96.53 -96.56 -96.53 -96.50 -96.44 -96.34 -96.19 -96.03 -95.88 -95.69 -95.50 -95.31 -95.12 -94.94 -94.78 -94.66 -94.53 -94.47 -94.41 -94.38 -94.38 -94.38 -94.38 -94.34 -94.34 -94.34 -94.38 -94.47 -94.53 -94.59 -94.59 -94.59 -94.66 -94.81 -95.03 -95.25 -95.38 -95.44 -95.47 -95.44 -95.38 -95.25 -95.09 -94.88 -94.66 -94.38 -94.06 -93.75 -93.44 -93.09 -92.75 -92.41 -92.09 -91.75 -91.41 -91.03 -90.62 -90.41 -90.50 -90.66
-94.59 -94.81 -95.03 -95.22 -95.41 -95.66 -95.88 -96.06 -96.16 -96.22 -96.22 -96.19 -96.19 -96.12 -96.06 -95.94 -95.81 -95.62 -95.44 -95.25 -95.06 -94.88 -94.72 -94.56 -94.44 -94.34 -94.28 -94.25 -94.22 -94.19 -94.19 -94.16 -94.12 -94.09 -94.06 -94.09 -94.16 -94.19 -94.16 -94.09 -94.03 -94.09 -94.28 -94.59 -94.88 -95.03 -95.09 -95.12 -95.09 -95.03 -94.94 -94.78 -94.59 -94.41 -94.19 -93.94 -93.69 -93.41 -93.12 -92.81 -92.50 -92.19 -91.91 -91.62 -91.31 -90.94 -90.75 -90.81 -90.91
-94.28 -94.50 -94.69 -94.91 -95.12 -95.38 -95.59 -95.75 -95.84 -95.84 -95.84 -95.84 -95.84 -95.84 -95.78 -95.69 -95.56 -95.41 -95.22 -95.03 -94.84 -94.69 -94.50 -94.38 -94.25 -94.19 -94.16 -94.12 -94.09 -94.09 -94.06 -94.06 -94.03 -94.03 -94.06 -94.06 -94.06 -94.06 -94.00 -93.88 -93.78 -93.84 -94.06 -94.34 -94.59 -94.75 -94.81 -94.84 -94.81 -94.72 -94.62 -94.50 -94.38 -94.25 -94.12 -93.97 -93.75 -93.50 -93.25 -92.97 -92.66 -92.34 -92.06 -91.78 -91.53 -91.25 -91.09 -91.09 -91.12
-93.94 -94.16 -94.38 -94.59 -94.84 -95.09 -95.28 -95.41 -95.47 -95.47 -95.47 -95.47 -95.50 -95.53 -95.50 -95.44 -95.34 -95.19 -95.00 -94.81 -94.66 -94.50 -94.34 -94.19 -94.12 -94.06 -94.03 -94.03 -94.06 -94.06 -94.06 -94.09 -94.09 -94.09 -94.12 -94.12 -94.12 -94.12 -94.09 -94.06 -94.00 -94.03 -94.19 -94.38 -94.53 -94.62 -94.69 -94.69 -94.66 -94.62 -94.56 -94.47 -94.41 -94.31 -94.22 -94.06 -93.88 -93.66 -93.41 -93.12 -92.84 -92.53 -92.25 -91.97 -91.72 -91.50 -91.38 -91.38 -91.38
