everonasctiles/Tile[24,15].asc
ncols 128
nrows 128
xllcorner 0
yllcorner 0
cellsize 2.0
NODATA_value  -9999
[rows 0 to 31 of 128, columns 0 to 70 of 128]
-11.97 -11.94 -11.94 -11.88 -11.84 -11.81 -11.75 -11.69 -11.62 -11.53 -11.47 -11.38 -11.28 -11.19 -11.09 -10.97 -10.88 -10.78 -10.69 -10.59 -10.47 -10.38 -10.31 -10.22 -10.12 -10.06 -10.00 -9.94 -9.91 -9.88 -9.81 -9.81 -9.78 -9.78 -9.75 -9.75 -9.75 -9.75 -9.78 -9.78 -9.78 -9.81 -9.84 -9.88 -9.94 -10.09 -10.28 -10.53 -10.78 -11.09 -11.41 -11.72 -12.06 -12.34 -12.66 -12.94 -13.19 -13.41 -13.62 -13.81 -13.97 -14.12 -14.25 -14.31 -14.41 -14.44 -14.47 -14.47 -14.44 -14.38 -14.31
-11.97 -11.94 -11.94 -11.88 -11.84 -11.81 -11.75 -11.69 -11.62 -11.53 -11.47 -11.38 -11.28 -11.19 -11.09 -11.00 -10.88 -10.78 -10.69 -10.59 -10.50 -10.41 -10.31 -10.22 -10.16 -10.09 -10.03 -9.97 -9.91 -9.88 -9.84 -9.81 -9.81 -9.78 -9.78 -9.78 -9.78 -9.78 -9.81 -9.81 -9.84 -9.88 -9.91 -9.97 -10.06 -10.22 -10.44 -10.72 -11.03 -11.34 -11.69 -12.06 -12.38 -12.72 -13.00 -13.31 -13.56 -13.81 -14.00 -14.22 -14.38 -14.50 -14.62 -14.72 -14.78 -14.81 -14.84 -14.81 -14.78 -14.75 -14.66
-11.97 -11.94 -11.94 -11.88 -11.84 -11.81 -11.75 -11.69 -11.59 -11.53 -11.47 -11.38 -11.28 -11.19 -11.09 -11.00 -10.91 -10.81 -10.69 -10.59 -10.50 -10.41 -10.34 -10.25 -10.19 -10.09 -10.03 -9.97 -9.94 -9.91 -9.88 -9.84 -9.81 -9.81 -9.81 -9.81 -9.81 -9.81 -9.84 -9.84 -9.88 -9.91 -9.97 -10.06 -10.16 -10.34 -10.59 -10.91 -11.25 -11.62 -12.00 -12.34 -12.72 -13.03 -13.38 -13.66 -13.94 -14.16 -14.38 -14.56 -14.72 -14.88 -14.97 -15.06 -15.09 -15.12 -15.16 -15.12 -15.09 -15.03 -14.97
-11.97 -11.97 -11.94 -11.88 -11.84 -11.78 -11.75 -11.69 -11.59 -11.53 -11.47 -11.38 -11.28 -11.19 -11.09 -11.00 -10.91 -10.81 -10.72 -10.62 -10.53 -10.44 -10.34 -10.28 -10.19 -10.12 -10.06 -10.00 -9.94 -9.91 -9.88 -9.84 -9.84 -9.84 -9.81 -9.81 -9.84 -9.84 -9.88 -9.91 -9.94 -9.97 -10.06 -10.16 -10.28 -10.50 -10.78 -11.12 -11.47 -11.88 -12.25 -12.66 -13.00 -13.34 -13.69 -13.97 -14.25 -14.50 -14.72 -14.88 -15.03 -15.16 -15.25 -15.34 -15.38 -15.41 -15.41 -15.41 -15.38 -15.31 -15.25
-11.97 -11.97 -11.94 -11.88 -11.84 -11.78 -11.75 -11.69 -11.59 -11.53 -11.47 -11.38 -11.28 -11.19 -11.09 -11.00 -10.91 -10.81 -10.72 -10.62 -10.53 -10.44 -10.38 -10.28 -10.22 -10.16 -10.09 -10.03 -9.97 -9.94 -9.91 -9.88 -9.88 -9.84 -9.84 -9.84 -9.88 -9.88 -9.91 -9.94 -10.00 -10.03 -10.12 -10.25 -10.41 -10.66 -10.94 -11.31 -11.69 -12.09 -12.50 -12.91 -13.28 -13.66 -13.97 -14.28 -14.53 -14.78 -14.97 -15.16 -15.31 -15.44 -15.53 -15.59 -15.62 -15.66 -15.66 -15.66 -15.62 -15.56 -15.50
-11.97 -11.94 -11.94 -11.88 -11.84 -11.78 -11.75 -11.69 -11.59 -11.53 -11.44 -11.38 -11.28 -11.19 -11.09 -11.00 -10.94 -10.84 -10.75 -10.66 -10.56 -10.47 -10.38 -10.31 -10.22 -10.16 -10.09 -10.03 -10.00 -9.97 -9.91 -9.91 -9.88 -9.88 -9.88 -9.88 -9.91 -9.91 -9.94 -10.00 -10.03 -10.12 -10.22 -10.34 -10.53 -10.78 -11.09 -11.47 -11.91 -12.31 -12.75 -13.16 -13.53 -13.91 -14.22 -14.53 -14.78 -15.03 -15.22 -15.41 -15.53 -15.66 -15.75 -15.81 -15.88 -15.88 -15.91 -15.88 -15.84 -15.81 -15.75
-11.97 -11.94 -11.91 -11.88 -11.84 -11.78 -11.72 -11.66 -11.59 -11.53 -11.44 -11.38 -11.28 -11.19 -11.12 -11.03 -10.94 -10.84 -10.75 -10.66 -10.56 -10.47 -10.41 -10.31 -10.25 -10.19 -10.12 -10.06 -10.03 -9.97 -9.94 -9.94 -9.91 -9.91 -9.91 -9.91 -9.94 -9.97 -10.00 -10.03 -10.09 -10.19 -10.28 -10.44 -10.66 -10.91 -11.25 -11.66 -12.09 -12.53 -12.97 -13.38 -13.78 -14.12 -14.44 -14.75 -15.00 -15.22 -15.44 -15.59 -15.75 -15.84 -15.94 -16.00 -16.06 -16.09 -16.09 -16.06 -16.06 -16.00 -15.94
-11.97 -11.94 -11.91 -11.88 -11.84 -11.78 -11.72 -11.66 -11.59 -11.53 -11.44 -11.38 -11.28 -11.19 -11.12 -11.03 -10.94 -10.84 -10.75 -10.66 -10.59 -10.50 -10.41 -10.34 -10.28 -10.22 -10.16 -10.09 -10.03 -10.00 -9.97 -9.94 -9.94 -9.94 -9.94 -9.94 -9.97 -10.00 -10.03 -10.09 -10.16 -10.25 -10.38 -10.56 -10.78 -11.06 -11.41 -11.81 -12.28 -12.72 -13.16 -13.56 -13.94 -14.28 -14.59 -14.91 -15.16 -15.38 -15.56 -15.75 -15.88 -16.00 -16.09 -16.16 -16.22 -16.25 -16.25 -16.25 -16.22 -16.19 -16.12
-11.97 -11.94 -11.91 -11.88 -11.81 -11.78 -11.72 -11.66 -11.59 -11.53 -11.44 -11.38 -11.28 -11.22 -11.12 -11.03 -10.94 -10.84 -10.78 -10.69 -10.59 -10.50 -10.44 -10.38 -10.28 -10.22 -10.16 -10.12 -10.06 -10.03 -10.00 -9.97 -9.97 -9.97 -9.97 -10.00 -10.00 -10.03 -10.09 -10.16 -10.25 -10.34 -10.50 -10.69 -10.94 -11.25 -11.59 -12.00 -12.47 -12.91 -13.31 -13.69 -14.06 -14.41 -14.72 -15.00 -15.25 -15.47 -15.66 -15.84 -16.00 -16.12 -16.22 -16.28 -16.34 -16.38 -16.41 -16.41 -16.38 -16.34 -16.31
-11.97 -11.94 -11.91 -11.88 -11.81 -11.78 -11.72 -11.66 -11.59 -11.53 -11.44 -11.38 -11.28 -11.22 -11.12 -11.03 -10.94 -10.88 -10.78 -10.69 -10.62 -10.53 -10.44 -10.38 -10.31 -10.25 -10.19 -10.12 -10.09 -10.06 -10.03 -10.00 -10.00 -10.00 -10.00 -10.03 -10.06 -10.09 -10.16 -10.22 -10.31 -10.47 -10.66 -10.88 -11.12 -11.44 -11.78 -12.19 -12.59 -13.03 -13.41 -13.78 -14.12 -14.47 -14.75 -15.03 -15.28 -15.50 -15.72 -15.88 -16.03 -16.19 -16.28 -16.38 -16.44 -16.47 -16.50 -16.53 -16.50 -16.50 -16.47
-11.97 -11.94 -11.91 -11.88 -11.81 -11.78 -11.72 -11.66 -11.59 -11.53 -11.44 -11.38 -11.28 -11.22 -11.12 -11.03 -10.97 -10.88 -10.78 -10.72 -10.62 -10.53 -10.47 -10.41 -10.34 -10.28 -10.22 -10.16 -10.12 -10.09 -10.06 -10.03 -10.03 -10.03 -10.03 -10.06 -10.09 -10.16 -10.25 -10.34 -10.47 -10.62 -10.81 -11.03 -11.31 -11.59 -11.94 -12.31 -12.72 -13.09 -13.47 -13.84 -14.16 -14.47 -14.78 -15.06 -15.28 -15.53 -15.72 -15.91 -16.06 -16.19 -16.31 -16.41 -16.47 -16.53 -16.56 -16.59 -16.59 -16.59 -16.56
-11.97 -11.94 -11.91 -11.84 -11.81 -11.75 -11.72 -11.66 -11.59 -11.50 -11.44 -11.38 -11.28 -11.22 -11.12 -11.03 -10.97 -10.88 -10.78 -10.72 -10.62 -10.56 -10.50 -10.41 -10.34 -10.28 -10.22 -10.19 -10.16 -10.12 -10.09 -10.06 -10.06 -10.06 -10.09 -10.12 -10.19 -10.25 -10.34 -10.47 -10.59 -10.75 -10.97 -11.19 -11.47 -11.75 -12.06 -12.41 -12.78 -13.16 -13.53 -13.88 -14.19 -14.50 -14.78 -15.06 -15.28 -15.53 -15.72 -15.91 -16.06 -16.19 -16.31 -16.41 -16.50 -16.56 -16.62 -16.66 -16.66 -16.66 -16.66
-11.94 -11.91 -11.88 -11.84 -11.81 -11.75 -11.69 -11.62 -11.56 -11.50 -11.44 -11.38 -11.28 -11.22 -11.12 -11.06 -10.97 -10.88 -10.81 -10.72 -10.66 -10.56 -10.50 -10.44 -10.38 -10.31 -10.25 -10.22 -10.16 -10.12 -10.12 -10.09 -10.09 -10.12 -10.16 -10.19 -10.28 -10.34 -10.44 -10.56 -10.72 -10.88 -11.09 -11.31 -11.59 -11.88 -12.19 -12.53 -12.88 -13.22 -13.56 -13.91 -14.22 -14.50 -14.78 -15.03 -15.28 -15.50 -15.72 -15.88 -16.06 -16.19 -16.31 -16.41 -16.50 -16.59 -16.62 -16.69 -16.69 -16.72 -16.72
-11.94 -11.91 -11.88 -11.84 -11.81 -11.75 -11.69 -11.62 -11.56 -11.50 -11.44 -11.38 -11.28 -11.22 -11.12 -11.06 -10.97 -10.91 -10.81 -10.75 -10.66 -10.59 -10.53 -10.44 -10.38 -10.34 -10.28 -10.22 -10.19 -10.16 -10.16 -10.16 -10.16 -10.19 -10.22 -10.28 -10.34 -10.44 -10.56 -10.69 -10.84 -11.03 -11.22 -11.47 -11.72 -12.00 -12.31 -12.62 -12.97 -13.28 -13.62 -13.94 -14.22 -14.50 -14.78 -15.03 -15.25 -15.47 -15.69 -15.88 -16.03 -16.19 -16.31 -16.41 -16.50 -16.59 -16.66 -16.69 -16.72 -16.75 -16.75
-11.94 -11.91 -11.88 -11.84 -11.78 -11.75 -11.69 -11.62 -11.56 -11.50 -11.44 -11.34 -11.28 -11.22 -11.12 -11.06 -10.97 -10.91 -10.81 -10.75 -10.66 -10.59 -10.53 -10.47 -10.41 -10.34 -10.31 -10.25 -10.22 -10.22 -10.19 -10.19 -10.22 -10.25 -10.31 -10.38 -10.44 -10.56 -10.66 -10.81 -10.97 -11.16 -11.38 -11.62 -11.88 -12.16 -12.44 -12.75 -13.03 -13.34 -13.66 -13.94 -14.22 -14.50 -14.75 -15.00 -15.25 -15.47 -15.66 -15.84 -16.00 -16.16 -16.28 -16.41 -16.50 -16.59 -16.66 -16.72 -16.75 -16.78 -16.81
-11.91 -11.91 -11.84 -11.81 -11.78 -11.72 -11.69 -11.62 -11.56 -11.50 -11.44 -11.34 -11.28 -11.22 -11.12 -11.06 -10.97 -10.91 -10.84 -10.75 -10.69 -10.62 -10.56 -10.50 -10.44 -10.38 -10.31 -10.28 -10.25 -10.25 -10.25 -10.25 -10.28 -10.34 -10.38 -10.47 -10.53 -10.66 -10.78 -10.94 -11.09 -11.31 -11.53 -11.75 -12.00 -12.28 -12.56 -12.84 -13.12 -13.41 -13.69 -13.97 -14.25 -14.50 -14.75 -15.00 -15.22 -15.44 -15.62 -15.81 -15.97 -16.12 -16.25 -16.38 -16.50 -16.59 -16.66 -16.72 -16.78 -16.81 -16.84
-11.91 -11.88 -11.84 -11.81 -11.78 -11.72 -11.66 -11.62 -11.56 -11.50 -11.44 -11.34 -11.28 -11.22 -11.12 -11.06 -10.97 -10.91 -10.84 -10.75 -10.69 -10.62 -10.56 -10.50 -10.44 -10.41 -10.34 -10.31 -10.31 -10.31 -10.31 -10.31 -10.34 -10.41 -10.47 -10.56 -10.66 -10.78 -10.91 -11.06 -11.25 -11.44 -11.66 -11.91 -12.16 -12.41 -12.66 -12.94 -13.19 -13.47 -13.75 -14.00 -14.28 -14.53 -14.75 -15.00 -15.22 -15.41 -15.62 -15.78 -15.97 -16.12 -16.25 -16.38 -16.47 -16.56 -16.66 -16.72 -16.78 -16.81 -16.84
-11.91 -11.88 -11.84 -11.81 -11.75 -11.72 -11.66 -11.59 -11.53 -11.47 -11.41 -11.34 -11.28 -11.22 -11.12 -11.06 -11.00 -10.91 -10.84 -10.78 -10.72 -10.62 -10.56 -10.53 -10.47 -10.44 -10.38 -10.38 -10.34 -10.34 -10.38 -10.41 -10.44 -10.50 -10.56 -10.66 -10.78 -10.91 -11.06 -11.22 -11.41 -11.59 -11.81 -12.03 -12.25 -12.50 -12.75 -13.00 -13.25 -13.53 -13.78 -14.03 -14.28 -14.53 -14.75 -15.00 -15.19 -15.41 -15.59 -15.78 -15.94 -16.09 -16.22 -16.34 -16.47 -16.56 -16.66 -16.72 -16.78 -16.81 -16.88
-11.91 -11.88 -11.84 -11.78 -11.75 -11.69 -11.66 -11.59 -11.53 -11.47 -11.41 -11.34 -11.28 -11.22 -11.12 -11.06 -11.00 -10.91 -10.84 -10.78 -10.72 -10.66 -10.59 -10.53 -10.50 -10.47 -10.44 -10.41 -10.41 -10.41 -10.44 -10.47 -10.50 -10.59 -10.69 -10.78 -10.91 -11.03 -11.19 -11.34 -11.53 -11.72 -11.91 -12.12 -12.38 -12.59 -12.84 -13.09 -13.31 -13.56 -13.81 -14.06 -14.31 -14.53 -14.78 -15.00 -15.19 -15.41 -15.59 -15.75 -15.91 -16.06 -16.22 -16.34 -16.44 -16.56 -16.62 -16.72 -16.78 -16.84 -16.88
-11.88 -11.84 -11.81 -11.78 -11.75 -11.69 -11.66 -11.59 -11.53 -11.47 -11.41 -11.34 -11.28 -11.22 -11.12 -11.06 -11.00 -10.94 -10.84 -10.78 -10.72 -10.66 -10.59 -10.56 -10.53 -10.50 -10.47 -10.47 -10.47 -10.47 -10.50 -10.56 -10.62 -10.69 -10.78 -10.91 -11.03 -11.16 -11.31 -11.47 -11.66 -11.84 -12.03 -12.25 -12.47 -12.69 -12.94 -13.16 -13.41 -13.62 -13.88 -14.09 -14.34 -14.56 -14.78 -15.00 -15.19 -15.38 -15.56 -15.75 -15.91 -16.06 -16.19 -16.31 -16.44 -16.53 -16.62 -16.72 -16.78 -16.84 -16.88
-11.88 -11.84 -11.81 -11.78 -11.72 -11.69 -11.62 -11.56 -11.53 -11.47 -11.41 -11.34 -11.28 -11.19 -11.12 -11.06 -11.00 -10.94 -10.84 -10.78 -10.72 -10.69 -10.62 -10.59 -10.53 -10.53 -10.50 -10.50 -10.50 -10.53 -10.59 -10.66 -10.72 -10.81 -10.91 -11.00 -11.12 -11.28 -11.44 -11.59 -11.78 -11.97 -12.16 -12.38 -12.56 -12.78 -13.00 -13.25 -13.47 -13.69 -13.91 -14.12 -14.34 -14.56 -14.78 -15.00 -15.19 -15.38 -15.56 -15.72 -15.88 -16.03 -16.19 -16.31 -16.44 -16.53 -16.62 -16.72 -16.78 -16.84 -16.91
-11.84 -11.81 -11.78 -11.75 -11.72 -11.69 -11.62 -11.56 -11.50 -11.47 -11.41 -11.34 -11.25 -11.19 -11.12 -11.06 -11.00 -10.94 -10.88 -10.81 -10.75 -10.69 -10.66 -10.59 -10.56 -10.56 -10.56 -10.56 -10.59 -10.62 -10.69 -10.75 -10.81 -10.91 -11.00 -11.12 -11.25 -11.41 -11.56 -11.72 -11.88 -12.06 -12.25 -12.47 -12.66 -12.88 -13.09 -13.31 -13.53 -13.75 -13.97 -14.16 -14.38 -14.59 -14.78 -15.00 -15.19 -15.38 -15.53 -15.72 -15.88 -16.03 -16.16 -16.28 -16.41 -16.50 -16.62 -16.69 -16.78 -16.84 -16.91
-11.84 -11.81 -11.78 -11.75 -11.72 -11.66 -11.62 -11.56 -11.50 -11.44 -11.38 -11.31 -11.25 -11.19 -11.12 -11.06 -11.00 -10.94 -10.88 -10.81 -10.75 -10.72 -10.66 -10.62 -10.62 -10.59 -10.59 -10.62 -10.66 -10.72 -10.75 -10.84 -10.91 -11.00 -11.12 -11.25 -11.38 -11.50 -11.66 -11.81 -12.00 -12.16 -12.34 -12.56 -12.75 -12.94 -13.16 -13.38 -13.56 -13.78 -14.00 -14.19 -14.41 -14.62 -14.81 -15.00 -15.19 -15.38 -15.53 -15.69 -15.84 -16.00 -16.12 -16.28 -16.38 -16.50 -16.59 -16.69 -16.78 -16.84 -16.91
-11.81 -11.81 -11.78 -11.72 -11.69 -11.66 -11.59 -11.56 -11.50 -11.44 -11.38 -11.31 -11.25 -11.19 -11.12 -11.06 -11.00 -10.94 -10.88 -10.81 -10.78 -10.72 -10.69 -10.66 -10.66 -10.66 -10.66 -10.69 -10.75 -10.78 -10.84 -10.94 -11.00 -11.12 -11.22 -11.34 -11.47 -11.62 -11.75 -11.94 -12.09 -12.25 -12.44 -12.62 -12.81 -13.03 -13.22 -13.44 -13.62 -13.84 -14.03 -14.25 -14.44 -14.62 -14.81 -15.00 -15.19 -15.38 -15.53 -15.69 -15.84 -16.00 -16.12 -16.25 -16.38 -16.47 -16.59 -16.69 -16.75 -16.84 -16.91
-11.81 -11.78 -11.75 -11.72 -11.69 -11.62 -11.59 -11.53 -11.50 -11.44 -11.38 -11.31 -11.25 -11.19 -11.12 -11.06 -11.00 -10.94 -10.88 -10.81 -10.78 -10.75 -10.72 -10.69 -10.69 -10.72 -10.72 -10.78 -10.81 -10.88 -10.94 -11.03 -11.12 -11.22 -11.31 -11.44 -11.56 -11.72 -11.88 -12.03 -12.19 -12.34 -12.53 -12.72 -12.91 -13.09 -13.28 -13.47 -13.69 -13.88 -14.06 -14.28 -14.47 -14.66 -14.84 -15.03 -15.19 -15.38 -15.53 -15.69 -15.84 -15.97 -16.12 -16.25 -16.38 -16.47 -16.56 -16.66 -16.75 -16.84 -16.91
-11.81 -11.78 -11.75 -11.72 -11.66 -11.62 -11.56 -11.53 -11.47 -11.41 -11.38 -11.31 -11.25 -11.19 -11.12 -11.06 -11.00 -10.94 -10.88 -10.84 -10.78 -10.75 -10.75 -10.75 -10.75 -10.78 -10.78 -10.84 -10.91 -10.97 -11.03 -11.12 -11.22 -11.31 -11.41 -11.53 -11.66 -11.81 -11.97 -12.12 -12.28 -12.44 -12.62 -12.78 -12.97 -13.16 -13.34 -13.53 -13.72 -13.91 -14.12 -14.31 -14.50 -14.69 -14.84 -15.03 -15.22 -15.38 -15.53 -15.69 -15.84 -15.97 -16.09 -16.22 -16.34 -16.47 -16.56 -16.66 -16.75 -16.81 -16.91
-11.78 -11.75 -11.72 -11.69 -11.66 -11.59 -11.56 -11.50 -11.47 -11.41 -11.34 -11.31 -11.25 -11.19 -11.12 -11.06 -11.00 -10.94 -10.91 -10.84 -10.81 -10.78 -10.78 -10.78 -10.81 -10.84 -10.88 -10.91 -10.97 -11.03 -11.12 -11.19 -11.28 -11.41 -11.50 -11.62 -11.75 -11.91 -12.06 -12.22 -12.38 -12.53 -12.69 -12.88 -13.06 -13.22 -13.41 -13.59 -13.78 -13.97 -14.16 -14.34 -14.53 -14.69 -14.88 -15.03 -15.22 -15.38 -15.53 -15.69 -15.84 -15.97 -16.09 -16.22 -16.34 -16.47 -16.56 -16.66 -16.75 -16.81 -16.91
-11.78 -11.75 -11.72 -11.69 -11.62 -11.59 -11.56 -11.50 -11.44 -11.41 -11.34 -11.28 -11.22 -11.19 -11.12 -11.06 -11.00 -10.94 -10.91 -10.88 -10.84 -10.81 -10.81 -10.84 -10.88 -10.91 -10.94 -11.00 -11.06 -11.12 -11.19 -11.28 -11.38 -11.50 -11.59 -11.72 -11.88 -12.00 -12.16 -12.28 -12.44 -12.62 -12.78 -12.94 -13.12 -13.28 -13.47 -13.66 -13.84 -14.00 -14.19 -14.38 -14.56 -14.72 -14.91 -15.06 -15.22 -15.38 -15.53 -15.69 -15.84 -15.97 -16.09 -16.22 -16.34 -16.44 -16.56 -16.66 -16.75 -16.81 -16.91
-11.75 -11.72 -11.69 -11.66 -11.62 -11.59 -11.53 -11.50 -11.44 -11.38 -11.34 -11.28 -11.22 -11.16 -11.12 -11.06 -11.00 -10.94 -10.91 -10.88 -10.88 -10.88 -10.88 -10.88 -10.91 -10.97 -11.00 -11.06 -11.12 -11.19 -11.28 -11.38 -11.47 -11.59 -11.69 -11.81 -11.94 -12.09 -12.22 -12.38 -12.53 -12.69 -12.84 -13.03 -13.19 -13.34 -13.53 -13.72 -13.88 -14.06 -14.22 -14.41 -14.56 -14.75 -14.91 -15.06 -15.25 -15.41 -15.53 -15.69 -15.84 -15.97 -16.09 -16.22 -16.34 -16.44 -16.56 -16.66 -16.72 -16.81 -16.88
-11.75 -11.72 -11.69 -11.66 -11.62 -11.56 -11.53 -11.47 -11.44 -11.38 -11.31 -11.28 -11.22 -11.16 -11.09 -11.06 -11.00 -10.97 -10.94 -10.91 -10.91 -10.91 -10.91 -10.94 -10.97 -11.03 -11.06 -11.12 -11.19 -11.28 -11.38 -11.47 -11.56 -11.66 -11.78 -11.91 -12.03 -12.16 -12.31 -12.47 -12.59 -12.75 -12.91 -13.09 -13.25 -13.41 -13.59 -13.75 -13.94 -14.09 -14.25 -14.44 -14.59 -14.78 -14.94 -15.09 -15.25 -15.41 -15.56 -15.69 -15.84 -15.97 -16.09 -16.22 -16.34 -16.44 -16.53 -16.62 -16.72 -16.81 -16.88
-11.72 -11.69 -11.66 -11.62 -11.59 -11.56 -11.50 -11.47 -11.41 -11.38 -11.31 -11.25 -11.22 -11.16 -11.09 -11.06 -11.00 -10.97 -10.94 -10.94 -10.94 -10.94 -10.97 -11.00 -11.03 -11.09 -11.12 -11.19 -11.28 -11.34 -11.44 -11.53 -11.62 -11.75 -11.88 -12.00 -12.12 -12.25 -12.38 -12.53 -12.69 -12.81 -12.97 -13.16 -13.31 -13.47 -13.62 -13.81 -13.97 -14.12 -14.31 -14.47 -14.62 -14.78 -14.94 -15.09 -15.25 -15.41 -15.56 -15.69 -15.84 -15.97 -16.09 -16.22 -16.31 -16.44 -16.53 -16.62 -16.72 -16.81 -16.88
-11.69 -11.69 -11.66 -11.62 -11.59 -11.53 -11.50 -11.47 -11.41 -11.34 -11.31 -11.25 -11.19 -11.16 -11.09 -11.06 -11.00 -10.97 -10.97 -10.97 -10.97 -11.00 -11.00 -11.06 -11.09 -11.16 -11.22 -11.28 -11.34 -11.44 -11.53 -11.62 -11.72 -11.81 -11.94 -12.06 -12.19 -12.31 -12.47 -12.59 -12.75 -12.91 -13.03 -13.19 -13.38 -13.53 -13.69 -13.84 -14.00 -14.16 -14.34 -14.50 -14.66 -14.81 -14.97 -15.12 -15.28 -15.44 -15.56 -15.72 -15.84 -15.97 -16.09 -16.22 -16.31 -16.44 -16.53 -16.62 -16.72 -16.81 -16.88
