everonasctiles/Tile[36,26].asc
ncols 128
nrows 128
xllcorner 0
yllcorner 0
cellsize 2.0
NODATA_value  -9999
[rows 0 to 28 of 128, columns 0 to 66 of 128]
-120.19 -120.31 -120.41 -120.47 -120.53 -120.56 -120.59 -120.62 -120.62 -120.62 -120.62 -120.56 -120.50 -120.41 -120.28 -120.19 -120.12 -120.09 -120.06 -120.06 -120.06 -120.09 -120.12 -120.25 -120.38 -120.47 -120.53 -120.56 -120.56 -120.59 -120.59 -120.53 -120.41 -120.31 -120.19 -120.09 -120.03 -119.97 -119.94 -119.91 -119.84 -119.81 -119.78 -119.78 -119.78 -119.81 -119.84 -119.88 -119.94 -120.00 -120.09 -120.19 -120.34 -120.50 -120.66 -120.81 -120.97 -121.12 -121.25 -121.38 -121.50 -121.59 -121.69 -121.78 -121.84 -121.91 -121.97
-120.31 -120.41 -120.50 -120.59 -120.66 -120.69 -120.72 -120.75 -120.75 -120.75 -120.75 -120.69 -120.62 -120.56 -120.50 -120.47 -120.44 -120.44 -120.47 -120.50 -120.53 -120.56 -120.66 -120.75 -120.84 -120.97 -121.03 -121.06 -121.09 -121.09 -121.09 -121.03 -120.94 -120.81 -120.72 -120.59 -120.53 -120.47 -120.41 -120.34 -120.28 -120.22 -120.16 -120.16 -120.12 -120.12 -120.12 -120.12 -120.12 -120.16 -120.22 -120.25 -120.34 -120.47 -120.62 -120.75 -120.91 -121.06 -121.22 -121.38 -121.53 -121.69 -121.81 -121.94 -122.03 -122.12 -122.19
-120.41 -120.53 -120.62 -120.69 -120.75 -120.78 -120.81 -120.84 -120.84 -120.84 -120.84 -120.81 -120.78 -120.72 -120.69 -120.69 -120.75 -120.78 -120.84 -120.91 -120.97 -121.03 -121.09 -121.19 -121.28 -121.41 -121.47 -121.53 -121.53 -121.56 -121.53 -121.47 -121.38 -121.28 -121.19 -121.06 -121.00 -120.91 -120.84 -120.75 -120.69 -120.59 -120.53 -120.50 -120.47 -120.44 -120.41 -120.41 -120.38 -120.38 -120.38 -120.38 -120.38 -120.41 -120.53 -120.66 -120.78 -120.97 -121.12 -121.28 -121.47 -121.66 -121.84 -122.00 -122.16 -122.28 -122.38
-120.53 -120.62 -120.69 -120.78 -120.81 -120.88 -120.91 -120.94 -120.94 -120.94 -120.94 -120.94 -120.91 -120.88 -120.88 -120.94 -121.00 -121.09 -121.19 -121.28 -121.34 -121.44 -121.50 -121.59 -121.69 -121.78 -121.84 -121.91 -121.94 -121.94 -121.94 -121.88 -121.78 -121.69 -121.59 -121.50 -121.41 -121.31 -121.22 -121.12 -121.03 -120.97 -120.88 -120.84 -120.78 -120.75 -120.72 -120.69 -120.66 -120.62 -120.59 -120.56 -120.53 -120.47 -120.44 -120.50 -120.62 -120.81 -120.97 -121.19 -121.34 -121.56 -121.75 -121.97 -122.16 -122.31 -122.47
-120.62 -120.69 -120.78 -120.84 -120.91 -120.94 -120.97 -121.00 -121.00 -121.03 -121.03 -121.03 -121.03 -121.03 -121.06 -121.12 -121.22 -121.34 -121.47 -121.59 -121.69 -121.78 -121.88 -121.94 -122.03 -122.12 -122.19 -122.22 -122.25 -122.28 -122.25 -122.19 -122.09 -122.03 -121.94 -121.84 -121.75 -121.66 -121.56 -121.47 -121.38 -121.28 -121.19 -121.12 -121.09 -121.03 -121.00 -120.97 -120.91 -120.88 -120.81 -120.78 -120.72 -120.66 -120.59 -120.53 -120.50 -120.62 -120.81 -121.03 -121.22 -121.44 -121.66 -121.88 -122.09 -122.31 -122.47
-120.69 -120.78 -120.84 -120.91 -120.94 -121.00 -121.03 -121.03 -121.06 -121.09 -121.09 -121.12 -121.12 -121.16 -121.19 -121.28 -121.44 -121.59 -121.72 -121.88 -121.97 -122.06 -122.16 -122.25 -122.31 -122.41 -122.44 -122.50 -122.53 -122.53 -122.50 -122.44 -122.38 -122.28 -122.19 -122.12 -122.03 -121.94 -121.84 -121.75 -121.66 -121.56 -121.47 -121.41 -121.34 -121.31 -121.25 -121.22 -121.16 -121.12 -121.06 -121.00 -120.94 -120.88 -120.81 -120.75 -120.69 -120.62 -120.66 -120.84 -121.09 -121.31 -121.56 -121.78 -122.00 -122.22 -122.44
-120.78 -120.84 -120.91 -120.94 -121.00 -121.03 -121.06 -121.09 -121.12 -121.16 -121.19 -121.22 -121.22 -121.28 -121.34 -121.44 -121.59 -121.75 -121.94 -122.06 -122.22 -122.31 -122.41 -122.47 -122.56 -122.62 -122.66 -122.72 -122.72 -122.72 -122.69 -122.66 -122.56 -122.50 -122.41 -122.34 -122.25 -122.16 -122.06 -121.97 -121.88 -121.78 -121.72 -121.62 -121.59 -121.53 -121.50 -121.47 -121.41 -121.34 -121.28 -121.22 -121.16 -121.09 -121.03 -120.97 -120.91 -120.81 -120.72 -120.72 -120.94 -121.19 -121.47 -121.69 -121.91 -122.16 -122.34
-120.81 -120.88 -120.94 -120.97 -121.00 -121.06 -121.09 -121.12 -121.16 -121.22 -121.25 -121.28 -121.31 -121.38 -121.44 -121.56 -121.72 -121.91 -122.06 -122.25 -122.38 -122.50 -122.59 -122.69 -122.75 -122.78 -122.84 -122.88 -122.88 -122.88 -122.84 -122.78 -122.72 -122.66 -122.59 -122.50 -122.44 -122.34 -122.28 -122.19 -122.09 -122.00 -121.91 -121.84 -121.78 -121.75 -121.72 -121.66 -121.62 -121.56 -121.53 -121.44 -121.38 -121.31 -121.22 -121.16 -121.06 -120.97 -120.91 -120.84 -120.88 -121.12 -121.38 -121.59 -121.81 -122.06 -122.28
-120.88 -120.91 -120.97 -121.00 -121.03 -121.06 -121.09 -121.16 -121.22 -121.25 -121.31 -121.34 -121.41 -121.47 -121.56 -121.69 -121.84 -122.03 -122.19 -122.38 -122.50 -122.62 -122.72 -122.81 -122.88 -122.94 -122.97 -122.97 -122.97 -122.97 -122.94 -122.88 -122.84 -122.78 -122.72 -122.66 -122.59 -122.50 -122.44 -122.34 -122.25 -122.16 -122.06 -122.00 -121.94 -121.91 -121.88 -121.88 -121.81 -121.78 -121.72 -121.66 -121.59 -121.53 -121.44 -121.34 -121.22 -121.12 -121.06 -121.03 -121.00 -121.09 -121.31 -121.53 -121.75 -121.97 -122.19
-120.91 -120.94 -120.97 -121.00 -121.06 -121.09 -121.12 -121.16 -121.22 -121.28 -121.34 -121.41 -121.47 -121.56 -121.66 -121.81 -121.97 -122.16 -122.31 -122.47 -122.62 -122.72 -122.84 -122.91 -122.97 -123.00 -123.03 -123.06 -123.03 -123.03 -123.00 -122.97 -122.91 -122.88 -122.81 -122.75 -122.69 -122.62 -122.56 -122.50 -122.41 -122.28 -122.19 -122.12 -122.09 -122.06 -122.03 -122.03 -122.00 -121.97 -121.91 -121.84 -121.78 -121.69 -121.59 -121.50 -121.38 -121.28 -121.22 -121.16 -121.12 -121.16 -121.28 -121.47 -121.66 -121.88 -122.06
-120.94 -120.97 -121.00 -121.03 -121.06 -121.09 -121.12 -121.19 -121.22 -121.28 -121.38 -121.44 -121.53 -121.62 -121.75 -121.91 -122.06 -122.25 -122.41 -122.56 -122.69 -122.81 -122.91 -122.97 -123.03 -123.06 -123.09 -123.09 -123.09 -123.06 -123.03 -123.00 -122.97 -122.94 -122.88 -122.84 -122.78 -122.72 -122.66 -122.59 -122.50 -122.38 -122.31 -122.25 -122.19 -122.19 -122.16 -122.16 -122.16 -122.12 -122.09 -122.03 -121.94 -121.84 -121.75 -121.66 -121.53 -121.44 -121.38 -121.31 -121.25 -121.22 -121.28 -121.41 -121.56 -121.75 -121.94
-120.97 -121.00 -121.00 -121.03 -121.06 -121.09 -121.12 -121.19 -121.22 -121.28 -121.38 -121.44 -121.53 -121.66 -121.81 -121.97 -122.16 -122.31 -122.50 -122.62 -122.78 -122.88 -122.97 -123.03 -123.06 -123.09 -123.09 -123.09 -123.09 -123.06 -123.06 -123.03 -123.00 -122.97 -122.94 -122.91 -122.84 -122.81 -122.72 -122.66 -122.56 -122.47 -122.38 -122.34 -122.28 -122.28 -122.28 -122.28 -122.28 -122.25 -122.22 -122.16 -122.06 -121.97 -121.88 -121.78 -121.69 -121.59 -121.50 -121.44 -121.38 -121.31 -121.28 -121.34 -121.47 -121.62 -121.78
-120.97 -121.00 -121.03 -121.03 -121.06 -121.09 -121.12 -121.16 -121.22 -121.28 -121.38 -121.44 -121.56 -121.69 -121.84 -122.00 -122.19 -122.38 -122.56 -122.69 -122.81 -122.94 -123.00 -123.06 -123.09 -123.12 -123.12 -123.12 -123.09 -123.09 -123.06 -123.03 -123.03 -123.00 -122.97 -122.94 -122.91 -122.84 -122.78 -122.69 -122.59 -122.53 -122.47 -122.41 -122.38 -122.34 -122.34 -122.34 -122.34 -122.34 -122.31 -122.25 -122.16 -122.06 -121.97 -121.88 -121.78 -121.72 -121.62 -121.56 -121.47 -121.41 -121.31 -121.31 -121.41 -121.50 -121.62
-120.97 -121.00 -121.03 -121.03 -121.06 -121.09 -121.12 -121.16 -121.22 -121.28 -121.34 -121.44 -121.56 -121.69 -121.84 -122.03 -122.22 -122.41 -122.59 -122.72 -122.84 -122.97 -123.03 -123.09 -123.09 -123.12 -123.12 -123.12 -123.09 -123.09 -123.06 -123.06 -123.03 -123.00 -123.00 -122.97 -122.91 -122.84 -122.78 -122.72 -122.66 -122.56 -122.50 -122.47 -122.44 -122.41 -122.41 -122.41 -122.41 -122.38 -122.34 -122.31 -122.22 -122.16 -122.06 -121.97 -121.91 -121.81 -121.75 -121.66 -121.56 -121.47 -121.38 -121.31 -121.31 -121.38 -121.47
-121.00 -121.00 -121.03 -121.03 -121.06 -121.09 -121.12 -121.16 -121.22 -121.25 -121.34 -121.44 -121.53 -121.69 -121.84 -122.03 -122.22 -122.41 -122.59 -122.75 -122.88 -122.97 -123.03 -123.09 -123.09 -123.12 -123.12 -123.09 -123.09 -123.09 -123.06 -123.06 -123.03 -123.03 -123.00 -122.97 -122.91 -122.88 -122.81 -122.75 -122.66 -122.59 -122.53 -122.50 -122.47 -122.44 -122.44 -122.44 -122.41 -122.41 -122.38 -122.34 -122.28 -122.19 -122.12 -122.06 -121.97 -121.91 -121.84 -121.75 -121.66 -121.53 -121.44 -121.34 -121.25 -121.25 -121.31
-121.00 -121.00 -121.03 -121.03 -121.06 -121.09 -121.12 -121.16 -121.19 -121.25 -121.34 -121.44 -121.53 -121.69 -121.84 -122.03 -122.22 -122.41 -122.59 -122.75 -122.88 -122.97 -123.03 -123.09 -123.09 -123.12 -123.12 -123.09 -123.09 -123.09 -123.06 -123.06 -123.03 -123.00 -122.97 -122.94 -122.91 -122.88 -122.81 -122.75 -122.69 -122.62 -122.59 -122.53 -122.50 -122.47 -122.47 -122.44 -122.44 -122.41 -122.41 -122.34 -122.31 -122.25 -122.16 -122.09 -122.03 -121.97 -121.91 -121.81 -121.72 -121.59 -121.50 -121.38 -121.25 -121.16 -121.16
-121.00 -121.00 -121.03 -121.03 -121.06 -121.09 -121.12 -121.16 -121.19 -121.25 -121.31 -121.41 -121.53 -121.69 -121.84 -122.03 -122.22 -122.41 -122.59 -122.75 -122.88 -122.97 -123.03 -123.09 -123.09 -123.09 -123.09 -123.09 -123.09 -123.09 -123.06 -123.06 -123.03 -123.00 -122.97 -122.94 -122.91 -122.88 -122.81 -122.78 -122.72 -122.66 -122.59 -122.56 -122.53 -122.50 -122.47 -122.44 -122.44 -122.44 -122.41 -122.38 -122.31 -122.25 -122.22 -122.16 -122.09 -122.03 -121.97 -121.88 -121.78 -121.66 -121.53 -121.41 -121.28 -121.16 -121.06
-121.00 -121.00 -121.00 -121.03 -121.06 -121.06 -121.09 -121.16 -121.19 -121.25 -121.31 -121.41 -121.53 -121.66 -121.81 -122.00 -122.19 -122.38 -122.56 -122.72 -122.84 -122.97 -123.03 -123.06 -123.09 -123.09 -123.09 -123.09 -123.09 -123.09 -123.06 -123.06 -123.03 -123.00 -122.97 -122.94 -122.91 -122.88 -122.84 -122.78 -122.72 -122.69 -122.62 -122.59 -122.53 -122.50 -122.47 -122.47 -122.44 -122.44 -122.41 -122.38 -122.34 -122.28 -122.22 -122.19 -122.12 -122.06 -122.00 -121.94 -121.81 -121.72 -121.59 -121.44 -121.28 -121.16 -121.03
-121.00 -121.00 -121.00 -121.03 -121.03 -121.06 -121.09 -121.12 -121.19 -121.25 -121.31 -121.41 -121.53 -121.66 -121.81 -121.97 -122.16 -122.38 -122.53 -122.69 -122.84 -122.94 -123.03 -123.06 -123.09 -123.09 -123.09 -123.09 -123.09 -123.09 -123.06 -123.03 -123.03 -123.00 -122.97 -122.94 -122.91 -122.88 -122.84 -122.81 -122.75 -122.69 -122.66 -122.59 -122.56 -122.53 -122.47 -122.44 -122.44 -122.41 -122.41 -122.38 -122.34 -122.31 -122.25 -122.22 -122.16 -122.12 -122.06 -121.97 -121.88 -121.78 -121.62 -121.50 -121.34 -121.16 -121.03
-120.97 -121.00 -121.00 -121.00 -121.03 -121.06 -121.09 -121.12 -121.19 -121.25 -121.31 -121.41 -121.50 -121.62 -121.78 -121.97 -122.16 -122.31 -122.50 -122.66 -122.81 -122.91 -123.00 -123.06 -123.09 -123.12 -123.12 -123.09 -123.09 -123.09 -123.06 -123.06 -123.03 -123.00 -122.97 -122.94 -122.91 -122.91 -122.84 -122.81 -122.78 -122.72 -122.69 -122.62 -122.56 -122.53 -122.47 -122.44 -122.44 -122.41 -122.41 -122.38 -122.34 -122.31 -122.28 -122.25 -122.19 -122.16 -122.09 -122.03 -121.94 -121.81 -121.69 -121.53 -121.38 -121.22 -121.06
-120.97 -120.97 -120.97 -121.00 -121.00 -121.03 -121.06 -121.12 -121.19 -121.25 -121.31 -121.41 -121.50 -121.62 -121.78 -121.94 -122.12 -122.28 -122.47 -122.62 -122.75 -122.88 -122.97 -123.03 -123.09 -123.12 -123.12 -123.12 -123.09 -123.09 -123.06 -123.06 -123.03 -123.00 -122.97 -122.97 -122.94 -122.91 -122.88 -122.84 -122.78 -122.75 -122.69 -122.66 -122.59 -122.53 -122.50 -122.44 -122.44 -122.41 -122.41 -122.38 -122.38 -122.34 -122.31 -122.28 -122.25 -122.19 -122.16 -122.06 -122.00 -121.88 -121.75 -121.59 -121.44 -121.28 -121.12
-120.94 -120.97 -120.97 -120.97 -121.00 -121.03 -121.06 -121.12 -121.19 -121.25 -121.31 -121.41 -121.50 -121.62 -121.75 -121.91 -122.06 -122.25 -122.41 -122.56 -122.69 -122.84 -122.94 -123.03 -123.06 -123.09 -123.12 -123.09 -123.09 -123.09 -123.06 -123.06 -123.03 -123.00 -122.97 -122.97 -122.94 -122.91 -122.88 -122.84 -122.81 -122.78 -122.72 -122.69 -122.62 -122.56 -122.50 -122.47 -122.44 -122.41 -122.41 -122.38 -122.38 -122.34 -122.31 -122.31 -122.28 -122.22 -122.19 -122.12 -122.03 -121.94 -121.81 -121.69 -121.53 -121.38 -121.25
-120.94 -120.94 -120.94 -120.97 -121.00 -121.03 -121.06 -121.09 -121.16 -121.25 -121.31 -121.41 -121.50 -121.62 -121.75 -121.88 -122.03 -122.19 -122.34 -122.50 -122.66 -122.78 -122.88 -122.97 -123.03 -123.06 -123.09 -123.09 -123.09 -123.09 -123.06 -123.06 -123.03 -123.00 -123.00 -122.97 -122.94 -122.91 -122.88 -122.88 -122.84 -122.78 -122.75 -122.72 -122.66 -122.59 -122.53 -122.47 -122.44 -122.44 -122.41 -122.41 -122.38 -122.34 -122.34 -122.31 -122.28 -122.25 -122.19 -122.16 -122.06 -122.00 -121.88 -121.75 -121.62 -121.50 -121.41
-120.91 -120.91 -120.94 -120.94 -120.97 -121.00 -121.06 -121.09 -121.16 -121.22 -121.31 -121.41 -121.50 -121.59 -121.69 -121.81 -121.97 -122.12 -122.28 -122.44 -122.59 -122.72 -122.81 -122.91 -122.97 -123.03 -123.06 -123.06 -123.09 -123.06 -123.06 -123.06 -123.03 -123.00 -123.00 -122.97 -122.94 -122.91 -122.91 -122.88 -122.84 -122.81 -122.78 -122.72 -122.66 -122.59 -122.53 -122.50 -122.44 -122.44 -122.41 -122.41 -122.38 -122.38 -122.34 -122.31 -122.31 -122.25 -122.22 -122.16 -122.09 -122.03 -121.94 -121.84 -121.75 -121.66 -121.56
-120.88 -120.91 -120.91 -120.94 -120.97 -121.00 -121.06 -121.09 -121.16 -121.22 -121.28 -121.38 -121.47 -121.56 -121.66 -121.78 -121.91 -122.06 -122.22 -122.38 -122.50 -122.62 -122.75 -122.81 -122.91 -122.97 -123.00 -123.03 -123.03 -123.06 -123.06 -123.03 -123.03 -123.00 -122.97 -122.97 -122.94 -122.94 -122.91 -122.88 -122.84 -122.81 -122.78 -122.75 -122.69 -122.62 -122.56 -122.50 -122.44 -122.44 -122.41 -122.38 -122.38 -122.34 -122.34 -122.31 -122.28 -122.25 -122.22 -122.19 -122.12 -122.06 -122.00 -121.91 -121.84 -121.78 -121.72
-120.88 -120.88 -120.91 -120.94 -120.97 -121.00 -121.03 -121.09 -121.16 -121.22 -121.28 -121.34 -121.44 -121.53 -121.62 -121.75 -121.88 -122.00 -122.16 -122.28 -122.41 -122.53 -122.62 -122.72 -122.81 -122.84 -122.91 -122.94 -122.97 -123.00 -123.00 -123.00 -123.00 -122.97 -122.97 -122.94 -122.94 -122.91 -122.91 -122.88 -122.84 -122.84 -122.78 -122.75 -122.69 -122.62 -122.56 -122.50 -122.44 -122.41 -122.38 -122.38 -122.34 -122.34 -122.31 -122.31 -122.28 -122.25 -122.22 -122.19 -122.16 -122.12 -122.06 -122.00 -121.94 -121.88 -121.84
-120.84 -120.88 -120.91 -120.94 -120.97 -121.00 -121.03 -121.09 -121.12 -121.19 -121.25 -121.31 -121.41 -121.50 -121.59 -121.72 -121.81 -121.94 -122.09 -122.19 -122.31 -122.44 -122.53 -122.62 -122.69 -122.75 -122.78 -122.84 -122.88 -122.91 -122.91 -122.91 -122.91 -122.91 -122.91 -122.88 -122.88 -122.88 -122.84 -122.84 -122.81 -122.78 -122.78 -122.72 -122.69 -122.62 -122.56 -122.50 -122.44 -122.38 -122.34 -122.34 -122.31 -122.31 -122.31 -122.28 -122.28 -122.25 -122.22 -122.19 -122.19 -122.12 -122.09 -122.06 -122.00 -121.97 -121.94
-120.84 -120.88 -120.91 -120.94 -120.97 -121.00 -121.03 -121.09 -121.12 -121.19 -121.25 -121.31 -121.38 -121.47 -121.56 -121.66 -121.78 -121.88 -122.00 -122.09 -122.22 -122.31 -122.41 -122.50 -122.56 -122.59 -122.66 -122.69 -122.75 -122.78 -122.81 -122.81 -122.81 -122.81 -122.78 -122.78 -122.78 -122.78 -122.78 -122.75 -122.75 -122.72 -122.69 -122.66 -122.62 -122.56 -122.50 -122.44 -122.41 -122.34 -122.31 -122.28 -122.28 -122.28 -122.28 -122.28 -122.25 -122.25 -122.22 -122.19 -122.19 -122.16 -122.12 -122.09 -122.06 -122.03 -122.00
-120.84 -120.88 -120.91 -120.94 -120.97 -121.00 -121.03 -121.06 -121.12 -121.16 -121.22 -121.28 -121.34 -121.44 -121.53 -121.62 -121.72 -121.81 -121.91 -122.00 -122.09 -122.19 -122.28 -122.34 -122.41 -122.47 -122.50 -122.53 -122.59 -122.62 -122.66 -122.66 -122.66 -122.66 -122.66 -122.66 -122.62 -122.62 -122.62 -122.62 -122.62 -122.59 -122.59 -122.56 -122.53 -122.47 -122.44 -122.38 -122.31 -122.28 -122.25 -122.25 -122.25 -122.25 -122.25 -122.25 -122.25 -122.22 -122.22 -122.19 -122.19 -122.16 -122.12 -122.09 -122.06 -122.06 -122.03
