everonasctiles/Tile[35,37].asc
ncols 128
nrows 128
xllcorner 0
yllcorner 0
cellsize 2.0
NODATA_value  -9999
[rows 96 to 127 of 128, columns 0 to 70 of 128]
-35.03 -35.34 -35.72 -36.19 -36.66 -37.16 -37.69 -38.22 -38.72 -39.25 -39.75 -40.31 -40.84 -41.47 -42.12 -42.88 -43.66 -44.56 -45.53 -46.53 -47.62 -48.69 -49.78 -50.88 -51.84 -52.56 -52.97 -53.12 -53.41 -53.84 -54.19 -54.53 -55.28 -56.53 -58.00 -59.53 -60.81 -61.62 -62.31 -63.00 -63.62 -64.19 -64.72 -65.19 -65.66 -66.09 -66.50 -66.91 -67.25 -67.59 -67.88 -68.25 -68.78 -69.31 -69.84 -70.31 -70.72 -71.09 -71.44 -71.72 -72.03 -72.31 -72.56 -72.81 -73.06 -73.31 -73.53 -73.75 -73.94 -74.16 -74.34
-34.59 -35.00 -35.50 -36.00 -36.50 -37.03 -37.56 -38.09 -38.62 -39.16 -39.69 -40.22 -40.78 -41.38 -42.03 -42.72 -43.47 -44.25 -45.09 -46.06 -47.12 -48.22 -49.25 -50.19 -50.88 -50.91 -50.72 -51.03 -51.69 -52.47 -53.34 -54.44 -55.78 -57.28 -58.81 -59.88 -60.72 -61.50 -62.22 -62.88 -63.47 -64.03 -64.56 -65.03 -65.47 -65.88 -66.25 -66.59 -66.91 -67.19 -67.44 -67.88 -68.47 -69.06 -69.62 -70.12 -70.56 -70.94 -71.28 -71.59 -71.91 -72.22 -72.50 -72.78 -73.03 -73.28 -73.50 -73.72 -73.94 -74.12 -74.31
-34.19 -34.66 -35.28 -35.78 -36.31 -36.84 -37.38 -37.91 -38.44 -38.94 -39.47 -40.03 -40.59 -41.16 -41.75 -42.38 -42.97 -43.59 -44.22 -45.12 -46.38 -47.62 -48.53 -49.12 -48.81 -48.56 -48.84 -49.59 -50.69 -51.94 -53.38 -55.00 -56.59 -58.06 -58.97 -59.81 -60.62 -61.38 -62.09 -62.72 -63.34 -63.88 -64.38 -64.84 -65.25 -65.62 -65.97 -66.25 -66.53 -66.78 -67.09 -67.62 -68.28 -68.88 -69.47 -69.97 -70.38 -70.72 -71.09 -71.47 -71.81 -72.16 -72.47 -72.75 -73.00 -73.22 -73.44 -73.66 -73.88 -74.06 -74.25
-34.03 -34.53 -35.03 -35.53 -36.06 -36.59 -37.12 -37.66 -38.16 -38.69 -39.22 -39.75 -40.28 -40.81 -41.34 -41.88 -42.31 -42.72 -43.22 -44.38 -45.84 -46.91 -47.47 -47.03 -46.75 -47.00 -47.84 -49.00 -50.38 -51.78 -53.28 -54.75 -56.16 -57.47 -58.69 -59.72 -60.53 -61.31 -62.00 -62.62 -63.22 -63.75 -64.22 -64.66 -65.00 -65.34 -65.66 -65.94 -66.19 -66.50 -66.97 -67.53 -68.09 -68.72 -69.25 -69.72 -70.09 -70.50 -70.94 -71.34 -71.72 -72.06 -72.41 -72.69 -72.91 -73.12 -73.34 -73.56 -73.78 -74.00 -74.16
-33.75 -34.22 -34.72 -35.19 -35.78 -36.31 -36.84 -37.34 -37.84 -38.34 -38.88 -39.38 -39.88 -40.38 -40.84 -41.25 -41.59 -41.88 -42.53 -43.75 -44.97 -45.56 -45.34 -45.25 -45.62 -46.59 -47.84 -49.22 -50.59 -51.91 -53.12 -54.28 -55.47 -56.75 -58.06 -59.31 -60.44 -61.25 -61.94 -62.53 -63.09 -63.59 -64.03 -64.44 -64.78 -65.06 -65.38 -65.66 -65.97 -66.34 -66.81 -67.34 -67.91 -68.47 -68.97 -69.38 -69.78 -70.28 -70.78 -71.25 -71.62 -71.97 -72.28 -72.56 -72.78 -73.00 -73.22 -73.44 -73.66 -73.88 -74.06
-33.41 -33.81 -34.38 -34.91 -35.47 -36.00 -36.50 -36.97 -37.47 -37.97 -38.47 -38.97 -39.44 -39.91 -40.28 -40.62 -40.84 -41.03 -41.69 -42.59 -43.28 -43.59 -43.84 -44.56 -45.75 -47.22 -48.75 -50.19 -51.53 -52.78 -53.94 -54.94 -55.94 -57.06 -58.28 -59.53 -60.53 -61.28 -61.91 -62.47 -62.97 -63.44 -63.84 -64.22 -64.53 -64.81 -65.12 -65.41 -65.72 -66.09 -66.56 -67.09 -67.62 -68.12 -68.56 -68.97 -69.50 -70.09 -70.66 -71.12 -71.50 -71.88 -72.16 -72.38 -72.56 -72.78 -73.03 -73.28 -73.50 -73.72 -73.88
-32.91 -33.25 -33.94 -34.56 -35.09 -35.62 -36.06 -36.56 -37.03 -37.56 -38.06 -38.53 -38.97 -39.38 -39.72 -39.97 -40.06 -40.12 -40.59 -41.25 -41.88 -42.56 -43.56 -44.97 -46.66 -48.47 -50.22 -51.84 -53.31 -54.47 -55.50 -56.44 -57.31 -58.19 -59.09 -59.94 -60.69 -61.31 -61.84 -62.38 -62.84 -63.25 -63.62 -63.97 -64.28 -64.56 -64.84 -65.09 -65.38 -65.72 -66.16 -66.72 -67.25 -67.66 -68.00 -68.53 -69.34 -70.03 -70.56 -71.00 -71.38 -71.69 -71.94 -72.12 -72.31 -72.56 -72.81 -73.06 -73.31 -73.53 -73.69
-32.31 -32.91 -33.50 -34.16 -34.66 -35.16 -35.62 -36.09 -36.59 -37.16 -37.62 -38.06 -38.47 -38.81 -39.12 -39.31 -39.19 -39.19 -39.62 -40.41 -41.38 -42.59 -44.12 -45.88 -47.84 -49.91 -51.81 -53.19 -54.34 -55.34 -56.25 -57.09 -57.91 -58.66 -59.38 -60.03 -60.66 -61.22 -61.72 -62.19 -62.62 -63.03 -63.38 -63.72 -64.00 -64.28 -64.50 -64.69 -64.88 -64.94 -65.22 -65.78 -66.31 -66.84 -67.50 -68.38 -69.28 -69.94 -70.44 -70.84 -71.19 -71.47 -71.66 -71.84 -72.03 -72.25 -72.56 -72.84 -73.09 -73.28 -73.44
-32.00 -32.53 -33.09 -33.59 -34.12 -34.59 -35.09 -35.62 -36.16 -36.69 -37.16 -37.56 -37.91 -38.25 -38.53 -38.62 -38.41 -38.56 -39.25 -40.31 -41.69 -43.25 -45.00 -46.97 -49.06 -50.94 -52.31 -53.41 -54.38 -55.28 -56.22 -57.09 -57.91 -58.59 -59.25 -59.84 -60.44 -61.00 -61.50 -61.94 -62.34 -62.72 -63.09 -63.41 -63.72 -63.94 -64.09 -64.19 -64.03 -63.94 -64.25 -64.88 -65.66 -66.50 -67.50 -68.50 -69.28 -69.81 -70.28 -70.69 -71.00 -71.22 -71.38 -71.50 -71.66 -71.91 -72.28 -72.59 -72.84 -73.06 -73.22
-31.53 -31.97 -32.50 -32.97 -33.47 -33.91 -34.53 -35.16 -35.72 -36.25 -36.69 -37.03 -37.38 -37.66 -37.88 -37.88 -37.97 -38.50 -39.47 -40.75 -42.31 -44.06 -45.97 -48.00 -49.75 -51.09 -52.09 -52.81 -53.50 -54.28 -55.34 -56.47 -57.41 -58.12 -58.81 -59.50 -60.12 -60.66 -61.16 -61.59 -62.00 -62.38 -62.75 -63.06 -63.34 -63.53 -63.62 -63.47 -63.09 -63.12 -63.66 -64.53 -65.59 -66.69 -67.78 -68.59 -69.19 -69.69 -70.12 -70.47 -70.75 -70.94 -71.03 -71.09 -71.16 -71.47 -71.94 -72.31 -72.56 -72.78 -72.97
-31.09 -31.50 -32.00 -32.28 -32.62 -33.25 -34.06 -34.69 -35.28 -35.78 -36.16 -36.47 -36.75 -37.00 -37.19 -37.56 -38.22 -39.12 -40.19 -41.50 -43.06 -44.84 -46.81 -48.44 -49.72 -50.66 -51.25 -51.22 -51.47 -52.47 -53.84 -55.31 -56.62 -57.56 -58.34 -59.06 -59.69 -60.19 -60.62 -61.06 -61.53 -62.00 -62.38 -62.72 -62.97 -63.09 -63.03 -62.62 -62.38 -62.78 -63.66 -64.75 -65.91 -67.06 -67.94 -68.56 -69.09 -69.56 -69.94 -70.25 -70.47 -70.62 -70.69 -70.62 -70.62 -71.03 -71.62 -72.03 -72.31 -72.53 -72.72
-30.81 -31.28 -31.59 -31.75 -32.16 -32.78 -33.56 -34.25 -34.81 -35.25 -35.56 -35.78 -36.00 -36.28 -36.88 -37.81 -38.97 -40.19 -41.38 -42.62 -44.09 -45.62 -47.12 -48.34 -49.28 -49.84 -49.66 -49.38 -50.19 -51.59 -53.22 -54.84 -56.19 -57.06 -57.88 -58.56 -59.12 -59.56 -59.94 -60.47 -61.06 -61.56 -61.97 -62.31 -62.56 -62.62 -62.41 -61.91 -62.06 -62.94 -64.06 -65.25 -66.41 -67.28 -67.94 -68.50 -69.00 -69.41 -69.72 -69.97 -70.19 -70.28 -70.31 -70.22 -70.34 -70.84 -71.38 -71.78 -72.06 -72.31 -72.50
-30.44 -30.94 -31.25 -31.53 -31.97 -32.50 -33.00 -33.66 -34.34 -34.72 -34.94 -35.03 -35.25 -35.84 -36.88 -38.25 -39.78 -41.00 -42.19 -43.38 -44.62 -45.88 -47.00 -47.91 -48.50 -48.50 -48.00 -48.53 -49.91 -51.62 -53.44 -54.78 -55.72 -56.56 -57.31 -57.94 -58.38 -58.62 -59.16 -60.00 -60.69 -61.19 -61.59 -61.94 -62.12 -62.09 -61.72 -61.50 -62.19 -63.34 -64.59 -65.81 -66.66 -67.31 -67.88 -68.41 -68.81 -69.16 -69.47 -69.69 -69.88 -69.97 -70.00 -70.09 -70.41 -70.84 -71.25 -71.59 -71.88 -72.09 -72.25
-30.22 -30.69 -31.00 -31.28 -31.62 -32.12 -32.72 -33.34 -33.88 -34.16 -34.22 -34.12 -34.56 -35.56 -36.94 -38.62 -40.00 -41.12 -42.31 -43.47 -44.59 -45.62 -46.50 -47.16 -47.38 -46.97 -47.16 -48.31 -49.97 -51.72 -53.41 -54.38 -55.22 -56.00 -56.62 -57.06 -57.41 -58.00 -58.94 -59.78 -60.38 -60.84 -61.22 -61.50 -61.66 -61.53 -61.19 -61.53 -62.53 -63.81 -65.12 -66.00 -66.69 -67.28 -67.78 -68.22 -68.56 -68.88 -69.16 -69.38 -69.56 -69.69 -69.88 -70.12 -70.47 -70.81 -71.16 -71.44 -71.69 -71.88 -72.03
-30.16 -30.50 -30.78 -31.06 -31.41 -31.94 -32.50 -33.03 -33.41 -33.53 -33.47 -33.41 -34.06 -35.31 -37.00 -38.59 -39.72 -40.81 -41.97 -43.09 -44.12 -45.03 -45.69 -46.03 -45.91 -45.91 -46.69 -48.00 -49.53 -51.06 -52.34 -53.34 -54.09 -54.81 -55.53 -56.28 -57.09 -58.09 -58.94 -59.56 -60.06 -60.47 -60.78 -61.03 -61.12 -60.94 -61.16 -61.94 -63.06 -64.38 -65.31 -66.03 -66.62 -67.12 -67.56 -67.94 -68.28 -68.59 -68.88 -69.09 -69.31 -69.53 -69.81 -70.12 -70.44 -70.75 -71.03 -71.28 -71.50 -71.66 -71.72
-29.97 -30.25 -30.56 -30.84 -31.19 -31.72 -32.28 -32.72 -32.91 -32.91 -32.81 -33.00 -33.75 -35.12 -36.94 -38.06 -39.00 -40.19 -41.31 -42.41 -43.38 -44.06 -44.47 -44.56 -44.72 -45.25 -46.28 -47.50 -48.75 -49.94 -51.00 -51.97 -52.97 -54.03 -55.12 -56.28 -57.34 -58.16 -58.75 -59.25 -59.69 -60.03 -60.34 -60.53 -60.62 -60.97 -61.72 -62.69 -63.69 -64.62 -65.34 -65.94 -66.44 -66.88 -67.25 -67.62 -67.97 -68.31 -68.59 -68.88 -69.12 -69.41 -69.72 -70.03 -70.34 -70.62 -70.88 -71.12 -71.28 -71.38 -71.38
-29.94 -30.22 -30.47 -30.66 -31.03 -31.53 -32.06 -32.41 -32.59 -32.59 -32.47 -32.78 -33.72 -35.09 -36.44 -37.34 -38.00 -39.03 -40.19 -41.28 -42.09 -42.62 -43.06 -43.53 -44.19 -45.09 -46.16 -47.28 -48.38 -49.41 -50.47 -51.62 -52.84 -54.16 -55.50 -56.59 -57.38 -57.97 -58.47 -58.91 -59.28 -59.59 -59.91 -60.19 -60.72 -61.44 -62.25 -63.12 -63.88 -64.59 -65.19 -65.69 -66.12 -66.53 -66.94 -67.31 -67.69 -68.03 -68.34 -68.66 -68.97 -69.28 -69.59 -69.91 -70.16 -70.41 -70.66 -70.88 -71.03 -71.06 -70.97
-29.84 -30.12 -30.41 -30.59 -30.97 -31.44 -31.81 -32.06 -32.22 -32.28 -32.38 -32.88 -33.78 -34.81 -35.75 -36.19 -36.91 -38.16 -39.25 -40.25 -41.09 -41.88 -42.69 -43.56 -44.50 -45.53 -46.62 -47.75 -48.91 -50.03 -51.19 -52.34 -53.66 -54.88 -55.84 -56.59 -57.19 -57.69 -58.09 -58.50 -58.88 -59.22 -59.62 -60.19 -60.88 -61.59 -62.38 -63.09 -63.72 -64.28 -64.81 -65.28 -65.69 -66.12 -66.59 -67.03 -67.41 -67.75 -68.09 -68.44 -68.78 -69.09 -69.41 -69.69 -69.91 -70.16 -70.41 -70.62 -70.72 -70.66 -70.53
-29.75 -29.94 -30.25 -30.59 -30.91 -31.12 -31.47 -31.69 -31.78 -31.97 -32.31 -32.91 -33.81 -34.56 -35.22 -35.97 -36.81 -37.97 -39.16 -40.28 -41.34 -42.41 -43.41 -44.44 -45.50 -46.56 -47.62 -48.75 -49.94 -51.19 -52.28 -53.31 -54.28 -55.09 -55.78 -56.38 -56.84 -57.28 -57.69 -58.06 -58.47 -58.94 -59.47 -60.06 -60.75 -61.47 -62.12 -62.72 -63.25 -63.78 -64.28 -64.78 -65.28 -65.81 -66.28 -66.72 -67.09 -67.47 -67.84 -68.19 -68.56 -68.88 -69.19 -69.41 -69.62 -69.91 -70.16 -70.34 -70.34 -70.25 -70.03
-29.66 -29.94 -30.22 -30.53 -30.72 -30.88 -31.22 -31.44 -31.53 -31.84 -32.38 -33.03 -33.75 -34.47 -35.22 -36.09 -37.09 -38.34 -39.59 -40.84 -42.06 -43.25 -44.41 -45.56 -46.66 -47.75 -48.81 -49.84 -50.88 -51.88 -52.72 -53.56 -54.28 -54.94 -55.50 -55.97 -56.38 -56.78 -57.19 -57.62 -58.09 -58.62 -59.19 -59.81 -60.47 -61.09 -61.62 -62.12 -62.62 -63.16 -63.75 -64.38 -64.97 -65.50 -65.97 -66.34 -66.75 -67.16 -67.53 -67.94 -68.28 -68.62 -68.91 -69.12 -69.38 -69.66 -69.91 -70.03 -69.97 -69.78 -69.59
-29.62 -29.91 -30.19 -30.41 -30.50 -30.66 -30.94 -31.16 -31.44 -31.78 -32.25 -32.88 -33.62 -34.31 -35.06 -35.75 -36.94 -38.38 -39.75 -41.06 -42.38 -43.59 -44.81 -46.00 -47.12 -48.22 -49.25 -50.22 -51.12 -51.97 -52.72 -53.41 -54.03 -54.59 -55.03 -55.44 -55.84 -56.28 -56.72 -57.19 -57.69 -58.22 -58.81 -59.44 -60.03 -60.50 -60.97 -61.41 -62.00 -62.69 -63.41 -64.06 -64.66 -65.16 -65.56 -65.94 -66.38 -66.84 -67.25 -67.66 -68.00 -68.34 -68.59 -68.84 -69.12 -69.41 -69.62 -69.66 -69.53 -69.31 -68.97
-29.53 -29.81 -30.03 -30.22 -30.25 -30.44 -30.75 -30.94 -31.19 -31.56 -32.09 -32.81 -33.50 -34.19 -34.78 -35.34 -36.69 -38.31 -39.78 -41.19 -42.50 -43.78 -45.00 -46.16 -47.22 -48.22 -49.19 -50.06 -50.91 -51.72 -52.44 -53.06 -53.59 -54.03 -54.47 -54.88 -55.31 -55.75 -56.22 -56.69 -57.22 -57.81 -58.41 -58.97 -59.44 -59.88 -60.31 -60.88 -61.62 -62.41 -63.12 -63.75 -64.28 -64.69 -65.06 -65.53 -66.03 -66.53 -66.97 -67.34 -67.72 -68.03 -68.31 -68.59 -68.88 -69.16 -69.28 -69.25 -69.06 -68.66 -67.97
-29.34 -29.59 -29.81 -29.97 -29.97 -30.19 -30.47 -30.72 -31.03 -31.41 -32.03 -32.66 -33.28 -33.97 -34.53 -35.44 -36.94 -38.56 -39.94 -41.31 -42.62 -43.81 -44.91 -45.94 -46.88 -47.72 -48.53 -49.38 -50.19 -51.06 -51.91 -52.53 -53.03 -53.44 -53.84 -54.31 -54.78 -55.22 -55.69 -56.16 -56.75 -57.38 -57.91 -58.41 -58.84 -59.25 -59.81 -60.56 -61.41 -62.16 -62.84 -63.41 -63.81 -64.19 -64.59 -65.16 -65.72 -66.22 -66.66 -67.03 -67.41 -67.72 -68.03 -68.31 -68.59 -68.84 -68.94 -68.81 -68.47 -67.69 -66.75
-29.16 -29.38 -29.53 -29.66 -29.69 -29.84 -30.06 -30.47 -30.78 -31.25 -31.84 -32.38 -32.97 -33.66 -34.41 -35.66 -37.28 -38.62 -40.00 -41.31 -42.47 -43.50 -44.47 -45.31 -46.00 -46.62 -47.22 -48.00 -49.06 -50.31 -51.31 -51.97 -52.44 -52.88 -53.34 -53.81 -54.25 -54.66 -55.03 -55.53 -56.28 -56.88 -57.38 -57.78 -58.22 -58.72 -59.47 -60.31 -61.12 -61.84 -62.47 -62.94 -63.28 -63.66 -64.19 -64.88 -65.41 -65.88 -66.31 -66.72 -67.06 -67.41 -67.72 -68.03 -68.31 -68.50 -68.53 -68.31 -67.75 -66.62 -65.50
-28.88 -29.06 -29.22 -29.28 -29.28 -29.38 -29.62 -30.16 -30.59 -31.03 -31.44 -31.88 -32.59 -33.12 -34.06 -35.59 -37.22 -38.56 -39.81 -40.94 -41.97 -42.88 -43.69 -44.41 -44.94 -45.38 -46.19 -47.28 -48.59 -49.91 -50.81 -51.44 -51.94 -52.44 -52.88 -53.28 -53.62 -53.84 -54.16 -54.91 -55.75 -56.28 -56.75 -57.16 -57.59 -58.22 -59.12 -60.03 -60.81 -61.47 -61.97 -62.34 -62.69 -63.12 -63.84 -64.53 -65.06 -65.53 -65.97 -66.38 -66.75 -67.09 -67.41 -67.69 -67.94 -68.12 -68.09 -67.78 -66.94 -65.62 -64.38
-28.47 -28.59 -28.75 -28.81 -28.91 -28.97 -29.25 -29.69 -30.12 -30.62 -30.97 -31.28 -31.88 -32.47 -33.69 -35.38 -36.91 -38.22 -39.31 -40.28 -41.22 -42.16 -42.97 -43.59 -44.22 -45.12 -46.25 -47.47 -48.62 -49.62 -50.41 -51.00 -51.50 -51.97 -52.34 -52.66 -52.75 -52.84 -53.44 -54.44 -55.19 -55.72 -56.12 -56.53 -56.91 -57.69 -58.75 -59.66 -60.41 -61.00 -61.38 -61.66 -61.94 -62.56 -63.47 -64.16 -64.69 -65.16 -65.59 -66.03 -66.41 -66.75 -67.06 -67.31 -67.56 -67.72 -67.66 -67.28 -66.28 -64.84 -63.50
-28.09 -28.16 -28.28 -28.38 -28.41 -28.44 -28.78 -29.25 -29.78 -30.16 -30.47 -30.81 -31.16 -31.88 -33.25 -34.97 -36.50 -37.50 -38.59 -39.62 -40.72 -41.72 -42.62 -43.50 -44.47 -45.53 -46.56 -47.59 -48.53 -49.34 -50.03 -50.59 -51.06 -51.44 -51.72 -51.75 -51.62 -52.06 -53.00 -54.00 -54.62 -55.12 -55.47 -55.72 -56.22 -57.25 -58.38 -59.28 -59.94 -60.41 -60.66 -60.84 -61.25 -62.12 -63.06 -63.75 -64.31 -64.81 -65.25 -65.69 -66.06 -66.38 -66.62 -66.88 -67.12 -67.31 -67.22 -66.81 -65.88 -64.34 -62.94
-27.72 -27.72 -27.75 -27.84 -27.81 -27.91 -28.25 -28.78 -29.41 -29.75 -29.91 -30.06 -30.38 -31.31 -32.66 -34.19 -35.75 -37.00 -38.16 -39.28 -40.34 -41.38 -42.41 -43.47 -44.50 -45.53 -46.50 -47.41 -48.25 -49.00 -49.62 -50.12 -50.50 -50.78 -50.78 -50.56 -50.81 -51.66 -52.75 -53.53 -54.09 -54.50 -54.78 -55.03 -55.88 -57.06 -58.09 -58.84 -59.38 -59.69 -59.84 -60.06 -60.88 -61.94 -62.78 -63.41 -63.94 -64.44 -64.88 -65.31 -65.66 -65.94 -66.16 -66.41 -66.69 -66.88 -66.81 -66.44 -65.56 -64.03 -62.59
-27.22 -27.34 -27.38 -27.34 -27.47 -27.53 -27.84 -28.38 -28.97 -29.34 -29.44 -29.44 -30.03 -30.78 -32.28 -33.81 -35.00 -36.41 -37.72 -38.81 -39.81 -40.84 -42.00 -43.19 -44.31 -45.31 -46.25 -47.09 -47.91 -48.59 -49.12 -49.56 -49.84 -49.88 -49.59 -49.69 -50.41 -51.56 -52.41 -53.06 -53.53 -53.84 -54.12 -54.81 -55.88 -56.88 -57.69 -58.31 -58.69 -58.88 -59.00 -59.72 -60.81 -61.78 -62.47 -63.03 -63.56 -64.03 -64.47 -64.84 -65.16 -65.41 -65.62 -65.88 -66.22 -66.44 -66.41 -66.06 -65.25 -63.81 -62.31
-26.78 -26.91 -26.97 -27.00 -27.06 -27.16 -27.53 -28.19 -28.72 -29.06 -29.16 -29.38 -29.88 -30.66 -32.22 -33.44 -34.53 -35.84 -37.09 -38.03 -38.81 -39.66 -40.94 -42.44 -43.84 -44.91 -45.84 -46.69 -47.44 -48.06 -48.53 -48.84 -48.94 -48.66 -48.66 -49.28 -50.44 -51.34 -52.00 -52.53 -52.94 -53.28 -53.91 -54.84 -55.75 -56.56 -57.22 -57.66 -57.94 -58.06 -58.62 -59.69 -60.69 -61.47 -62.09 -62.66 -63.12 -63.59 -64.00 -64.34 -64.62 -64.84 -65.06 -65.38 -65.72 -65.97 -65.97 -65.66 -64.91 -63.56 -62.09
-26.31 -26.44 -26.59 -26.72 -26.81 -26.94 -27.31 -27.94 -28.50 -28.78 -28.91 -29.34 -29.84 -30.84 -31.97 -33.00 -34.22 -35.31 -36.09 -36.72 -37.38 -38.66 -40.22 -41.91 -43.38 -44.47 -45.41 -46.22 -46.91 -47.41 -47.78 -47.94 -47.72 -47.66 -48.19 -49.31 -50.28 -50.97 -51.53 -51.94 -52.34 -52.91 -53.75 -54.66 -55.44 -56.12 -56.62 -56.97 -57.19 -57.56 -58.53 -59.59 -60.44 -61.12 -61.69 -62.22 -62.69 -63.06 -63.44 -63.75 -64.00 -64.25 -64.50 -64.88 -65.25 -65.50 -65.53 -65.25 -64.59 -63.38 -61.94
-25.78 -25.91 -26.09 -26.41 -26.59 -26.81 -27.22 -27.78 -28.09 -28.41 -28.78 -29.16 -29.66 -30.53 -31.41 -32.41 -33.59 -34.31 -34.84 -35.41 -36.59 -38.38 -40.22 -41.78 -42.97 -44.00 -44.91 -45.66 -46.19 -46.59 -46.81 -46.72 -46.66 -47.12 -48.22 -49.25 -49.97 -50.53 -50.94 -51.31 -51.78 -52.59 -53.50 -54.31 -55.00 -55.59 -55.97 -56.25 -56.47 -57.28 -58.38 -59.31 -60.06 -60.72 -61.28 -61.75 -62.12 -62.50 -62.84 -63.12 -63.41 -63.66 -64.00 -64.41 -64.75 -64.97 -65.03 -64.81 -64.28 -63.34 -61.94
