everonasctiles/Tile9,23.asc
ncols 128
nrows 128
xllcorner 0
yllcorner 0
cellsize 2.0
NODATA_value  -9999
[rows 0 to 32 of 128, columns 0 to 74 of 128]
74.72 74.75 74.72 74.62 74.62 74.50 74.41 74.34 74.38 74.38 74.41 74.53 74.59 74.75 74.81 74.81 74.94 75.00 75.03 75.06 75.16 75.78 77.00 77.03 76.94 76.81 76.69 76.59 76.47 76.34 75.66 75.34 75.41 75.41 75.47 75.53 75.56 75.66 75.66 75.50 75.59 75.81 76.00 76.19 76.41 76.59 76.75 76.97 77.16 77.34 77.47 77.62 77.75 77.88 78.00 78.09 78.25 78.34 78.50 78.62 78.78 78.91 79.06 79.25 79.44 79.69 79.91 80.16 80.38 80.59 80.84 81.03 81.22 81.41 81.56
75.09 75.06 75.06 75.03 74.97 74.88 74.75 74.75 74.72 74.75 74.78 74.84 74.97 75.12 75.12 75.19 75.25 75.38 75.41 75.50 75.53 76.66 77.44 77.34 77.22 77.12 77.00 76.91 76.78 76.44 75.78 75.69 75.72 75.78 75.81 75.84 75.91 75.97 76.00 76.09 76.09 76.00 76.09 76.31 76.50 76.72 76.91 77.16 77.31 77.47 77.62 77.78 77.91 78.00 78.12 78.25 78.34 78.47 78.59 78.72 78.84 79.00 79.19 79.34 79.53 79.78 80.00 80.25 80.47 80.72 80.94 81.12 81.31 81.47 81.66
75.44 75.44 75.38 75.34 75.28 75.19 75.16 75.09 75.12 75.16 75.19 75.25 75.38 75.41 75.59 75.59 75.69 75.72 75.78 75.88 76.22 77.44 77.75 77.62 77.53 77.41 77.31 77.19 77.09 76.53 76.03 76.09 76.09 76.12 76.22 76.22 76.31 76.31 76.41 76.44 76.44 76.50 76.53 76.53 76.62 76.81 77.06 77.28 77.44 77.62 77.75 77.91 78.03 78.12 78.25 78.38 78.47 78.56 78.69 78.84 78.97 79.12 79.28 79.47 79.66 79.84 80.06 80.31 80.56 80.78 80.97 81.19 81.38 81.53 81.69
75.69 75.75 75.72 75.66 75.62 75.53 75.50 75.50 75.50 75.50 75.59 75.66 75.69 75.84 75.97 76.03 76.09 76.16 76.16 76.25 77.03 78.06 78.03 77.94 77.81 77.72 77.59 77.50 77.31 76.72 76.47 76.53 76.50 76.53 76.56 76.62 76.72 76.72 76.81 76.75 76.75 76.78 76.84 76.91 76.97 77.00 77.16 77.38 77.56 77.72 77.91 78.03 78.16 78.25 78.38 78.47 78.59 78.69 78.81 78.97 79.09 79.25 79.41 79.56 79.72 79.91 80.12 80.34 80.62 80.84 81.03 81.22 81.41 81.56 81.72
76.09 76.06 76.09 76.03 76.00 75.97 75.94 75.94 75.94 75.94 76.00 76.06 76.09 76.22 76.34 76.38 76.44 76.53 76.53 76.69 77.84 78.47 78.34 78.25 78.12 78.03 77.91 77.81 77.50 77.03 77.00 76.91 76.91 76.94 76.91 77.00 77.09 77.19 77.12 77.19 77.16 77.12 77.12 77.16 77.25 77.34 77.44 77.50 77.66 77.81 78.00 78.16 78.28 78.41 78.50 78.59 78.72 78.81 78.94 79.06 79.22 79.34 79.50 79.66 79.84 80.00 80.19 80.44 80.66 80.88 81.09 81.25 81.44 81.59 81.72
76.50 76.53 76.50 76.47 76.41 76.38 76.38 76.38 76.38 76.38 76.41 76.44 76.53 76.59 76.69 76.75 76.78 76.91 76.94 77.47 78.62 78.78 78.66 78.53 78.44 78.31 78.22 78.09 77.69 77.50 77.50 77.38 77.38 77.34 77.38 77.41 77.53 77.62 77.62 77.53 77.56 77.50 77.41 77.44 77.47 77.53 77.62 77.75 77.84 77.94 78.09 78.25 78.38 78.50 78.62 78.75 78.81 78.94 79.06 79.19 79.34 79.47 79.59 79.75 79.91 80.09 80.28 80.47 80.69 80.91 81.12 81.28 81.44 81.59 81.75
76.94 76.97 76.91 76.91 76.88 76.84 76.84 76.81 76.81 76.81 76.84 76.88 76.91 76.97 77.06 77.12 77.16 77.28 77.34 78.28 79.16 79.06 78.94 78.81 78.72 78.62 78.50 78.34 78.03 77.97 77.97 77.84 77.75 77.81 77.81 77.84 77.91 78.00 78.03 78.00 77.94 77.78 77.72 77.75 77.75 77.78 77.84 77.94 78.06 78.16 78.25 78.34 78.47 78.59 78.75 78.91 79.00 79.06 79.19 79.31 79.44 79.56 79.72 79.84 80.03 80.19 80.38 80.56 80.75 80.97 81.16 81.31 81.44 81.59 81.75
77.53 77.50 77.47 77.41 77.41 77.31 77.31 77.31 77.28 77.31 77.28 77.34 77.34 77.38 77.44 77.53 77.56 77.66 77.91 79.12 79.44 79.31 79.22 79.09 79.00 78.88 78.75 78.56 78.44 78.44 78.41 78.28 78.22 78.19 78.22 78.22 78.28 78.38 78.38 78.34 78.28 78.19 78.09 78.03 78.00 78.03 78.06 78.12 78.25 78.31 78.41 78.53 78.56 78.69 78.84 78.97 79.12 79.25 79.34 79.44 79.56 79.72 79.84 80.00 80.12 80.31 80.47 80.66 80.84 81.03 81.19 81.31 81.44 81.59 81.75
78.12 78.00 77.94 77.97 77.88 77.84 77.84 77.81 77.78 77.78 77.78 77.78 77.81 77.81 77.88 77.91 78.00 78.03 78.75 79.75 79.72 79.59 79.50 79.38 79.25 79.16 79.03 78.84 78.88 78.88 78.88 78.81 78.69 78.62 78.59 78.66 78.69 78.72 78.72 78.66 78.59 78.50 78.44 78.34 78.28 78.28 78.31 78.38 78.44 78.50 78.59 78.69 78.78 78.84 78.91 79.06 79.19 79.34 79.50 79.62 79.72 79.84 79.97 80.09 80.25 80.41 80.56 80.78 80.94 81.09 81.25 81.34 81.47 81.62 81.75
78.62 78.69 78.53 78.47 78.47 78.38 78.34 78.34 78.31 78.31 78.31 78.25 78.31 78.28 78.34 78.41 78.41 78.56 79.59 80.09 79.97 79.88 79.75 79.66 79.53 79.41 79.28 79.25 79.31 79.31 79.28 79.25 79.16 79.09 79.09 79.09 79.09 79.09 79.06 79.00 78.94 78.84 78.78 78.69 78.62 78.59 78.59 78.59 78.66 78.69 78.78 78.84 78.94 79.03 79.12 79.19 79.28 79.41 79.56 79.72 79.88 80.03 80.12 80.22 80.34 80.56 80.72 80.91 81.06 81.19 81.31 81.41 81.50 81.62 81.78
79.34 79.41 79.31 79.06 79.09 78.97 78.91 78.88 78.84 78.81 78.81 78.78 78.84 78.84 78.84 78.91 78.88 79.34 80.31 80.38 80.25 80.16 80.03 79.91 79.81 79.69 79.62 79.72 79.72 79.78 79.75 79.69 79.62 79.56 79.53 79.53 79.50 79.47 79.41 79.34 79.28 79.19 79.09 79.03 78.97 78.91 78.88 78.88 78.91 78.94 78.97 79.06 79.12 79.19 79.28 79.38 79.47 79.53 79.66 79.81 79.97 80.12 80.28 80.41 80.53 80.69 80.88 81.03 81.16 81.28 81.38 81.47 81.56 81.69 81.81
80.12 80.00 80.00 79.72 79.69 79.62 79.50 79.50 79.44 79.41 79.38 79.41 79.38 79.44 79.44 79.41 79.44 80.19 80.75 80.66 80.53 80.41 80.31 80.19 80.06 79.97 80.06 80.16 80.19 80.19 80.16 80.12 80.09 80.03 80.00 79.94 79.88 79.84 79.75 79.69 79.59 79.53 79.44 79.38 79.28 79.25 79.19 79.19 79.16 79.19 79.22 79.25 79.31 79.38 79.47 79.53 79.66 79.75 79.84 79.91 80.03 80.19 80.34 80.50 80.66 80.81 80.97 81.12 81.25 81.38 81.47 81.56 81.62 81.72 81.84
80.78 80.69 80.69 80.41 80.31 80.31 80.12 80.12 80.03 80.00 79.97 80.03 79.97 80.03 79.97 79.97 80.22 80.91 81.03 80.91 80.81 80.69 80.56 80.47 80.34 80.34 80.56 80.62 80.59 80.62 80.59 80.56 80.53 80.47 80.41 80.34 80.28 80.22 80.12 80.06 79.97 79.88 79.78 79.72 79.62 79.56 79.53 79.50 79.47 79.44 79.47 79.47 79.53 79.56 79.62 79.72 79.81 79.88 80.00 80.09 80.19 80.28 80.44 80.59 80.75 80.88 81.03 81.16 81.31 81.44 81.53 81.62 81.69 81.78 81.88
81.38 81.38 81.34 81.19 80.97 80.94 80.72 80.66 80.75 80.59 80.62 80.66 80.59 80.59 80.62 80.66 81.31 81.41 81.31 81.19 81.06 80.97 80.84 80.75 80.62 80.84 81.06 81.09 81.09 81.06 81.03 81.00 80.97 80.91 80.84 80.75 80.69 80.59 80.50 80.41 80.31 80.22 80.12 80.06 79.97 79.91 79.84 79.81 79.78 79.75 79.72 79.72 79.75 79.78 79.81 79.88 79.97 80.03 80.12 80.22 80.34 80.44 80.56 80.66 80.81 80.97 81.09 81.22 81.34 81.47 81.59 81.69 81.75 81.84 81.94
81.97 81.94 81.94 81.81 81.69 81.59 81.31 81.44 81.38 81.44 81.41 81.31 81.31 81.28 81.34 81.97 82.00 81.69 81.56 81.47 81.34 81.22 81.12 81.00 81.00 81.38 81.50 81.47 81.50 81.50 81.47 81.44 81.38 81.31 81.25 81.16 81.06 80.97 80.88 80.78 80.69 80.59 80.50 80.41 80.31 80.25 80.19 80.12 80.09 80.06 80.03 80.00 80.00 80.00 80.03 80.09 80.12 80.19 80.28 80.38 80.44 80.53 80.66 80.75 80.88 81.03 81.16 81.28 81.38 81.50 81.62 81.72 81.84 81.91 82.00
82.50 82.47 82.44 82.38 82.28 82.19 82.06 82.00 82.12 82.06 82.16 82.09 81.97 82.00 82.47 82.59 82.19 81.97 81.84 81.72 81.62 81.50 81.41 81.28 81.78 81.88 81.91 81.94 81.91 81.91 81.91 81.84 81.81 81.72 81.66 81.56 81.47 81.34 81.25 81.16 81.03 80.94 80.84 80.75 80.66 80.59 80.50 80.44 80.41 80.34 80.31 80.28 80.25 80.22 80.25 80.28 80.31 80.34 80.44 80.50 80.59 80.66 80.75 80.88 80.97 81.06 81.19 81.31 81.44 81.53 81.66 81.75 81.88 81.97 82.09
83.00 82.97 82.94 82.88 82.78 82.69 82.66 82.66 82.78 82.72 82.84 82.78 82.72 82.84 82.88 82.69 82.34 82.25 82.12 82.00 81.91 81.78 81.66 81.78 82.47 82.50 82.28 82.38 82.38 82.34 82.31 82.28 82.22 82.12 82.03 81.94 81.84 81.72 81.62 81.50 81.41 81.28 81.19 81.09 81.00 80.94 80.84 80.78 80.72 80.66 80.62 80.56 80.53 80.50 80.47 80.47 80.50 80.53 80.59 80.66 80.72 80.78 80.88 80.97 81.06 81.16 81.25 81.34 81.44 81.56 81.69 81.81 81.91 82.00 82.12
83.47 83.47 83.44 83.34 83.19 83.19 83.34 83.38 83.34 83.44 83.50 83.44 83.44 83.19 83.09 82.75 82.59 82.47 82.34 82.25 82.12 82.06 81.94 82.41 83.00 82.84 82.81 82.81 82.78 82.78 82.72 82.69 82.59 82.53 82.44 82.34 82.22 82.12 82.00 81.88 81.75 81.66 81.53 81.44 81.34 81.25 81.19 81.09 81.03 80.97 80.91 80.84 80.81 80.75 80.72 80.69 80.69 80.72 80.75 80.81 80.88 80.94 81.00 81.06 81.16 81.25 81.31 81.41 81.50 81.59 81.72 81.81 81.94 82.03 82.16
83.94 83.94 83.91 83.88 83.78 83.88 83.94 84.00 84.00 84.00 84.09 84.03 84.06 83.34 83.16 82.94 82.81 82.72 82.59 82.47 82.38 82.25 82.25 82.94 83.19 83.06 83.19 83.25 83.19 83.16 83.12 83.06 83.00 82.91 82.81 82.72 82.59 82.50 82.38 82.25 82.12 82.00 81.91 81.78 81.69 81.59 81.50 81.44 81.34 81.28 81.22 81.16 81.09 81.03 80.97 80.91 80.91 80.94 80.97 81.00 81.06 81.09 81.16 81.22 81.28 81.34 81.41 81.47 81.56 81.66 81.75 81.88 81.97 82.06 82.19
84.41 84.44 84.44 84.41 84.47 84.44 84.50 84.56 84.56 84.59 84.66 84.69 84.31 83.44 83.31 83.16 83.06 82.94 82.81 82.72 82.59 82.50 82.75 83.31 83.28 83.19 83.59 83.59 83.59 83.56 83.53 83.47 83.41 83.31 83.22 83.09 83.00 82.88 82.75 82.62 82.50 82.38 82.25 82.12 82.03 81.94 81.84 81.75 81.69 81.59 81.53 81.44 81.38 81.31 81.25 81.19 81.12 81.12 81.16 81.19 81.22 81.28 81.31 81.34 81.38 81.44 81.50 81.59 81.66 81.75 81.84 81.91 82.03 82.12 82.22
84.84 84.88 84.94 84.97 85.03 85.00 85.00 84.97 84.97 84.97 85.00 85.09 84.25 83.69 83.53 83.44 83.28 83.19 83.06 82.94 82.84 82.78 83.19 83.38 83.34 83.38 83.84 83.94 83.94 83.94 83.91 83.84 83.78 83.69 83.59 83.50 83.38 83.25 83.09 82.97 82.84 82.72 82.59 82.47 82.38 82.28 82.19 82.09 82.00 81.94 81.84 81.78 81.69 81.62 81.53 81.47 81.41 81.41 81.41 81.41 81.44 81.47 81.47 81.50 81.53 81.56 81.62 81.69 81.75 81.81 81.91 81.97 82.06 82.16 82.25
85.22 85.31 85.38 85.44 85.50 85.44 85.38 85.31 85.28 85.25 85.22 85.19 84.19 83.88 83.75 83.62 83.53 83.41 83.28 83.19 83.06 83.25 83.56 83.44 83.50 83.84 84.12 84.25 84.31 84.31 84.28 84.25 84.19 84.09 83.97 83.88 83.75 83.62 83.47 83.34 83.22 83.06 82.94 82.84 82.72 82.62 82.53 82.44 82.34 82.28 82.19 82.12 82.03 81.97 81.88 81.78 81.72 81.66 81.66 81.66 81.66 81.66 81.66 81.69 81.69 81.72 81.75 81.78 81.88 81.91 81.97 82.03 82.12 82.19 82.28
85.59 85.69 85.75 85.81 85.84 85.78 85.69 85.59 85.53 85.47 85.41 84.94 84.31 84.12 84.00 83.84 83.72 83.59 83.50 83.38 83.38 83.78 83.78 83.69 83.94 84.25 84.47 84.59 84.66 84.69 84.66 84.62 84.56 84.47 84.38 84.25 84.12 84.00 83.84 83.72 83.56 83.44 83.31 83.19 83.06 82.97 82.88 82.78 82.72 82.66 82.56 82.50 82.41 82.31 82.22 82.12 82.03 81.97 81.91 81.91 81.88 81.88 81.84 81.88 81.88 81.88 81.91 81.91 81.97 82.03 82.06 82.12 82.19 82.25 82.31
85.94 86.00 86.09 86.12 86.16 86.06 85.97 85.88 85.78 85.69 85.44 84.72 84.44 84.31 84.19 84.06 83.94 83.81 83.69 83.59 83.84 84.31 84.03 84.19 84.44 84.66 84.84 84.97 85.03 85.03 85.03 85.00 84.94 84.84 84.75 84.62 84.50 84.34 84.22 84.06 83.94 83.78 83.66 83.53 83.44 83.34 83.25 83.16 83.09 83.03 82.97 82.88 82.81 82.72 82.59 82.50 82.41 82.28 82.19 82.16 82.09 82.06 82.06 82.06 82.03 82.03 82.03 82.03 82.06 82.12 82.16 82.19 82.25 82.31 82.34
86.25 86.31 86.38 86.44 86.44 86.34 86.22 86.12 86.03 85.84 85.16 84.78 84.62 84.50 84.38 84.25 84.09 83.97 83.91 83.88 84.41 84.56 84.53 84.72 84.91 85.09 85.25 85.34 85.41 85.41 85.41 85.38 85.31 85.22 85.12 85.00 84.88 84.72 84.59 84.44 84.28 84.16 84.00 83.91 83.78 83.69 83.62 83.56 83.50 83.44 83.38 83.28 83.22 83.12 83.03 82.91 82.78 82.66 82.53 82.44 82.34 82.31 82.28 82.25 82.25 82.19 82.22 82.19 82.19 82.22 82.25 82.28 82.31 82.38 82.41
86.53 86.62 86.66 86.69 86.69 86.59 86.50 86.38 86.16 85.56 85.16 84.94 84.81 84.69 84.53 84.41 84.28 84.16 84.03 84.34 84.78 84.81 85.03 85.22 85.38 85.53 85.66 85.72 85.78 85.81 85.78 85.75 85.69 85.62 85.50 85.41 85.25 85.09 84.94 84.78 84.66 84.50 84.38 84.25 84.16 84.06 84.00 83.94 83.91 83.84 83.78 83.72 83.62 83.53 83.44 83.31 83.19 83.03 82.88 82.75 82.62 82.59 82.53 82.47 82.44 82.41 82.38 82.34 82.34 82.34 82.34 82.38 82.41 82.44 82.47
86.84 86.91 86.94 86.97 86.94 86.84 86.75 86.56 85.81 85.50 85.28 85.12 84.97 84.84 84.72 84.59 84.47 84.34 84.47 84.91 85.06 85.28 85.50 85.66 85.81 85.94 86.06 86.12 86.16 86.19 86.16 86.12 86.06 86.00 85.88 85.75 85.62 85.47 85.31 85.16 85.00 84.88 84.75 84.62 84.53 84.47 84.41 84.34 84.31 84.25 84.22 84.16 84.06 83.97 83.88 83.75 83.59 83.44 83.28 83.12 82.94 82.88 82.78 82.75 82.69 82.62 82.59 82.53 82.47 82.47 82.47 82.47 82.47 82.50 82.53
87.12 87.19 87.22 87.22 87.19 87.12 87.03 86.09 85.78 85.59 85.44 85.31 85.19 85.03 84.91 84.78 84.66 84.62 85.12 85.38 85.53 85.75 85.94 86.12 86.25 86.38 86.47 86.50 86.56 86.56 86.53 86.50 86.44 86.38 86.25 86.12 86.00 85.84 85.69 85.53 85.38 85.22 85.09 85.00 84.94 84.88 84.81 84.78 84.75 84.69 84.66 84.59 84.53 84.44 84.34 84.22 84.06 83.88 83.72 83.50 83.31 83.19 83.06 82.97 82.91 82.84 82.78 82.72 82.66 82.62 82.56 82.56 82.56 82.56 82.59
87.41 87.44 87.47 87.50 87.47 87.41 86.66 86.06 85.88 85.75 85.59 85.47 85.34 85.19 85.09 84.97 84.84 85.19 85.62 85.75 86.00 86.19 86.41 86.56 86.69 86.78 86.88 86.91 86.94 86.94 86.94 86.88 86.81 86.75 86.62 86.50 86.38 86.22 86.06 85.88 85.72 85.59 85.47 85.41 85.34 85.28 85.25 85.22 85.19 85.16 85.09 85.03 84.97 84.88 84.78 84.66 84.50 84.34 84.16 83.97 83.75 83.56 83.44 83.31 83.19 83.12 83.06 82.94 82.88 82.78 82.69 82.69 82.66 82.66 82.66
87.66 87.69 87.72 87.75 87.69 87.31 86.47 86.19 86.03 85.91 85.75 85.62 85.50 85.38 85.22 85.16 85.28 85.66 85.91 86.19 86.44 86.66 86.84 87.00 87.12 87.22 87.28 87.31 87.34 87.34 87.31 87.28 87.22 87.12 87.03 86.91 86.75 86.59 86.44 86.28 86.12 85.97 85.88 85.78 85.75 85.72 85.69 85.66 85.62 85.59 85.56 85.50 85.44 85.34 85.25 85.12 85.00 84.84 84.66 84.44 84.22 84.03 83.81 83.75 83.62 83.50 83.38 83.22 83.06 82.97 82.84 82.81 82.75 82.75 82.72
87.91 87.94 87.97 87.88 87.53 86.78 86.53 86.31 86.19 86.06 85.94 85.78 85.66 85.53 85.38 85.44 85.78 86.00 86.28 86.62 86.88 87.12 87.31 87.44 87.56 87.66 87.69 87.75 87.75 87.75 87.72 87.66 87.59 87.50 87.41 87.28 87.16 87.00 86.84 86.69 86.53 86.38 86.28 86.22 86.19 86.16 86.16 86.12 86.09 86.06 86.00 85.97 85.91 85.81 85.72 85.59 85.47 85.31 85.12 84.94 84.75 84.53 84.34 84.19 84.00 83.94 83.75 83.47 83.31 83.16 83.00 82.94 82.88 82.81 82.81
88.12 88.16 88.06 87.59 87.00 86.78 86.62 86.50 86.38 86.22 86.09 85.94 85.81 85.69 85.66 86.06 86.34 86.44 86.78 87.09 87.38 87.59 87.75 87.88 88.00 88.06 88.12 88.16 88.16 88.16 88.12 88.06 88.00 87.91 87.81 87.69 87.56 87.41 87.28 87.12 86.97 86.84 86.75 86.69 86.69 86.66 86.62 86.59 86.56 86.53 86.47 86.41 86.34 86.25 86.16 86.06 85.94 85.78 85.62 85.44 85.25 85.06 84.88 84.72 84.56 84.34 84.09 83.72 83.56 83.34 83.16 83.06 83.00 82.94 82.91
88.34 88.31 87.78 87.19 87.06 86.91 86.78 86.62 86.50 86.38 86.25 86.09 85.97 85.91 86.28 86.72 86.78 87.03 87.34 87.62 87.88 88.06 88.22 88.34 88.44 88.50 88.56 88.56 88.59 88.56 88.53 88.50 88.41 88.34 88.22 88.12 88.00 87.84 87.72 87.56 87.44 87.34 87.25 87.22 87.19 87.12 87.09 87.06 87.03 86.97 86.94 86.88 86.78 86.72 86.62 86.50 86.38 86.25 86.06 85.91 85.72 85.56 85.38 85.19 84.94 84.66 84.38 84.06 83.78 83.50 83.31 83.19 83.09 83.03 83.00
