everonasctiles/Tile44,25.asc
ncols 128
nrows 128
xllcorner 0
yllcorner 0
cellsize 2.0
NODATA_value  -9999
[rows 30 to 59 of 128, columns 0 to 68 of 128]
-93.44 -93.50 -93.81 -94.09 -94.34 -94.59 -94.75 -94.88 -94.94 -94.94 -94.94 -94.94 -95.12 -95.47 -95.78 -96.06 -96.28 -96.44 -96.44 -96.34 -96.28 -96.22 -96.19 -96.12 -96.03 -96.09 -96.44 -96.75 -97.00 -97.16 -97.12 -96.97 -96.84 -97.31 -97.81 -98.12 -98.41 -98.66 -98.88 -99.03 -99.12 -99.25 -99.44 -99.69 -99.94 -100.19 -100.38 -100.53 -100.56 -100.50 -100.41 -100.34 -100.34 -100.41 -100.47 -100.53 -100.56 -100.62 -100.69 -100.78 -100.81 -100.84 -100.81 -100.75 -100.69 -100.66 -100.69 -100.78 -100.88
-93.38 -93.47 -93.69 -93.94 -94.16 -94.38 -94.50 -94.59 -94.66 -94.66 -94.66 -94.66 -94.84 -95.19 -95.50 -95.78 -96.00 -96.12 -96.09 -96.03 -95.97 -95.91 -95.88 -95.81 -95.78 -95.88 -96.12 -96.38 -96.59 -96.75 -96.75 -96.59 -96.47 -96.91 -97.44 -97.78 -98.03 -98.31 -98.56 -98.72 -98.88 -99.03 -99.25 -99.50 -99.75 -100.03 -100.22 -100.38 -100.41 -100.34 -100.25 -100.16 -100.19 -100.25 -100.31 -100.41 -100.44 -100.50 -100.56 -100.66 -100.69 -100.72 -100.69 -100.62 -100.56 -100.53 -100.56 -100.66 -100.75
-93.31 -93.41 -93.59 -93.78 -94.00 -94.16 -94.28 -94.34 -94.38 -94.38 -94.38 -94.38 -94.62 -94.97 -95.28 -95.53 -95.72 -95.81 -95.78 -95.72 -95.66 -95.62 -95.56 -95.53 -95.53 -95.62 -95.81 -96.03 -96.25 -96.38 -96.38 -96.22 -96.03 -96.41 -97.00 -97.41 -97.69 -97.97 -98.22 -98.44 -98.59 -98.78 -99.03 -99.31 -99.59 -99.84 -100.06 -100.19 -100.22 -100.16 -100.09 -100.00 -100.03 -100.09 -100.19 -100.25 -100.31 -100.38 -100.44 -100.53 -100.59 -100.59 -100.56 -100.50 -100.44 -100.41 -100.44 -100.53 -100.66
-93.28 -93.34 -93.47 -93.66 -93.84 -94.00 -94.09 -94.12 -94.12 -94.12 -94.09 -94.19 -94.50 -94.81 -95.09 -95.34 -95.47 -95.50 -95.47 -95.41 -95.38 -95.34 -95.31 -95.28 -95.28 -95.34 -95.50 -95.72 -95.91 -96.03 -96.03 -95.84 -95.62 -95.91 -96.53 -97.03 -97.34 -97.66 -97.91 -98.12 -98.31 -98.53 -98.81 -99.12 -99.41 -99.66 -99.88 -100.00 -100.03 -100.00 -99.91 -99.84 -99.88 -99.97 -100.06 -100.12 -100.19 -100.25 -100.31 -100.41 -100.47 -100.50 -100.47 -100.38 -100.31 -100.28 -100.31 -100.41 -100.53
-93.19 -93.25 -93.38 -93.53 -93.72 -93.84 -93.91 -93.91 -93.91 -93.84 -93.84 -94.03 -94.34 -94.62 -94.91 -95.12 -95.22 -95.22 -95.16 -95.09 -95.06 -95.06 -95.06 -95.03 -95.03 -95.09 -95.22 -95.41 -95.59 -95.72 -95.69 -95.53 -95.25 -95.50 -96.12 -96.69 -97.00 -97.31 -97.59 -97.84 -98.06 -98.31 -98.62 -98.94 -99.22 -99.47 -99.66 -99.78 -99.84 -99.81 -99.72 -99.69 -99.72 -99.81 -99.91 -100.00 -100.06 -100.12 -100.22 -100.28 -100.38 -100.38 -100.34 -100.25 -100.19 -100.16 -100.22 -100.31 -100.41
-93.09 -93.16 -93.28 -93.41 -93.56 -93.69 -93.72 -93.72 -93.69 -93.62 -93.66 -93.88 -94.16 -94.44 -94.69 -94.91 -95.00 -94.97 -94.88 -94.81 -94.78 -94.81 -94.81 -94.78 -94.78 -94.84 -94.94 -95.12 -95.31 -95.44 -95.38 -95.22 -94.94 -95.19 -95.84 -96.34 -96.69 -97.00 -97.28 -97.56 -97.84 -98.16 -98.47 -98.75 -99.03 -99.25 -99.41 -99.53 -99.59 -99.59 -99.56 -99.53 -99.59 -99.69 -99.78 -99.84 -99.94 -100.00 -100.06 -100.16 -100.25 -100.25 -100.19 -100.09 -100.03 -100.03 -100.06 -100.16 -100.28
-93.00 -93.03 -93.16 -93.31 -93.44 -93.53 -93.56 -93.53 -93.50 -93.44 -93.47 -93.72 -93.97 -94.22 -94.47 -94.62 -94.72 -94.69 -94.62 -94.56 -94.53 -94.53 -94.53 -94.53 -94.53 -94.56 -94.69 -94.88 -95.06 -95.16 -95.09 -94.94 -94.69 -94.94 -95.56 -96.03 -96.38 -96.72 -97.03 -97.34 -97.66 -97.97 -98.28 -98.56 -98.81 -99.00 -99.16 -99.28 -99.38 -99.38 -99.34 -99.34 -99.44 -99.53 -99.62 -99.69 -99.78 -99.84 -99.94 -100.03 -100.09 -100.09 -100.00 -99.94 -99.88 -99.84 -99.91 -100.00 -100.12
-92.88 -92.94 -93.03 -93.19 -93.31 -93.38 -93.41 -93.38 -93.34 -93.28 -93.34 -93.56 -93.78 -94.00 -94.22 -94.34 -94.44 -94.44 -94.38 -94.31 -94.28 -94.28 -94.28 -94.25 -94.25 -94.28 -94.41 -94.59 -94.75 -94.88 -94.84 -94.69 -94.53 -94.78 -95.31 -95.75 -96.09 -96.44 -96.81 -97.16 -97.50 -97.81 -98.09 -98.34 -98.56 -98.75 -98.91 -99.03 -99.12 -99.12 -99.12 -99.16 -99.25 -99.34 -99.44 -99.53 -99.62 -99.69 -99.78 -99.88 -99.94 -99.91 -99.81 -99.72 -99.66 -99.62 -99.69 -99.81 -99.94
-92.72 -92.78 -92.91 -93.06 -93.19 -93.25 -93.25 -93.22 -93.19 -93.16 -93.22 -93.41 -93.59 -93.78 -93.94 -94.06 -94.12 -94.12 -94.09 -94.06 -94.03 -94.03 -94.00 -93.97 -93.97 -94.00 -94.12 -94.28 -94.47 -94.56 -94.56 -94.47 -94.41 -94.66 -95.09 -95.50 -95.88 -96.25 -96.59 -96.97 -97.31 -97.62 -97.88 -98.12 -98.31 -98.47 -98.62 -98.75 -98.84 -98.88 -98.91 -98.97 -99.03 -99.12 -99.25 -99.34 -99.44 -99.53 -99.59 -99.69 -99.72 -99.69 -99.56 -99.47 -99.41 -99.41 -99.47 -99.56 -99.72
-92.56 -92.66 -92.78 -92.94 -93.03 -93.09 -93.09 -93.09 -93.06 -93.06 -93.12 -93.25 -93.41 -93.56 -93.69 -93.75 -93.78 -93.78 -93.78 -93.75 -93.75 -93.75 -93.72 -93.69 -93.66 -93.69 -93.81 -94.00 -94.16 -94.28 -94.31 -94.28 -94.28 -94.56 -94.94 -95.31 -95.69 -96.06 -96.44 -96.78 -97.09 -97.41 -97.66 -97.88 -98.06 -98.19 -98.34 -98.47 -98.56 -98.62 -98.66 -98.72 -98.81 -98.91 -99.03 -99.12 -99.25 -99.31 -99.41 -99.50 -99.53 -99.44 -99.31 -99.19 -99.09 -99.09 -99.19 -99.31 -99.44
-92.41 -92.50 -92.62 -92.78 -92.88 -92.94 -92.97 -92.94 -92.94 -92.97 -93.03 -93.12 -93.25 -93.34 -93.41 -93.47 -93.47 -93.47 -93.47 -93.47 -93.47 -93.47 -93.41 -93.38 -93.34 -93.38 -93.50 -93.69 -93.84 -94.00 -94.03 -94.06 -94.19 -94.47 -94.81 -95.19 -95.53 -95.91 -96.25 -96.59 -96.88 -97.16 -97.38 -97.59 -97.75 -97.91 -98.06 -98.19 -98.28 -98.34 -98.41 -98.47 -98.56 -98.66 -98.78 -98.91 -99.03 -99.12 -99.22 -99.28 -99.28 -99.19 -99.06 -98.91 -98.78 -98.75 -98.84 -99.00 -99.16
-92.22 -92.31 -92.47 -92.59 -92.69 -92.75 -92.78 -92.81 -92.81 -92.84 -92.94 -93.00 -93.09 -93.16 -93.19 -93.19 -93.16 -93.16 -93.16 -93.16 -93.16 -93.16 -93.09 -93.06 -93.03 -93.06 -93.19 -93.34 -93.53 -93.69 -93.75 -93.84 -94.03 -94.34 -94.69 -95.03 -95.38 -95.72 -96.03 -96.34 -96.62 -96.88 -97.09 -97.28 -97.47 -97.62 -97.78 -97.91 -98.00 -98.06 -98.12 -98.19 -98.28 -98.41 -98.56 -98.69 -98.81 -98.91 -98.97 -99.03 -99.03 -98.91 -98.75 -98.56 -98.38 -98.31 -98.44 -98.66 -98.88
-92.00 -92.12 -92.25 -92.41 -92.50 -92.56 -92.62 -92.66 -92.69 -92.75 -92.81 -92.88 -92.94 -92.94 -92.94 -92.91 -92.88 -92.84 -92.81 -92.84 -92.84 -92.81 -92.78 -92.72 -92.69 -92.72 -92.84 -93.00 -93.19 -93.38 -93.47 -93.62 -93.88 -94.19 -94.50 -94.84 -95.16 -95.47 -95.78 -96.06 -96.31 -96.56 -96.78 -97.00 -97.22 -97.38 -97.56 -97.69 -97.75 -97.78 -97.81 -97.88 -98.00 -98.16 -98.31 -98.47 -98.59 -98.66 -98.72 -98.78 -98.75 -98.59 -98.41 -98.19 -97.97 -97.75 -97.91 -98.25 -98.53
-91.75 -91.88 -92.03 -92.19 -92.28 -92.38 -92.44 -92.47 -92.53 -92.62 -92.69 -92.75 -92.78 -92.78 -92.75 -92.69 -92.62 -92.56 -92.53 -92.50 -92.50 -92.50 -92.44 -92.38 -92.34 -92.38 -92.50 -92.66 -92.84 -93.03 -93.19 -93.41 -93.66 -93.97 -94.28 -94.59 -94.88 -95.19 -95.50 -95.78 -96.03 -96.25 -96.50 -96.75 -97.00 -97.19 -97.34 -97.44 -97.44 -97.47 -97.50 -97.56 -97.72 -97.91 -98.09 -98.25 -98.34 -98.38 -98.44 -98.47 -98.44 -98.28 -98.06 -97.81 -97.50 -97.19 -97.38 -97.81 -98.16
-91.50 -91.62 -91.78 -91.94 -92.06 -92.16 -92.22 -92.31 -92.38 -92.47 -92.56 -92.66 -92.69 -92.66 -92.59 -92.50 -92.38 -92.28 -92.22 -92.19 -92.19 -92.16 -92.09 -92.03 -91.97 -92.00 -92.12 -92.31 -92.50 -92.69 -92.91 -93.16 -93.44 -93.72 -94.00 -94.25 -94.56 -94.88 -95.16 -95.47 -95.72 -96.00 -96.28 -96.56 -96.81 -97.00 -97.12 -97.16 -97.16 -97.12 -97.16 -97.28 -97.47 -97.66 -97.84 -98.00 -98.06 -98.09 -98.09 -98.12 -98.06 -97.91 -97.69 -97.44 -97.09 -96.66 -96.81 -97.34 -97.72
-91.16 -91.34 -91.50 -91.66 -91.81 -91.94 -92.03 -92.12 -92.22 -92.31 -92.44 -92.53 -92.56 -92.53 -92.44 -92.31 -92.16 -92.03 -91.91 -91.84 -91.81 -91.78 -91.72 -91.66 -91.59 -91.56 -91.72 -91.94 -92.16 -92.38 -92.62 -92.91 -93.19 -93.41 -93.66 -93.91 -94.22 -94.56 -94.88 -95.16 -95.47 -95.78 -96.09 -96.38 -96.59 -96.78 -96.91 -96.91 -96.84 -96.81 -96.88 -97.00 -97.19 -97.41 -97.59 -97.72 -97.78 -97.75 -97.75 -97.75 -97.66 -97.53 -97.31 -97.03 -96.72 -96.19 -96.22 -96.78 -97.25
-90.75 -91.00 -91.22 -91.38 -91.53 -91.69 -91.81 -91.94 -92.06 -92.19 -92.28 -92.41 -92.44 -92.41 -92.31 -92.16 -91.97 -91.78 -91.59 -91.50 -91.47 -91.44 -91.38 -91.28 -91.19 -91.12 -91.22 -91.44 -91.72 -92.03 -92.31 -92.59 -92.84 -93.06 -93.28 -93.53 -93.88 -94.25 -94.59 -94.94 -95.25 -95.56 -95.88 -96.16 -96.38 -96.53 -96.62 -96.62 -96.56 -96.53 -96.56 -96.75 -96.94 -97.12 -97.31 -97.47 -97.47 -97.44 -97.38 -97.34 -97.25 -97.09 -96.88 -96.66 -96.34 -95.75 -95.62 -96.19 -96.78
-90.28 -90.59 -90.91 -91.09 -91.28 -91.44 -91.59 -91.72 -91.88 -92.00 -92.12 -92.25 -92.28 -92.25 -92.12 -91.97 -91.75 -91.56 -91.31 -91.16 -91.09 -91.06 -91.00 -90.91 -90.78 -90.62 -90.56 -90.75 -91.16 -91.62 -91.94 -92.25 -92.50 -92.69 -92.88 -93.16 -93.56 -93.97 -94.34 -94.69 -95.03 -95.38 -95.69 -95.94 -96.12 -96.25 -96.34 -96.34 -96.28 -96.25 -96.28 -96.47 -96.66 -96.88 -97.06 -97.19 -97.19 -97.12 -97.03 -96.94 -96.81 -96.66 -96.47 -96.28 -95.94 -95.28 -95.09 -95.66 -96.28
-89.84 -90.12 -90.56 -90.81 -91.00 -91.19 -91.38 -91.53 -91.66 -91.81 -91.97 -92.06 -92.09 -92.06 -91.94 -91.78 -91.56 -91.31 -91.06 -90.81 -90.75 -90.72 -90.66 -90.53 -90.41 -90.12 -89.91 -90.06 -90.53 -91.16 -91.56 -91.84 -92.09 -92.28 -92.47 -92.81 -93.28 -93.69 -94.09 -94.47 -94.78 -95.12 -95.44 -95.66 -95.84 -95.94 -96.03 -96.06 -96.03 -95.97 -96.00 -96.19 -96.41 -96.62 -96.81 -96.94 -96.94 -96.84 -96.69 -96.56 -96.44 -96.25 -96.03 -95.78 -95.28 -94.72 -94.56 -95.22 -95.81
-89.47 -89.72 -90.22 -90.53 -90.72 -90.94 -91.12 -91.28 -91.44 -91.62 -91.75 -91.88 -91.91 -91.88 -91.75 -91.56 -91.34 -91.12 -90.88 -90.59 -90.44 -90.41 -90.34 -90.22 -90.06 -89.78 -89.41 -89.47 -89.97 -90.72 -91.12 -91.44 -91.66 -91.84 -92.09 -92.50 -92.97 -93.41 -93.81 -94.16 -94.50 -94.81 -95.12 -95.34 -95.50 -95.62 -95.72 -95.78 -95.75 -95.72 -95.78 -96.00 -96.22 -96.44 -96.62 -96.72 -96.72 -96.59 -96.44 -96.25 -96.00 -95.75 -95.38 -94.97 -94.50 -94.06 -94.06 -94.72 -95.31
-89.28 -89.31 -89.78 -90.25 -90.47 -90.66 -90.88 -91.03 -91.22 -91.41 -91.56 -91.66 -91.69 -91.66 -91.56 -91.41 -91.19 -90.97 -90.72 -90.50 -90.28 -90.19 -90.09 -89.97 -89.78 -89.56 -89.12 -89.06 -89.59 -90.34 -90.72 -91.00 -91.22 -91.41 -91.72 -92.19 -92.66 -93.09 -93.50 -93.84 -94.16 -94.50 -94.81 -95.03 -95.19 -95.31 -95.41 -95.50 -95.50 -95.53 -95.66 -95.88 -96.09 -96.28 -96.47 -96.56 -96.53 -96.41 -96.25 -96.00 -95.72 -95.34 -94.91 -94.41 -93.91 -93.50 -93.50 -94.12 -94.78
-89.28 -88.97 -89.28 -89.81 -90.22 -90.41 -90.59 -90.78 -91.00 -91.19 -91.31 -91.44 -91.47 -91.44 -91.38 -91.25 -91.03 -90.81 -90.59 -90.38 -90.19 -90.03 -89.91 -89.75 -89.59 -89.38 -89.00 -88.81 -89.31 -90.00 -90.31 -90.56 -90.78 -91.00 -91.34 -91.91 -92.38 -92.78 -93.12 -93.50 -93.84 -94.22 -94.50 -94.72 -94.84 -95.00 -95.12 -95.22 -95.31 -95.38 -95.56 -95.78 -96.00 -96.19 -96.34 -96.44 -96.41 -96.31 -96.16 -95.91 -95.62 -95.28 -94.81 -94.25 -93.66 -93.16 -93.00 -93.44 -94.06
-89.44 -88.91 -88.84 -89.28 -89.88 -90.16 -90.38 -90.56 -90.75 -90.94 -91.09 -91.19 -91.22 -91.22 -91.16 -91.03 -90.88 -90.66 -90.44 -90.25 -90.06 -89.88 -89.75 -89.62 -89.44 -89.25 -88.97 -88.69 -89.06 -89.66 -89.94 -90.16 -90.34 -90.50 -90.88 -91.50 -92.03 -92.44 -92.81 -93.19 -93.56 -93.91 -94.22 -94.41 -94.56 -94.72 -94.88 -95.00 -95.12 -95.28 -95.53 -95.75 -96.00 -96.19 -96.38 -96.47 -96.44 -96.34 -96.16 -95.91 -95.59 -95.28 -94.91 -94.38 -93.78 -93.16 -92.72 -92.75 -93.12
-89.72 -89.09 -88.66 -88.84 -89.34 -89.84 -90.12 -90.34 -90.53 -90.72 -90.88 -90.94 -90.97 -90.97 -90.91 -90.81 -90.62 -90.44 -90.25 -90.03 -89.88 -89.72 -89.59 -89.47 -89.34 -89.16 -88.91 -88.53 -88.72 -89.31 -89.62 -89.78 -89.84 -89.91 -90.25 -90.81 -91.41 -92.00 -92.50 -92.91 -93.28 -93.62 -93.91 -94.12 -94.28 -94.50 -94.69 -94.84 -95.03 -95.28 -95.56 -95.81 -96.06 -96.31 -96.50 -96.62 -96.59 -96.47 -96.28 -96.00 -95.66 -95.28 -94.94 -94.53 -94.00 -93.41 -92.81 -92.41 -92.38
-90.00 -89.44 -88.88 -88.62 -88.94 -89.41 -89.88 -90.16 -90.34 -90.50 -90.66 -90.72 -90.72 -90.72 -90.66 -90.56 -90.41 -90.22 -90.03 -89.84 -89.69 -89.53 -89.44 -89.34 -89.25 -89.09 -88.88 -88.44 -88.38 -88.75 -89.09 -89.22 -89.22 -89.31 -89.62 -90.16 -90.81 -91.53 -92.25 -92.66 -93.00 -93.34 -93.62 -93.88 -94.09 -94.31 -94.50 -94.72 -95.00 -95.34 -95.66 -95.94 -96.22 -96.47 -96.69 -96.81 -96.78 -96.66 -96.44 -96.12 -95.78 -95.41 -95.00 -94.62 -94.25 -93.69 -93.06 -92.56 -92.31
-90.12 -89.75 -89.22 -88.88 -88.84 -89.19 -89.66 -90.00 -90.19 -90.34 -90.47 -90.50 -90.53 -90.50 -90.44 -90.31 -90.16 -90.00 -89.81 -89.62 -89.47 -89.34 -89.25 -89.22 -89.19 -89.12 -88.97 -88.50 -88.16 -88.28 -88.59 -88.78 -88.88 -88.97 -89.22 -89.69 -90.38 -91.19 -91.97 -92.44 -92.78 -93.12 -93.44 -93.72 -94.00 -94.28 -94.53 -94.81 -95.12 -95.50 -95.84 -96.16 -96.44 -96.69 -96.88 -97.00 -97.00 -96.84 -96.62 -96.31 -95.97 -95.56 -95.16 -94.75 -94.41 -93.91 -93.25 -92.97 -92.91
-90.22 -89.97 -89.66 -89.34 -89.16 -89.28 -89.59 -89.94 -90.12 -90.25 -90.31 -90.34 -90.34 -90.31 -90.22 -90.09 -89.91 -89.69 -89.47 -89.28 -89.12 -89.00 -88.97 -89.19 -89.34 -89.38 -89.28 -88.81 -88.31 -88.25 -88.72 -89.22 -89.50 -89.50 -89.34 -89.47 -90.00 -90.75 -91.53 -92.19 -92.62 -92.97 -93.31 -93.69 -94.03 -94.38 -94.69 -95.00 -95.34 -95.69 -96.06 -96.38 -96.66 -96.94 -97.12 -97.25 -97.22 -97.09 -96.84 -96.53 -96.16 -95.75 -95.31 -94.91 -94.50 -93.88 -93.44 -93.59 -93.81
-90.31 -90.19 -90.09 -89.88 -89.66 -89.66 -89.84 -90.03 -90.16 -90.22 -90.25 -90.25 -90.19 -90.16 -90.06 -89.94 -89.72 -89.50 -89.31 -89.16 -88.97 -88.84 -88.94 -89.38 -89.66 -89.72 -89.69 -89.31 -88.66 -88.50 -89.12 -89.94 -90.28 -90.41 -90.16 -89.81 -89.81 -90.31 -91.03 -91.78 -92.44 -92.88 -93.28 -93.69 -94.09 -94.50 -94.88 -95.22 -95.59 -95.94 -96.31 -96.62 -96.94 -97.19 -97.41 -97.50 -97.50 -97.34 -97.09 -96.78 -96.38 -95.97 -95.50 -95.00 -94.38 -93.78 -93.75 -94.34 -94.72
-90.47 -90.44 -90.41 -90.31 -90.19 -90.12 -90.19 -90.25 -90.31 -90.34 -90.38 -90.34 -90.28 -90.25 -90.16 -90.06 -89.94 -89.78 -89.69 -89.56 -89.34 -89.16 -89.19 -89.69 -90.06 -90.19 -90.16 -89.91 -89.12 -88.81 -89.44 -90.41 -90.75 -91.00 -91.09 -90.72 -90.25 -90.16 -90.66 -91.41 -92.16 -92.81 -93.25 -93.69 -94.16 -94.59 -95.03 -95.44 -95.84 -96.22 -96.56 -96.91 -97.22 -97.47 -97.69 -97.78 -97.75 -97.62 -97.38 -97.03 -96.66 -96.19 -95.69 -95.06 -94.38 -93.84 -94.16 -94.97 -95.28
-90.69 -90.72 -90.69 -90.62 -90.56 -90.47 -90.44 -90.47 -90.50 -90.53 -90.53 -90.53 -90.47 -90.44 -90.38 -90.31 -90.25 -90.19 -90.16 -90.09 -89.88 -89.66 -89.66 -90.06 -90.56 -90.75 -90.75 -90.53 -89.72 -89.19 -89.66 -90.75 -91.25 -91.56 -91.78 -91.78 -91.19 -90.62 -90.56 -91.09 -91.88 -92.66 -93.25 -93.72 -94.19 -94.69 -95.19 -95.62 -96.06 -96.47 -96.84 -97.19 -97.50 -97.75 -97.97 -98.06 -98.06 -97.91 -97.69 -97.34 -96.97 -96.53 -96.03 -95.38 -94.66 -94.16 -94.56 -95.50 -95.88
