everonasctiles/Tile40,26.asc
ncols 128
nrows 128
xllcorner 0
yllcorner 0
cellsize 2.0
NODATA_value  -9999
[rows 0 to 28 of 128, columns 0 to 66 of 128]
-118.91 -119.25 -119.59 -119.94 -120.28 -120.59 -120.91 -121.19 -121.44 -121.69 -121.94 -122.12 -122.34 -122.56 -122.75 -122.97 -123.16 -123.31 -123.44 -123.56 -123.62 -123.62 -123.62 -123.56 -123.53 -123.50 -123.44 -123.41 -123.41 -123.44 -123.47 -123.50 -123.53 -123.56 -123.59 -123.62 -123.62 -123.62 -123.62 -123.59 -123.59 -123.59 -123.56 -123.53 -123.47 -123.41 -123.31 -123.25 -123.16 -123.09 -123.06 -123.03 -123.03 -123.03 -123.03 -123.00 -123.00 -122.94 -122.91 -122.88 -122.81 -122.75 -122.72 -122.66 -122.59 -122.56 -122.53
-118.88 -119.16 -119.50 -119.81 -120.12 -120.44 -120.75 -121.03 -121.31 -121.56 -121.81 -122.03 -122.28 -122.50 -122.75 -122.94 -123.12 -123.31 -123.44 -123.56 -123.62 -123.62 -123.62 -123.59 -123.53 -123.50 -123.47 -123.44 -123.44 -123.44 -123.44 -123.47 -123.50 -123.53 -123.53 -123.56 -123.56 -123.56 -123.53 -123.53 -123.50 -123.50 -123.47 -123.44 -123.41 -123.31 -123.25 -123.16 -123.09 -123.03 -123.00 -123.00 -122.97 -122.97 -122.97 -122.97 -122.94 -122.91 -122.88 -122.84 -122.78 -122.72 -122.69 -122.62 -122.56 -122.50 -122.44
-118.81 -119.06 -119.38 -119.69 -120.00 -120.28 -120.59 -120.88 -121.16 -121.44 -121.69 -121.97 -122.22 -122.47 -122.72 -122.94 -123.12 -123.28 -123.44 -123.53 -123.62 -123.62 -123.62 -123.59 -123.56 -123.53 -123.50 -123.50 -123.50 -123.47 -123.47 -123.47 -123.50 -123.50 -123.50 -123.50 -123.50 -123.47 -123.47 -123.44 -123.44 -123.44 -123.41 -123.38 -123.34 -123.28 -123.19 -123.12 -123.06 -123.00 -122.97 -122.97 -122.94 -122.94 -122.94 -122.94 -122.91 -122.91 -122.88 -122.81 -122.78 -122.72 -122.66 -122.59 -122.50 -122.44 -122.38
-118.69 -118.97 -119.25 -119.56 -119.84 -120.16 -120.44 -120.72 -121.03 -121.31 -121.59 -121.88 -122.16 -122.44 -122.69 -122.88 -123.09 -123.25 -123.41 -123.53 -123.59 -123.66 -123.66 -123.62 -123.62 -123.59 -123.59 -123.56 -123.56 -123.56 -123.56 -123.53 -123.53 -123.50 -123.50 -123.47 -123.47 -123.44 -123.41 -123.41 -123.38 -123.38 -123.34 -123.34 -123.28 -123.25 -123.19 -123.12 -123.06 -123.03 -123.00 -123.00 -122.97 -122.97 -122.94 -122.94 -122.91 -122.88 -122.84 -122.81 -122.75 -122.69 -122.62 -122.56 -122.50 -122.41 -122.31
-118.38 -118.72 -119.09 -119.41 -119.72 -120.03 -120.31 -120.59 -120.91 -121.22 -121.50 -121.81 -122.09 -122.38 -122.59 -122.81 -123.03 -123.22 -123.38 -123.50 -123.59 -123.66 -123.66 -123.66 -123.66 -123.66 -123.66 -123.66 -123.62 -123.62 -123.62 -123.59 -123.59 -123.56 -123.53 -123.50 -123.47 -123.44 -123.41 -123.38 -123.38 -123.34 -123.34 -123.31 -123.28 -123.25 -123.22 -123.19 -123.12 -123.09 -123.06 -123.06 -123.03 -123.00 -122.97 -122.94 -122.94 -122.91 -122.88 -122.81 -122.78 -122.72 -122.62 -122.56 -122.47 -122.38 -122.28
-118.03 -118.41 -118.88 -119.38 -119.78 -120.09 -120.34 -120.53 -120.78 -121.09 -121.44 -121.75 -122.00 -122.28 -122.50 -122.75 -122.94 -123.16 -123.34 -123.47 -123.59 -123.66 -123.69 -123.69 -123.69 -123.72 -123.72 -123.72 -123.72 -123.69 -123.69 -123.66 -123.62 -123.59 -123.56 -123.53 -123.50 -123.47 -123.44 -123.41 -123.38 -123.38 -123.34 -123.34 -123.34 -123.31 -123.28 -123.25 -123.22 -123.19 -123.16 -123.12 -123.09 -123.06 -123.03 -123.00 -122.97 -122.94 -122.88 -122.84 -122.78 -122.72 -122.62 -122.56 -122.47 -122.34 -122.25
-118.03 -118.41 -118.97 -119.59 -120.00 -120.28 -120.53 -120.72 -120.88 -121.06 -121.34 -121.66 -121.94 -122.19 -122.44 -122.66 -122.88 -123.09 -123.28 -123.47 -123.59 -123.69 -123.72 -123.72 -123.72 -123.75 -123.75 -123.75 -123.75 -123.75 -123.72 -123.69 -123.66 -123.62 -123.59 -123.56 -123.53 -123.50 -123.47 -123.44 -123.44 -123.41 -123.41 -123.41 -123.41 -123.38 -123.34 -123.31 -123.28 -123.25 -123.22 -123.19 -123.16 -123.12 -123.09 -123.03 -123.00 -122.97 -122.94 -122.88 -122.81 -122.72 -122.62 -122.53 -122.44 -122.31 -122.22
-118.44 -118.69 -119.25 -119.91 -120.25 -120.50 -120.75 -120.97 -121.12 -121.28 -121.41 -121.59 -121.84 -122.12 -122.38 -122.59 -122.81 -123.03 -123.25 -123.44 -123.56 -123.66 -123.72 -123.75 -123.75 -123.75 -123.75 -123.78 -123.78 -123.78 -123.75 -123.72 -123.69 -123.62 -123.59 -123.56 -123.53 -123.53 -123.50 -123.50 -123.47 -123.47 -123.47 -123.44 -123.44 -123.44 -123.41 -123.38 -123.34 -123.31 -123.28 -123.25 -123.22 -123.19 -123.12 -123.09 -123.06 -123.00 -122.94 -122.88 -122.81 -122.72 -122.59 -122.50 -122.38 -122.28 -122.16
-119.09 -119.22 -119.59 -120.16 -120.50 -120.75 -121.03 -121.25 -121.41 -121.56 -121.69 -121.81 -121.91 -122.06 -122.31 -122.56 -122.78 -123.00 -123.19 -123.38 -123.53 -123.66 -123.72 -123.75 -123.75 -123.78 -123.78 -123.78 -123.78 -123.78 -123.75 -123.72 -123.69 -123.62 -123.59 -123.56 -123.56 -123.53 -123.53 -123.53 -123.53 -123.50 -123.50 -123.47 -123.47 -123.47 -123.44 -123.41 -123.38 -123.34 -123.31 -123.28 -123.25 -123.19 -123.16 -123.12 -123.09 -123.03 -122.97 -122.91 -122.81 -122.69 -122.56 -122.44 -122.34 -122.22 -122.09
-119.88 -119.88 -120.09 -120.47 -120.78 -121.03 -121.28 -121.53 -121.69 -121.81 -121.94 -122.06 -122.12 -122.19 -122.31 -122.50 -122.75 -122.94 -123.16 -123.34 -123.50 -123.62 -123.72 -123.75 -123.75 -123.78 -123.78 -123.78 -123.78 -123.78 -123.75 -123.69 -123.66 -123.62 -123.59 -123.56 -123.56 -123.56 -123.56 -123.56 -123.53 -123.53 -123.50 -123.50 -123.50 -123.47 -123.44 -123.41 -123.38 -123.34 -123.31 -123.28 -123.25 -123.19 -123.16 -123.12 -123.09 -123.03 -122.97 -122.88 -122.78 -122.69 -122.56 -122.41 -122.28 -122.16 -122.03
-120.50 -120.56 -120.66 -120.84 -121.06 -121.31 -121.56 -121.78 -121.97 -122.09 -122.22 -122.31 -122.38 -122.41 -122.44 -122.50 -122.69 -122.91 -123.12 -123.28 -123.44 -123.56 -123.66 -123.72 -123.75 -123.75 -123.75 -123.75 -123.75 -123.75 -123.72 -123.69 -123.66 -123.62 -123.59 -123.56 -123.56 -123.56 -123.56 -123.56 -123.53 -123.53 -123.53 -123.50 -123.50 -123.50 -123.47 -123.44 -123.38 -123.34 -123.31 -123.25 -123.22 -123.19 -123.16 -123.09 -123.06 -123.00 -122.94 -122.88 -122.78 -122.66 -122.53 -122.41 -122.25 -122.12 -121.97
-120.88 -120.97 -121.06 -121.22 -121.41 -121.62 -121.81 -122.03 -122.22 -122.38 -122.47 -122.56 -122.59 -122.62 -122.66 -122.66 -122.72 -122.91 -123.09 -123.25 -123.41 -123.53 -123.62 -123.69 -123.72 -123.72 -123.72 -123.72 -123.72 -123.72 -123.69 -123.66 -123.62 -123.59 -123.56 -123.56 -123.56 -123.56 -123.56 -123.56 -123.53 -123.53 -123.53 -123.53 -123.53 -123.50 -123.47 -123.44 -123.38 -123.34 -123.28 -123.25 -123.19 -123.16 -123.12 -123.06 -123.03 -122.97 -122.91 -122.84 -122.75 -122.66 -122.53 -122.41 -122.25 -122.12 -121.97
-121.22 -121.31 -121.44 -121.56 -121.75 -121.91 -122.12 -122.31 -122.47 -122.62 -122.72 -122.78 -122.84 -122.84 -122.88 -122.88 -122.88 -122.97 -123.09 -123.25 -123.38 -123.50 -123.59 -123.66 -123.66 -123.69 -123.69 -123.69 -123.69 -123.69 -123.66 -123.66 -123.62 -123.59 -123.56 -123.56 -123.56 -123.56 -123.53 -123.53 -123.53 -123.53 -123.53 -123.53 -123.53 -123.50 -123.47 -123.44 -123.38 -123.34 -123.28 -123.22 -123.19 -123.12 -123.09 -123.03 -123.00 -122.94 -122.88 -122.81 -122.75 -122.66 -122.53 -122.41 -122.28 -122.12 -121.97
-121.53 -121.62 -121.75 -121.88 -122.03 -122.22 -122.38 -122.56 -122.72 -122.84 -122.94 -123.00 -123.06 -123.06 -123.06 -123.06 -123.09 -123.12 -123.19 -123.28 -123.41 -123.50 -123.56 -123.62 -123.62 -123.62 -123.62 -123.62 -123.62 -123.62 -123.62 -123.59 -123.59 -123.56 -123.53 -123.53 -123.53 -123.53 -123.53 -123.50 -123.50 -123.50 -123.50 -123.50 -123.50 -123.50 -123.47 -123.44 -123.38 -123.31 -123.28 -123.22 -123.16 -123.12 -123.06 -123.00 -122.94 -122.91 -122.84 -122.78 -122.72 -122.62 -122.50 -122.38 -122.25 -122.09 -121.94
-121.78 -121.91 -122.00 -122.16 -122.31 -122.47 -122.62 -122.78 -122.94 -123.06 -123.16 -123.22 -123.25 -123.28 -123.28 -123.25 -123.25 -123.28 -123.31 -123.38 -123.44 -123.50 -123.56 -123.59 -123.59 -123.59 -123.59 -123.59 -123.59 -123.59 -123.59 -123.56 -123.53 -123.50 -123.50 -123.50 -123.50 -123.50 -123.47 -123.47 -123.47 -123.44 -123.47 -123.47 -123.47 -123.47 -123.44 -123.41 -123.34 -123.31 -123.25 -123.19 -123.16 -123.09 -123.03 -122.97 -122.91 -122.84 -122.78 -122.72 -122.66 -122.56 -122.47 -122.34 -122.22 -122.06 -121.88
-121.97 -122.09 -122.22 -122.38 -122.50 -122.66 -122.81 -122.97 -123.09 -123.22 -123.31 -123.41 -123.44 -123.44 -123.44 -123.44 -123.44 -123.44 -123.44 -123.50 -123.53 -123.56 -123.59 -123.59 -123.59 -123.56 -123.56 -123.56 -123.53 -123.53 -123.53 -123.50 -123.47 -123.44 -123.44 -123.44 -123.44 -123.44 -123.44 -123.44 -123.41 -123.41 -123.41 -123.41 -123.44 -123.41 -123.41 -123.38 -123.31 -123.28 -123.22 -123.19 -123.12 -123.06 -123.00 -122.91 -122.84 -122.78 -122.72 -122.66 -122.56 -122.50 -122.38 -122.28 -122.16 -121.97 -121.81
-122.06 -122.22 -122.38 -122.53 -122.66 -122.81 -122.94 -123.06 -123.22 -123.34 -123.44 -123.53 -123.56 -123.59 -123.59 -123.59 -123.56 -123.56 -123.56 -123.59 -123.62 -123.62 -123.62 -123.62 -123.59 -123.56 -123.53 -123.53 -123.50 -123.47 -123.47 -123.44 -123.41 -123.38 -123.38 -123.38 -123.38 -123.38 -123.38 -123.38 -123.38 -123.34 -123.38 -123.38 -123.38 -123.38 -123.34 -123.31 -123.28 -123.25 -123.19 -123.16 -123.09 -123.03 -122.94 -122.88 -122.78 -122.72 -122.66 -122.56 -122.50 -122.41 -122.28 -122.19 -122.06 -121.91 -121.72
-122.09 -122.25 -122.44 -122.59 -122.72 -122.84 -122.97 -123.12 -123.25 -123.38 -123.50 -123.59 -123.62 -123.69 -123.69 -123.69 -123.69 -123.66 -123.66 -123.69 -123.69 -123.69 -123.66 -123.62 -123.59 -123.56 -123.53 -123.50 -123.44 -123.41 -123.38 -123.34 -123.31 -123.31 -123.28 -123.28 -123.31 -123.31 -123.31 -123.31 -123.31 -123.31 -123.31 -123.31 -123.31 -123.31 -123.31 -123.28 -123.25 -123.22 -123.16 -123.09 -123.03 -122.97 -122.91 -122.81 -122.72 -122.66 -122.56 -122.47 -122.38 -122.28 -122.19 -122.09 -121.97 -121.81 -121.66
-122.06 -122.22 -122.41 -122.56 -122.72 -122.84 -122.97 -123.12 -123.25 -123.38 -123.50 -123.59 -123.66 -123.72 -123.75 -123.75 -123.75 -123.75 -123.72 -123.72 -123.72 -123.72 -123.69 -123.66 -123.62 -123.56 -123.50 -123.44 -123.41 -123.34 -123.31 -123.28 -123.25 -123.22 -123.22 -123.22 -123.25 -123.25 -123.28 -123.28 -123.28 -123.25 -123.25 -123.25 -123.25 -123.25 -123.25 -123.22 -123.22 -123.19 -123.12 -123.06 -123.00 -122.94 -122.84 -122.75 -122.66 -122.56 -122.47 -122.38 -122.28 -122.19 -122.09 -122.00 -121.88 -121.75 -121.59
-122.00 -122.16 -122.34 -122.50 -122.66 -122.81 -122.97 -123.09 -123.25 -123.38 -123.47 -123.56 -123.62 -123.69 -123.75 -123.75 -123.78 -123.75 -123.75 -123.75 -123.72 -123.72 -123.69 -123.66 -123.59 -123.56 -123.47 -123.41 -123.34 -123.28 -123.22 -123.19 -123.19 -123.16 -123.16 -123.19 -123.19 -123.22 -123.22 -123.22 -123.22 -123.19 -123.19 -123.19 -123.19 -123.19 -123.19 -123.19 -123.16 -123.12 -123.06 -123.03 -122.94 -122.88 -122.78 -122.69 -122.59 -122.50 -122.41 -122.31 -122.22 -122.12 -122.03 -121.94 -121.84 -121.72 -121.59
-121.91 -122.06 -122.25 -122.44 -122.59 -122.78 -122.94 -123.09 -123.22 -123.34 -123.44 -123.53 -123.59 -123.66 -123.72 -123.75 -123.75 -123.75 -123.75 -123.75 -123.72 -123.72 -123.69 -123.62 -123.59 -123.50 -123.44 -123.34 -123.28 -123.19 -123.16 -123.12 -123.09 -123.12 -123.12 -123.12 -123.16 -123.16 -123.16 -123.16 -123.12 -123.12 -123.12 -123.09 -123.09 -123.09 -123.12 -123.09 -123.09 -123.06 -123.00 -122.97 -122.88 -122.81 -122.72 -122.62 -122.53 -122.44 -122.34 -122.25 -122.16 -122.06 -122.00 -121.91 -121.81 -121.69 -121.56
-121.84 -122.00 -122.19 -122.38 -122.56 -122.75 -122.94 -123.09 -123.22 -123.34 -123.44 -123.50 -123.56 -123.62 -123.69 -123.72 -123.75 -123.75 -123.75 -123.72 -123.72 -123.69 -123.66 -123.59 -123.53 -123.47 -123.38 -123.28 -123.22 -123.12 -123.09 -123.06 -123.06 -123.06 -123.09 -123.09 -123.12 -123.09 -123.09 -123.09 -123.06 -123.06 -123.03 -123.03 -123.03 -123.03 -123.03 -123.03 -123.00 -122.97 -122.94 -122.88 -122.81 -122.75 -122.66 -122.56 -122.47 -122.41 -122.31 -122.22 -122.12 -122.06 -121.97 -121.91 -121.81 -121.69 -121.59
-121.78 -121.97 -122.16 -122.34 -122.56 -122.75 -122.94 -123.09 -123.22 -123.34 -123.41 -123.50 -123.56 -123.62 -123.66 -123.69 -123.72 -123.75 -123.75 -123.72 -123.69 -123.66 -123.62 -123.56 -123.50 -123.41 -123.31 -123.22 -123.16 -123.06 -123.03 -123.00 -123.00 -123.03 -123.06 -123.06 -123.06 -123.06 -123.03 -123.00 -123.00 -122.97 -122.97 -122.94 -122.94 -122.94 -122.94 -122.91 -122.88 -122.84 -122.81 -122.78 -122.75 -122.66 -122.59 -122.50 -122.44 -122.34 -122.28 -122.19 -122.12 -122.03 -121.97 -121.91 -121.81 -121.69 -121.59
-121.81 -121.97 -122.19 -122.38 -122.56 -122.78 -122.94 -123.09 -123.25 -123.34 -123.41 -123.47 -123.53 -123.59 -123.62 -123.69 -123.69 -123.72 -123.72 -123.72 -123.69 -123.62 -123.59 -123.53 -123.44 -123.34 -123.25 -123.16 -123.09 -123.03 -122.97 -122.94 -122.97 -122.97 -123.00 -123.03 -123.03 -123.00 -122.97 -122.94 -122.94 -122.91 -122.88 -122.88 -122.84 -122.84 -122.81 -122.81 -122.75 -122.72 -122.72 -122.69 -122.66 -122.59 -122.53 -122.47 -122.38 -122.31 -122.25 -122.19 -122.09 -122.03 -121.97 -121.88 -121.81 -121.69 -121.59
-121.88 -122.03 -122.22 -122.41 -122.59 -122.78 -122.97 -123.12 -123.25 -123.34 -123.41 -123.47 -123.53 -123.56 -123.62 -123.66 -123.66 -123.69 -123.69 -123.69 -123.66 -123.59 -123.56 -123.47 -123.41 -123.31 -123.19 -123.12 -123.03 -122.97 -122.94 -122.91 -122.91 -122.94 -122.97 -122.97 -122.97 -122.97 -122.94 -122.91 -122.88 -122.84 -122.81 -122.78 -122.75 -122.72 -122.69 -122.66 -122.62 -122.59 -122.59 -122.56 -122.56 -122.53 -122.47 -122.41 -122.34 -122.28 -122.22 -122.12 -122.06 -122.00 -121.94 -121.88 -121.78 -121.69 -121.59
-121.94 -122.09 -122.28 -122.47 -122.66 -122.81 -122.97 -123.12 -123.25 -123.34 -123.41 -123.47 -123.50 -123.56 -123.59 -123.62 -123.62 -123.66 -123.66 -123.66 -123.62 -123.56 -123.50 -123.44 -123.34 -123.25 -123.16 -123.06 -122.97 -122.91 -122.88 -122.88 -122.88 -122.91 -122.91 -122.91 -122.94 -122.91 -122.91 -122.88 -122.81 -122.78 -122.75 -122.69 -122.66 -122.62 -122.59 -122.53 -122.50 -122.47 -122.44 -122.44 -122.44 -122.44 -122.38 -122.34 -122.28 -122.22 -122.16 -122.09 -122.03 -121.97 -121.91 -121.81 -121.75 -121.66 -121.56
-122.03 -122.19 -122.34 -122.50 -122.66 -122.84 -122.97 -123.09 -123.22 -123.28 -123.38 -123.44 -123.47 -123.50 -123.56 -123.56 -123.59 -123.59 -123.59 -123.59 -123.56 -123.53 -123.47 -123.41 -123.31 -123.19 -123.09 -123.00 -122.91 -122.84 -122.84 -122.81 -122.84 -122.84 -122.84 -122.84 -122.88 -122.88 -122.84 -122.81 -122.78 -122.72 -122.69 -122.62 -122.56 -122.53 -122.47 -122.44 -122.38 -122.34 -122.31 -122.31 -122.31 -122.31 -122.28 -122.25 -122.19 -122.16 -122.09 -122.03 -121.97 -121.91 -121.84 -121.78 -121.69 -121.59 -121.53
-122.12 -122.25 -122.38 -122.53 -122.69 -122.81 -122.97 -123.06 -123.16 -123.22 -123.31 -123.34 -123.41 -123.47 -123.50 -123.53 -123.53 -123.53 -123.53 -123.53 -123.50 -123.47 -123.41 -123.34 -123.25 -123.16 -123.03 -122.94 -122.84 -122.81 -122.78 -122.78 -122.78 -122.78 -122.78 -122.78 -122.81 -122.81 -122.78 -122.78 -122.72 -122.69 -122.62 -122.56 -122.50 -122.44 -122.38 -122.31 -122.25 -122.22 -122.19 -122.22 -122.22 -122.19 -122.19 -122.16 -122.12 -122.06 -122.03 -121.97 -121.91 -121.84 -121.78 -121.72 -121.62 -121.56 -121.47
-122.22 -122.28 -122.41 -122.53 -122.66 -122.78 -122.91 -123.00 -123.09 -123.16 -123.22 -123.28 -123.34 -123.38 -123.44 -123.44 -123.47 -123.47 -123.47 -123.47 -123.44 -123.38 -123.34 -123.25 -123.19 -123.09 -123.00 -122.88 -122.81 -122.75 -122.72 -122.72 -122.72 -122.72 -122.72 -122.72 -122.72 -122.72 -122.72 -122.72 -122.66 -122.62 -122.56 -122.50 -122.47 -122.38 -122.31 -122.25 -122.19 -122.12 -122.09 -122.09 -122.09 -122.06 -122.06 -122.03 -122.03 -122.00 -121.94 -121.91 -121.84 -121.78 -121.72 -121.66 -121.59 -121.50 -121.44
