everonasctiles/Tile[15,24].asc
ncols 128
nrows 128
xllcorner 0
yllcorner 0
cellsize 2.0
NODATA_value  -9999
[rows 0 to 31 of 128, columns 0 to 71 of 128]
100.34 100.34 100.38 100.41 100.38 100.34 100.25 100.16 100.09 100.06 100.09 100.22 100.31 100.44 100.56 100.69 100.81 100.94 101.06 101.16 101.31 101.44 101.56 101.69 101.84 101.97 102.09 102.19 102.28 102.38 102.47 102.56 102.66 102.75 102.81 102.91 103.00 103.09 103.19 103.25 103.38 103.44 103.56 103.66 103.72 103.84 103.91 104.00 104.06 104.16 104.22 104.31 104.38 104.47 104.56 104.62 104.72 104.81 104.88 104.94 105.03 105.12 105.19 105.34 105.47 105.62 105.84 106.03 106.16 106.28 106.38 106.44
100.62 100.66 100.66 100.62 100.56 100.53 100.41 100.28 100.22 100.16 100.22 100.28 100.34 100.50 100.59 100.72 100.84 100.97 101.09 101.22 101.34 101.50 101.62 101.75 101.84 101.94 102.06 102.16 102.25 102.34 102.44 102.53 102.62 102.72 102.81 102.91 102.97 103.06 103.16 103.22 103.31 103.41 103.50 103.56 103.66 103.75 103.84 103.94 104.00 104.09 104.16 104.25 104.31 104.41 104.50 104.56 104.66 104.75 104.84 104.91 105.00 105.06 105.19 105.31 105.47 105.62 105.78 105.94 106.09 106.22 106.28 106.31
100.84 100.81 100.81 100.78 100.72 100.62 100.50 100.41 100.34 100.28 100.31 100.38 100.44 100.56 100.66 100.75 100.91 101.00 101.12 101.25 101.38 101.53 101.66 101.75 101.84 101.94 102.06 102.16 102.25 102.34 102.41 102.50 102.59 102.69 102.78 102.88 102.97 103.03 103.09 103.16 103.25 103.34 103.41 103.53 103.59 103.69 103.78 103.84 103.94 104.03 104.09 104.19 104.28 104.34 104.44 104.53 104.59 104.69 104.75 104.84 104.94 105.03 105.16 105.28 105.44 105.56 105.72 105.84 105.94 106.06 106.12 106.16
100.94 100.91 100.88 100.84 100.78 100.66 100.56 100.47 100.41 100.38 100.41 100.47 100.53 100.62 100.72 100.81 100.94 101.06 101.19 101.31 101.44 101.56 101.66 101.78 101.88 101.94 102.03 102.12 102.22 102.31 102.41 102.47 102.56 102.66 102.75 102.81 102.91 102.97 103.06 103.12 103.22 103.28 103.38 103.44 103.53 103.62 103.69 103.78 103.88 103.97 104.03 104.12 104.22 104.28 104.38 104.47 104.56 104.66 104.72 104.81 104.91 105.00 105.12 105.22 105.34 105.47 105.59 105.72 105.78 105.88 105.91 105.97
100.94 100.94 100.91 100.88 100.78 100.69 100.59 100.50 100.47 100.47 100.50 100.56 100.66 100.72 100.78 100.88 101.00 101.09 101.25 101.38 101.47 101.59 101.69 101.78 101.88 101.94 102.00 102.09 102.19 102.28 102.38 102.47 102.53 102.62 102.69 102.78 102.84 102.94 103.00 103.09 103.16 103.22 103.31 103.41 103.47 103.56 103.62 103.72 103.81 103.88 103.97 104.06 104.16 104.25 104.31 104.41 104.50 104.59 104.69 104.75 104.84 104.94 105.03 105.16 105.22 105.34 105.47 105.53 105.59 105.66 105.69 105.72
100.88 100.88 100.88 100.81 100.75 100.69 100.62 100.56 100.56 100.56 100.62 100.69 100.75 100.81 100.91 101.00 101.06 101.16 101.28 101.38 101.50 101.59 101.69 101.78 101.84 101.94 102.00 102.06 102.16 102.25 102.34 102.44 102.50 102.59 102.66 102.72 102.81 102.88 102.94 103.03 103.09 103.16 103.25 103.34 103.41 103.50 103.56 103.62 103.72 103.81 103.91 103.97 104.06 104.16 104.25 104.34 104.44 104.53 104.59 104.69 104.78 104.84 104.94 105.03 105.12 105.22 105.28 105.34 105.41 105.44 105.50 105.56
100.78 100.81 100.78 100.78 100.75 100.69 100.66 100.66 100.66 100.69 100.72 100.78 100.88 100.94 101.00 101.06 101.16 101.25 101.34 101.41 101.50 101.62 101.69 101.78 101.84 101.91 101.97 102.06 102.12 102.22 102.31 102.38 102.47 102.53 102.59 102.69 102.75 102.81 102.91 102.97 103.03 103.12 103.19 103.28 103.34 103.44 103.50 103.56 103.66 103.72 103.84 103.91 104.00 104.09 104.19 104.28 104.34 104.44 104.53 104.59 104.69 104.75 104.84 104.91 104.97 105.06 105.12 105.16 105.22 105.28 105.34 105.41
100.72 100.75 100.78 100.78 100.75 100.75 100.75 100.75 100.75 100.78 100.84 100.91 100.97 101.06 101.12 101.22 101.25 101.34 101.38 101.50 101.56 101.66 101.69 101.75 101.84 101.91 101.97 102.03 102.09 102.19 102.25 102.34 102.41 102.50 102.56 102.62 102.69 102.78 102.84 102.91 103.00 103.06 103.12 103.22 103.28 103.38 103.44 103.50 103.59 103.69 103.75 103.84 103.94 104.00 104.09 104.19 104.28 104.34 104.44 104.53 104.59 104.66 104.72 104.78 104.84 104.91 104.97 105.00 105.09 105.16 105.22 105.28
100.72 100.78 100.81 100.84 100.88 100.84 100.84 100.84 100.88 100.91 100.94 101.00 101.06 101.16 101.25 101.31 101.38 101.41 101.47 101.50 101.59 101.66 101.72 101.78 101.81 101.91 101.94 102.00 102.09 102.16 102.22 102.31 102.38 102.44 102.53 102.59 102.66 102.72 102.78 102.84 102.94 103.00 103.09 103.16 103.22 103.31 103.38 103.44 103.53 103.59 103.69 103.78 103.84 103.94 104.03 104.12 104.19 104.28 104.34 104.44 104.50 104.56 104.62 104.69 104.75 104.81 104.84 104.91 104.97 105.03 105.09 105.16
100.78 100.88 100.94 100.97 100.97 100.97 100.97 100.97 100.97 100.97 101.03 101.09 101.16 101.22 101.31 101.41 101.47 101.50 101.56 101.59 101.62 101.69 101.72 101.78 101.84 101.88 101.94 102.00 102.06 102.12 102.19 102.28 102.34 102.41 102.47 102.53 102.59 102.69 102.75 102.81 102.88 102.97 103.03 103.09 103.16 103.25 103.31 103.41 103.47 103.53 103.62 103.69 103.78 103.88 103.97 104.03 104.12 104.19 104.28 104.34 104.41 104.47 104.53 104.59 104.62 104.69 104.72 104.78 104.84 104.88 104.97 105.00
100.94 101.03 101.09 101.09 101.09 101.09 101.06 101.06 101.06 101.09 101.09 101.16 101.22 101.31 101.41 101.44 101.53 101.56 101.62 101.66 101.69 101.72 101.75 101.81 101.84 101.91 101.94 102.00 102.06 102.09 102.16 102.25 102.28 102.38 102.44 102.50 102.56 102.62 102.69 102.75 102.81 102.91 102.97 103.03 103.09 103.19 103.25 103.31 103.41 103.47 103.56 103.62 103.72 103.78 103.88 103.97 104.03 104.12 104.19 104.28 104.31 104.41 104.44 104.50 104.56 104.59 104.62 104.69 104.72 104.75 104.84 104.91
101.09 101.19 101.25 101.25 101.25 101.22 101.19 101.19 101.19 101.19 101.19 101.22 101.28 101.38 101.47 101.53 101.56 101.62 101.66 101.69 101.72 101.75 101.81 101.81 101.84 101.91 101.94 102.00 102.03 102.09 102.16 102.22 102.25 102.31 102.41 102.47 102.53 102.59 102.66 102.72 102.78 102.84 102.91 102.97 103.06 103.12 103.19 103.25 103.34 103.41 103.50 103.56 103.66 103.72 103.81 103.88 103.97 104.03 104.12 104.19 104.25 104.31 104.34 104.41 104.44 104.50 104.53 104.56 104.59 104.66 104.72 104.78
101.28 101.38 101.41 101.44 101.44 101.38 101.31 101.31 101.28 101.28 101.28 101.31 101.38 101.44 101.50 101.56 101.62 101.66 101.69 101.72 101.78 101.81 101.81 101.84 101.88 101.91 101.94 102.00 102.03 102.09 102.12 102.19 102.25 102.28 102.38 102.41 102.47 102.53 102.59 102.69 102.72 102.81 102.84 102.94 103.00 103.06 103.12 103.22 103.28 103.34 103.44 103.50 103.56 103.66 103.72 103.81 103.88 103.97 104.03 104.09 104.16 104.22 104.28 104.31 104.38 104.41 104.44 104.47 104.50 104.56 104.59 104.66
101.53 101.59 101.62 101.62 101.59 101.53 101.50 101.44 101.38 101.38 101.38 101.38 101.41 101.50 101.56 101.62 101.66 101.69 101.72 101.75 101.78 101.81 101.84 101.88 101.91 101.94 101.97 102.00 102.03 102.09 102.12 102.19 102.22 102.28 102.31 102.38 102.44 102.50 102.56 102.62 102.69 102.75 102.81 102.88 102.94 103.00 103.09 103.16 103.22 103.28 103.38 103.44 103.50 103.56 103.66 103.72 103.81 103.88 103.94 104.00 104.09 104.12 104.19 104.25 104.28 104.31 104.34 104.38 104.44 104.47 104.50 104.56
101.78 101.78 101.81 101.78 101.78 101.72 101.69 101.59 101.50 101.44 101.47 101.47 101.50 101.56 101.62 101.66 101.69 101.72 101.75 101.75 101.78 101.81 101.84 101.91 101.94 101.94 101.97 102.00 102.03 102.06 102.12 102.16 102.22 102.25 102.31 102.34 102.41 102.47 102.53 102.59 102.62 102.69 102.75 102.81 102.91 102.97 103.03 103.09 103.16 103.25 103.31 103.38 103.44 103.53 103.59 103.66 103.72 103.81 103.84 103.94 104.00 104.06 104.12 104.16 104.19 104.22 104.28 104.28 104.34 104.38 104.44 104.47
101.97 101.97 101.94 101.94 101.97 101.91 101.84 101.78 101.69 101.59 101.56 101.53 101.56 101.59 101.66 101.66 101.69 101.72 101.75 101.78 101.78 101.81 101.88 101.91 101.94 101.97 102.00 102.00 102.06 102.09 102.12 102.16 102.22 102.25 102.28 102.34 102.38 102.44 102.50 102.53 102.59 102.66 102.72 102.78 102.84 102.91 102.97 103.06 103.12 103.19 103.25 103.31 103.38 103.47 103.53 103.59 103.66 103.72 103.78 103.84 103.94 103.97 104.03 104.09 104.12 104.16 104.19 104.22 104.25 104.28 104.31 104.38
102.12 102.16 102.12 102.16 102.12 102.06 102.00 101.91 101.78 101.72 101.62 101.62 101.62 101.66 101.66 101.69 101.69 101.72 101.75 101.75 101.78 101.81 101.88 101.91 101.94 102.00 102.03 102.06 102.09 102.09 102.12 102.16 102.19 102.25 102.25 102.31 102.34 102.41 102.44 102.50 102.56 102.62 102.69 102.75 102.81 102.84 102.94 103.00 103.06 103.12 103.19 103.25 103.31 103.41 103.47 103.53 103.59 103.66 103.72 103.78 103.84 103.91 103.97 104.00 104.03 104.09 104.12 104.12 104.16 104.22 104.25 104.31
102.28 102.31 102.28 102.31 102.28 102.22 102.16 102.03 101.88 101.81 101.72 101.66 101.66 101.66 101.66 101.69 101.69 101.72 101.72 101.75 101.78 101.81 101.84 101.91 101.97 102.00 102.03 102.06 102.09 102.12 102.12 102.16 102.19 102.22 102.25 102.28 102.31 102.38 102.41 102.47 102.53 102.59 102.66 102.69 102.75 102.81 102.88 102.94 103.00 103.06 103.12 103.19 103.25 103.34 103.41 103.47 103.53 103.59 103.66 103.72 103.78 103.84 103.88 103.94 103.97 104.00 104.03 104.06 104.09 104.12 104.19 104.22
102.41 102.44 102.44 102.47 102.44 102.34 102.25 102.12 102.00 101.88 101.75 101.69 101.66 101.66 101.66 101.69 101.69 101.69 101.72 101.75 101.78 101.81 101.84 101.91 101.94 101.97 102.03 102.06 102.09 102.12 102.12 102.16 102.16 102.19 102.22 102.25 102.31 102.34 102.38 102.44 102.50 102.53 102.59 102.66 102.72 102.78 102.84 102.91 102.97 103.03 103.06 103.12 103.22 103.25 103.34 103.41 103.47 103.53 103.59 103.66 103.72 103.75 103.81 103.84 103.88 103.94 103.97 104.00 104.03 104.06 104.09 104.12
102.53 102.56 102.56 102.56 102.53 102.44 102.34 102.19 102.06 101.91 101.78 101.69 101.66 101.66 101.66 101.66 101.69 101.69 101.72 101.75 101.78 101.81 101.84 101.91 101.94 102.00 102.03 102.06 102.09 102.09 102.12 102.12 102.16 102.19 102.22 102.25 102.28 102.31 102.38 102.41 102.47 102.53 102.56 102.62 102.69 102.75 102.81 102.84 102.91 102.97 103.03 103.09 103.16 103.22 103.28 103.34 103.41 103.47 103.53 103.59 103.66 103.69 103.75 103.78 103.81 103.84 103.91 103.91 103.97 103.97 104.00 104.06
102.56 102.62 102.62 102.62 102.56 102.50 102.38 102.22 102.06 101.91 101.78 101.69 101.66 101.66 101.66 101.66 101.66 101.69 101.72 101.75 101.78 101.81 101.84 101.91 101.94 101.97 102.03 102.06 102.09 102.09 102.09 102.12 102.12 102.16 102.19 102.22 102.25 102.28 102.34 102.38 102.44 102.47 102.53 102.59 102.66 102.69 102.75 102.81 102.88 102.91 102.97 103.03 103.09 103.16 103.22 103.28 103.34 103.41 103.47 103.53 103.59 103.62 103.69 103.72 103.75 103.78 103.84 103.84 103.88 103.91 103.94 103.97
102.56 102.59 102.62 102.59 102.56 102.47 102.34 102.19 102.03 101.88 101.75 101.66 101.62 101.62 101.66 101.66 101.66 101.69 101.72 101.75 101.78 101.81 101.84 101.88 101.94 101.97 102.00 102.03 102.06 102.06 102.09 102.09 102.12 102.16 102.16 102.19 102.25 102.28 102.31 102.34 102.41 102.47 102.50 102.56 102.62 102.69 102.72 102.78 102.81 102.88 102.94 103.00 103.06 103.09 103.16 103.22 103.28 103.34 103.41 103.47 103.53 103.56 103.62 103.66 103.69 103.72 103.75 103.78 103.81 103.84 103.88 103.91
102.53 102.56 102.56 102.56 102.50 102.41 102.28 102.12 101.97 101.84 101.69 101.66 101.62 101.62 101.62 101.66 101.66 101.69 101.72 101.75 101.78 101.81 101.84 101.91 101.94 101.97 101.97 102.00 102.03 102.03 102.06 102.09 102.09 102.12 102.16 102.19 102.22 102.25 102.31 102.34 102.38 102.44 102.47 102.53 102.59 102.62 102.69 102.75 102.78 102.84 102.91 102.94 103.00 103.06 103.12 103.19 103.25 103.28 103.34 103.41 103.47 103.50 103.56 103.59 103.62 103.66 103.69 103.72 103.75 103.78 103.78 103.84
102.44 102.47 102.47 102.44 102.41 102.31 102.19 102.03 101.91 101.75 101.69 101.66 101.62 101.62 101.62 101.66 101.66 101.69 101.72 101.75 101.78 101.81 101.84 101.88 101.91 101.94 101.97 102.00 102.00 102.03 102.06 102.06 102.09 102.12 102.16 102.19 102.22 102.25 102.28 102.31 102.38 102.41 102.47 102.50 102.56 102.59 102.66 102.69 102.75 102.81 102.84 102.91 102.97 103.00 103.06 103.12 103.19 103.25 103.28 103.34 103.41 103.44 103.50 103.53 103.56 103.59 103.62 103.66 103.69 103.69 103.72 103.78
102.28 102.31 102.31 102.31 102.25 102.19 102.03 101.94 101.81 101.72 101.66 101.62 101.59 101.62 101.62 101.66 101.66 101.69 101.72 101.75 101.78 101.81 101.84 101.88 101.91 101.94 101.94 101.97 102.00 102.00 102.03 102.06 102.09 102.09 102.12 102.16 102.22 102.25 102.28 102.34 102.38 102.41 102.44 102.47 102.53 102.56 102.62 102.69 102.72 102.78 102.81 102.88 102.94 102.97 103.03 103.06 103.12 103.19 103.22 103.28 103.34 103.38 103.44 103.47 103.53 103.53 103.56 103.59 103.59 103.62 103.69 103.72
102.16 102.16 102.16 102.12 102.09 102.03 101.94 101.81 101.75 101.69 101.66 101.62 101.62 101.62 101.62 101.66 101.69 101.72 101.75 101.78 101.78 101.81 101.84 101.88 101.91 101.91 101.94 101.97 101.97 102.00 102.03 102.06 102.09 102.09 102.12 102.19 102.22 102.25 102.31 102.34 102.38 102.41 102.44 102.47 102.50 102.53 102.59 102.62 102.69 102.72 102.78 102.81 102.88 102.94 102.97 103.03 103.06 103.12 103.16 103.22 103.28 103.31 103.38 103.41 103.47 103.50 103.50 103.53 103.53 103.56 103.62 103.66
102.00 101.94 101.97 101.94 101.94 101.84 101.81 101.75 101.72 101.66 101.66 101.62 101.59 101.62 101.66 101.66 101.69 101.72 101.75 101.78 101.81 101.81 101.84 101.88 101.88 101.91 101.94 101.94 101.97 102.00 102.03 102.06 102.09 102.12 102.16 102.19 102.22 102.28 102.31 102.34 102.38 102.41 102.44 102.47 102.50 102.53 102.56 102.62 102.66 102.69 102.75 102.81 102.84 102.88 102.94 102.97 103.00 103.06 103.12 103.19 103.22 103.28 103.31 103.38 103.41 103.41 103.44 103.47 103.47 103.50 103.56 103.59
101.81 101.81 101.81 101.81 101.81 101.78 101.75 101.72 101.69 101.66 101.62 101.62 101.62 101.62 101.62 101.66 101.69 101.72 101.75 101.78 101.81 101.81 101.84 101.88 101.88 101.91 101.94 101.94 101.97 102.00 102.03 102.06 102.09 102.12 102.16 102.19 102.25 102.28 102.34 102.38 102.38 102.41 102.44 102.47 102.50 102.53 102.56 102.59 102.62 102.69 102.72 102.75 102.81 102.84 102.88 102.94 102.97 103.03 103.06 103.12 103.16 103.22 103.25 103.31 103.34 103.38 103.38 103.41 103.44 103.44 103.50 103.56
101.72 101.72 101.72 101.72 101.72 101.72 101.69 101.69 101.66 101.66 101.66 101.62 101.62 101.66 101.66 101.66 101.69 101.72 101.75 101.78 101.81 101.81 101.84 101.84 101.88 101.91 101.94 101.94 101.97 102.00 102.03 102.06 102.09 102.12 102.16 102.22 102.25 102.31 102.34 102.38 102.41 102.44 102.47 102.47 102.50 102.53 102.56 102.59 102.62 102.66 102.69 102.72 102.75 102.81 102.84 102.88 102.94 102.97 103.00 103.06 103.12 103.16 103.22 103.25 103.28 103.31 103.31 103.34 103.38 103.41 103.44 103.50
101.62 101.62 101.66 101.66 101.69 101.69 101.69 101.66 101.66 101.66 101.66 101.66 101.66 101.66 101.66 101.69 101.69 101.72 101.75 101.78 101.81 101.81 101.84 101.84 101.88 101.91 101.94 101.94 101.97 102.00 102.03 102.06 102.09 102.16 102.19 102.25 102.28 102.34 102.38 102.41 102.47 102.47 102.50 102.50 102.53 102.53 102.56 102.56 102.59 102.62 102.66 102.69 102.72 102.75 102.81 102.84 102.88 102.94 102.97 103.00 103.06 103.12 103.16 103.19 103.25 103.25 103.28 103.31 103.31 103.34 103.41 103.44
101.56 101.59 101.62 101.62 101.66 101.66 101.66 101.66 101.66 101.66 101.66 101.66 101.66 101.66 101.66 101.66 101.69 101.72 101.75 101.78 101.81 101.81 101.84 101.88 101.88 101.91 101.94 101.94 101.97 102.00 102.06 102.09 102.12 102.16 102.22 102.25 102.31 102.38 102.44 102.47 102.50 102.53 102.53 102.53 102.53 102.53 102.56 102.59 102.59 102.62 102.66 102.66 102.69 102.72 102.75 102.81 102.84 102.88 102.94 102.97 103.03 103.06 103.09 103.16 103.19 103.22 103.25 103.25 103.28 103.31 103.34 103.38
101.56 101.56 101.59 101.66 101.66 101.66 101.69 101.69 101.69 101.66 101.66 101.66 101.66 101.66 101.69 101.69 101.69 101.72 101.75 101.78 101.81 101.81 101.84 101.88 101.88 101.91 101.94 101.97 102.00 102.03 102.06 102.09 102.12 102.19 102.22 102.28 102.34 102.41 102.47 102.53 102.53 102.56 102.56 102.56 102.56 102.56 102.56 102.59 102.59 102.62 102.62 102.66 102.69 102.69 102.72 102.78 102.81 102.84 102.88 102.94 102.97 103.03 103.06 103.09 103.16 103.19 103.22 103.25 103.25 103.28 103.31 103.31
