everonasctiles/Tile22,8.asc
ncols 128
nrows 128
xllcorner 0
yllcorner 0
cellsize 2.0
NODATA_value  -9999
[rows 0 to 31 of 128, columns 0 to 70 of 128]
-15.12 -14.94 -14.88 -14.62 -14.31 -13.78 -13.50 -13.41 -13.28 -13.94 -14.12 -14.03 -14.12 -14.44 -14.94 -15.31 -15.41 -15.56 -16.28 -16.53 -16.69 -16.81 -17.34 -17.50 -17.97 -18.50 -18.78 -19.06 -19.47 -19.75 -20.16 -20.59 -20.97 -21.47 -21.81 -22.31 -22.16 -22.12 -22.47 -22.69 -22.94 -23.50 -23.78 -23.97 -24.22 -24.44 -24.88 -25.25 -25.84 -26.50 -26.97 -27.28 -27.62 -28.00 -28.09 -28.25 -28.72 -29.78 -30.81 -31.69 -32.59 -33.25 -34.03 -34.84 -35.66 -36.34 -37.09 -37.75 -38.22 -38.62 -39.03
-15.16 -14.91 -14.53 -14.28 -14.12 -13.72 -12.91 -12.97 -12.94 -13.28 -13.47 -13.47 -13.66 -14.34 -14.97 -15.28 -15.44 -15.53 -16.12 -16.41 -16.72 -17.00 -17.66 -17.50 -17.81 -18.12 -18.59 -18.75 -19.22 -19.44 -19.88 -20.44 -20.97 -21.62 -22.19 -22.50 -22.41 -22.38 -22.94 -23.28 -23.31 -23.75 -24.03 -24.19 -24.53 -24.72 -25.03 -25.69 -26.16 -26.81 -27.25 -27.44 -27.88 -28.50 -28.91 -29.00 -29.34 -30.03 -31.19 -32.09 -32.91 -33.78 -34.59 -35.34 -36.12 -36.84 -37.62 -38.12 -38.59 -39.03 -39.44
-14.44 -14.56 -14.25 -14.12 -13.75 -13.12 -12.94 -12.41 -12.69 -12.88 -12.88 -12.81 -13.22 -13.72 -14.38 -14.75 -14.97 -15.50 -16.09 -16.22 -16.72 -17.22 -17.66 -17.62 -17.88 -18.50 -18.72 -19.03 -18.91 -19.59 -20.62 -21.00 -21.59 -21.66 -21.94 -22.28 -22.22 -22.50 -23.19 -23.66 -23.81 -23.94 -24.50 -24.69 -24.81 -25.06 -25.22 -25.78 -26.31 -26.91 -27.47 -27.75 -28.12 -28.72 -29.25 -29.75 -30.09 -30.62 -31.38 -32.34 -33.25 -34.09 -34.94 -35.81 -36.56 -37.28 -37.97 -38.50 -39.00 -39.44 -39.84
-14.03 -13.97 -13.84 -13.94 -13.59 -13.50 -13.31 -13.09 -12.84 -12.69 -12.59 -12.94 -13.12 -13.34 -14.06 -14.25 -14.72 -15.09 -15.56 -16.22 -16.59 -17.28 -17.31 -17.66 -18.25 -18.62 -19.09 -19.28 -19.62 -19.81 -20.38 -21.03 -21.47 -22.12 -21.88 -22.19 -22.25 -22.78 -23.34 -23.72 -24.03 -24.44 -24.91 -25.31 -25.34 -25.59 -25.69 -26.03 -26.38 -27.09 -27.56 -27.94 -28.28 -28.91 -29.53 -30.19 -30.72 -31.25 -31.97 -32.62 -33.50 -34.41 -35.25 -36.03 -36.81 -37.56 -38.19 -38.75 -39.28 -39.78 -40.22
-13.78 -13.81 -13.78 -13.50 -13.50 -13.56 -13.62 -13.25 -13.19 -13.44 -13.59 -13.31 -13.34 -13.31 -13.81 -14.28 -14.75 -15.22 -15.84 -16.06 -16.59 -16.88 -16.97 -17.19 -18.16 -18.72 -19.31 -19.59 -19.94 -20.06 -20.19 -20.78 -21.19 -21.69 -21.94 -22.38 -22.56 -23.03 -23.72 -24.03 -24.72 -24.91 -25.16 -25.50 -25.59 -26.03 -26.12 -26.56 -27.06 -27.41 -27.78 -27.94 -28.53 -29.25 -29.69 -30.19 -30.72 -31.53 -32.22 -32.91 -33.75 -34.50 -35.38 -36.19 -37.00 -37.78 -38.38 -38.94 -39.50 -40.03 -40.50
-13.38 -13.53 -13.38 -13.44 -13.25 -13.53 -13.31 -13.09 -12.78 -13.09 -13.34 -13.12 -13.59 -13.78 -13.94 -14.16 -14.59 -15.72 -16.16 -16.31 -16.59 -16.91 -16.88 -17.12 -17.78 -18.25 -19.06 -19.47 -19.84 -20.34 -20.47 -20.78 -21.03 -21.69 -22.22 -22.72 -22.97 -23.22 -23.75 -24.31 -24.88 -25.16 -25.53 -25.88 -26.31 -26.50 -26.75 -27.12 -27.75 -28.03 -28.16 -28.44 -28.91 -29.50 -30.00 -30.53 -31.03 -31.69 -32.38 -33.16 -33.94 -34.78 -35.66 -36.44 -37.25 -38.00 -38.56 -39.12 -39.66 -40.19 -40.69
-13.03 -13.19 -13.22 -12.69 -12.75 -12.53 -12.34 -12.59 -12.62 -12.72 -12.94 -12.94 -13.12 -13.59 -13.78 -14.03 -14.62 -15.44 -15.97 -16.31 -16.66 -17.12 -17.06 -16.88 -17.44 -18.00 -18.66 -19.28 -19.53 -20.19 -20.31 -20.16 -20.81 -21.72 -22.25 -22.81 -23.06 -23.25 -23.78 -24.50 -25.00 -25.31 -25.53 -25.94 -26.31 -26.94 -27.16 -27.72 -28.34 -28.78 -29.16 -29.19 -29.59 -29.91 -30.34 -30.72 -31.22 -31.81 -32.44 -33.22 -34.00 -34.81 -35.62 -36.53 -37.47 -38.22 -38.81 -39.34 -39.88 -40.38 -40.88
-12.22 -12.62 -12.56 -12.28 -11.81 -11.78 -12.09 -12.06 -11.97 -12.09 -12.62 -12.84 -12.97 -13.19 -13.56 -14.03 -14.38 -14.81 -15.69 -15.91 -16.47 -16.91 -16.88 -16.75 -17.34 -18.00 -18.66 -19.12 -19.56 -19.84 -20.00 -20.00 -20.72 -21.25 -21.81 -22.44 -22.66 -23.38 -23.75 -24.53 -25.03 -25.16 -25.28 -25.94 -26.50 -27.38 -27.78 -28.28 -28.81 -29.53 -29.84 -29.84 -30.22 -30.72 -30.94 -31.28 -31.50 -31.75 -32.50 -33.16 -33.91 -34.75 -35.81 -36.75 -37.69 -38.41 -39.06 -39.62 -40.16 -40.62 -41.09
-11.91 -12.09 -11.84 -11.47 -11.56 -11.44 -11.78 -11.91 -11.78 -12.25 -12.53 -13.03 -13.38 -13.66 -13.84 -14.19 -14.19 -14.53 -15.28 -15.66 -16.31 -16.81 -16.56 -16.94 -17.25 -18.16 -18.97 -19.41 -19.62 -20.16 -20.22 -20.19 -20.16 -20.78 -21.59 -22.25 -22.38 -22.91 -23.66 -24.12 -24.66 -24.94 -25.25 -26.06 -26.91 -27.50 -28.06 -28.69 -29.25 -29.97 -30.50 -30.81 -31.06 -31.28 -31.59 -31.97 -32.28 -32.31 -32.62 -33.25 -33.94 -34.69 -35.69 -36.75 -37.78 -38.59 -39.28 -39.91 -40.44 -40.94 -41.38
-11.84 -11.66 -11.69 -11.56 -11.56 -11.56 -11.38 -11.59 -11.69 -11.78 -12.06 -12.59 -12.97 -13.38 -13.72 -14.00 -14.72 -14.91 -15.09 -15.56 -16.03 -16.16 -16.66 -16.72 -17.31 -18.06 -18.56 -18.84 -19.56 -20.06 -20.34 -20.59 -20.72 -21.03 -21.66 -22.12 -22.56 -23.00 -23.44 -23.59 -24.06 -24.31 -24.72 -25.62 -26.88 -27.81 -28.31 -29.12 -29.62 -30.16 -30.94 -31.47 -31.66 -32.03 -32.34 -32.78 -33.09 -33.22 -33.47 -33.81 -34.28 -35.03 -35.94 -36.78 -37.81 -38.75 -39.50 -40.12 -40.72 -41.22 -41.66
-11.50 -11.22 -11.28 -11.41 -11.06 -11.38 -11.28 -11.38 -11.47 -11.72 -11.91 -12.22 -12.56 -12.78 -13.34 -13.66 -14.47 -15.00 -15.28 -15.72 -15.59 -15.97 -16.44 -16.94 -17.38 -18.16 -18.31 -18.91 -19.22 -20.12 -20.53 -21.16 -21.84 -22.12 -21.84 -22.19 -22.41 -22.88 -23.41 -23.59 -23.81 -24.31 -24.75 -25.62 -26.59 -27.66 -28.19 -29.00 -29.69 -30.53 -31.38 -31.97 -32.34 -32.81 -33.12 -33.47 -33.88 -34.28 -34.41 -34.59 -34.94 -35.66 -36.56 -37.38 -38.12 -38.94 -39.72 -40.38 -40.97 -41.50 -41.97
-11.75 -11.22 -11.50 -11.47 -11.34 -10.94 -10.75 -11.03 -11.31 -11.25 -11.38 -11.53 -12.00 -12.00 -12.47 -12.88 -13.66 -14.31 -14.91 -15.47 -15.69 -16.09 -15.97 -16.94 -17.84 -18.50 -19.09 -19.28 -19.69 -20.25 -20.59 -21.34 -22.06 -22.47 -22.47 -22.12 -22.44 -22.91 -23.28 -24.09 -24.53 -24.44 -25.06 -25.75 -26.53 -27.50 -28.38 -29.00 -29.88 -30.91 -31.62 -32.47 -33.06 -33.50 -33.84 -34.09 -34.47 -34.88 -35.25 -35.47 -35.72 -36.28 -37.12 -38.00 -38.69 -39.34 -40.00 -40.62 -41.22 -41.75 -42.25
-12.06 -11.84 -11.94 -11.94 -11.59 -11.69 -11.28 -11.16 -11.41 -11.41 -11.34 -11.19 -11.69 -11.97 -11.94 -12.16 -12.84 -13.66 -14.44 -15.25 -15.69 -15.97 -16.25 -16.69 -17.62 -18.12 -19.00 -19.59 -20.31 -21.16 -21.44 -21.88 -22.28 -22.84 -22.94 -22.62 -22.69 -23.06 -23.75 -24.62 -25.22 -25.53 -25.75 -26.19 -26.81 -27.59 -28.53 -29.28 -30.12 -30.91 -31.94 -32.81 -33.56 -34.16 -34.59 -34.88 -35.22 -35.75 -36.03 -36.19 -36.47 -36.91 -37.66 -38.50 -39.25 -39.84 -40.41 -40.94 -41.50 -42.03 -42.50
-11.78 -11.72 -11.72 -12.00 -12.03 -11.66 -11.28 -11.06 -11.34 -11.34 -11.47 -11.56 -11.81 -11.88 -12.22 -12.44 -12.59 -12.97 -13.97 -14.72 -15.03 -15.75 -16.34 -16.59 -17.16 -17.94 -18.47 -19.25 -20.53 -21.41 -21.97 -22.38 -22.69 -23.22 -23.62 -23.50 -23.56 -23.69 -23.94 -24.66 -25.66 -26.12 -26.44 -26.66 -27.19 -27.84 -28.56 -29.31 -30.25 -31.16 -31.94 -33.03 -33.72 -34.44 -35.06 -35.56 -36.00 -36.41 -36.81 -37.03 -37.31 -37.62 -38.16 -38.88 -39.62 -40.22 -40.75 -41.28 -41.81 -42.28 -42.78
-11.53 -11.28 -11.31 -11.62 -11.50 -11.00 -10.88 -10.97 -11.22 -11.31 -11.59 -11.53 -11.56 -12.19 -12.19 -12.41 -12.53 -12.53 -13.50 -14.25 -14.69 -15.12 -15.81 -16.34 -17.28 -18.19 -18.66 -19.16 -20.44 -21.66 -22.38 -22.88 -23.25 -23.56 -24.12 -24.34 -24.12 -24.06 -24.31 -25.12 -26.03 -26.38 -26.75 -27.06 -27.34 -27.81 -28.50 -29.31 -30.16 -31.12 -32.00 -32.97 -33.75 -34.53 -35.19 -35.84 -36.47 -36.97 -37.47 -37.81 -38.12 -38.44 -38.78 -39.31 -39.94 -40.56 -41.06 -41.59 -42.09 -42.59 -43.03
-11.09 -11.12 -11.25 -11.38 -11.38 -11.06 -10.88 -10.94 -11.28 -11.44 -11.41 -11.41 -11.50 -11.94 -12.47 -13.03 -12.78 -12.69 -13.19 -13.81 -14.38 -15.06 -15.62 -16.19 -17.06 -17.78 -18.22 -19.09 -20.12 -21.31 -21.97 -22.72 -23.84 -24.38 -24.78 -24.91 -25.09 -25.31 -25.41 -25.69 -26.47 -27.00 -27.28 -27.53 -27.72 -28.06 -28.53 -29.00 -29.84 -30.66 -31.69 -32.78 -33.59 -34.44 -35.16 -35.94 -36.62 -37.25 -37.88 -38.38 -38.72 -39.03 -39.38 -39.78 -40.28 -40.84 -41.38 -41.88 -42.38 -42.84 -43.25
-10.62 -10.97 -11.25 -11.25 -11.25 -11.22 -11.31 -11.47 -11.44 -11.38 -11.62 -11.78 -12.00 -11.81 -12.25 -12.50 -12.62 -12.31 -12.75 -13.91 -15.09 -15.88 -16.00 -16.28 -17.16 -17.91 -18.66 -19.09 -19.91 -20.84 -21.81 -22.81 -23.41 -24.50 -25.09 -25.59 -25.94 -26.25 -26.44 -27.16 -27.66 -27.78 -28.06 -28.25 -28.34 -28.34 -28.72 -29.38 -30.12 -30.81 -31.72 -32.81 -33.72 -34.31 -35.00 -35.78 -36.62 -37.34 -38.12 -38.66 -39.12 -39.53 -39.91 -40.31 -40.69 -41.16 -41.66 -42.12 -42.59 -43.03 -43.47
-11.44 -11.47 -11.53 -11.25 -11.16 -11.38 -11.84 -11.72 -11.38 -11.41 -11.59 -11.75 -11.94 -12.22 -12.62 -12.97 -12.94 -12.81 -13.38 -14.38 -15.28 -16.06 -16.84 -17.00 -17.78 -18.31 -18.75 -19.28 -20.28 -21.12 -21.81 -22.88 -23.59 -24.56 -25.19 -25.62 -26.38 -27.09 -27.47 -28.00 -28.50 -28.78 -28.84 -28.78 -29.00 -29.06 -29.34 -29.78 -30.44 -31.22 -32.00 -33.00 -34.00 -34.62 -35.06 -35.62 -36.34 -37.28 -38.09 -38.75 -39.31 -39.81 -40.25 -40.66 -41.06 -41.47 -41.88 -42.31 -42.78 -43.22 -43.62
-11.06 -11.44 -11.28 -11.28 -11.19 -11.16 -11.53 -11.62 -11.72 -11.69 -12.19 -12.00 -12.00 -12.19 -12.78 -12.78 -12.72 -12.78 -14.09 -14.75 -15.34 -16.19 -16.78 -17.25 -18.28 -19.06 -19.25 -19.78 -20.62 -21.38 -21.81 -22.78 -23.81 -24.59 -25.44 -26.09 -26.69 -27.12 -28.00 -28.78 -29.25 -29.72 -29.69 -29.72 -29.78 -29.97 -30.09 -30.53 -31.12 -31.81 -32.53 -33.31 -34.34 -34.94 -35.53 -35.91 -36.38 -37.03 -37.94 -38.66 -39.31 -39.94 -40.44 -40.91 -41.31 -41.72 -42.12 -42.53 -42.94 -43.34 -43.75
-10.75 -11.12 -11.41 -11.62 -11.56 -11.66 -11.69 -11.94 -12.19 -12.31 -12.62 -12.38 -12.28 -12.53 -12.91 -12.84 -13.03 -13.38 -14.31 -14.97 -15.19 -16.31 -17.06 -17.88 -18.47 -19.19 -19.91 -20.53 -21.03 -21.69 -22.12 -22.81 -23.78 -24.69 -25.50 -26.16 -27.00 -27.75 -28.47 -29.16 -29.47 -30.00 -30.38 -30.56 -30.69 -30.97 -31.16 -31.44 -31.88 -32.31 -32.84 -33.72 -34.66 -35.34 -36.06 -36.62 -37.03 -37.50 -38.03 -38.59 -39.25 -39.91 -40.50 -41.03 -41.50 -41.94 -42.31 -42.72 -43.09 -43.50 -43.88
-10.75 -10.62 -11.00 -11.84 -11.81 -11.78 -12.06 -12.12 -12.78 -13.00 -13.00 -12.97 -12.78 -13.19 -13.12 -13.44 -13.75 -13.66 -14.62 -15.75 -16.56 -16.91 -17.56 -18.12 -18.91 -19.72 -20.06 -20.50 -21.22 -21.81 -22.28 -22.62 -23.53 -24.59 -25.28 -26.19 -27.22 -28.06 -28.75 -29.38 -29.84 -30.28 -30.75 -31.25 -31.50 -31.81 -32.03 -32.34 -32.69 -33.03 -33.50 -34.03 -34.91 -35.75 -36.47 -37.06 -37.66 -38.16 -38.56 -39.00 -39.44 -39.94 -40.53 -41.09 -41.59 -42.06 -42.47 -42.88 -43.25 -43.62 -43.97
-10.28 -10.47 -10.97 -11.97 -12.00 -12.34 -12.53 -12.91 -13.06 -13.31 -13.28 -13.31 -13.12 -13.44 -13.78 -14.03 -14.31 -14.31 -14.91 -16.09 -16.84 -17.22 -18.22 -18.88 -19.53 -20.34 -20.66 -20.94 -21.50 -21.88 -22.25 -23.06 -23.72 -24.66 -25.44 -26.38 -27.38 -28.09 -28.59 -29.31 -29.88 -30.34 -31.06 -31.59 -31.94 -32.31 -32.62 -33.12 -33.47 -33.69 -34.19 -34.72 -35.47 -36.19 -36.91 -37.62 -38.12 -38.59 -39.03 -39.47 -39.88 -40.28 -40.69 -41.19 -41.69 -42.16 -42.56 -42.97 -43.34 -43.72 -44.06
-10.31 -10.38 -10.97 -11.38 -11.72 -12.25 -12.62 -12.91 -13.16 -13.50 -13.72 -13.53 -13.59 -13.59 -13.97 -14.38 -14.81 -14.84 -15.44 -16.34 -17.09 -17.62 -18.59 -19.34 -20.06 -20.75 -21.03 -21.50 -22.12 -22.62 -22.91 -23.09 -23.62 -24.31 -25.09 -26.00 -27.19 -27.88 -28.50 -29.03 -29.47 -30.06 -31.00 -31.56 -31.88 -32.47 -33.06 -33.50 -33.91 -34.22 -34.75 -35.31 -35.94 -36.62 -37.34 -37.91 -38.44 -38.94 -39.38 -39.81 -40.22 -40.62 -41.00 -41.41 -41.81 -42.22 -42.62 -43.03 -43.41 -43.78 -44.12
-10.22 -10.59 -10.75 -10.84 -11.00 -11.28 -12.03 -12.72 -13.25 -13.53 -13.72 -13.78 -13.81 -14.03 -14.44 -14.47 -15.06 -15.59 -15.78 -16.81 -17.69 -18.09 -18.78 -19.69 -20.47 -21.38 -22.06 -22.50 -22.84 -23.22 -23.47 -23.69 -23.94 -24.44 -25.16 -25.75 -26.66 -27.53 -28.09 -28.50 -28.97 -29.91 -30.75 -31.44 -32.00 -32.53 -33.12 -33.66 -34.16 -34.66 -35.25 -35.88 -36.44 -37.09 -37.69 -38.16 -38.66 -39.16 -39.62 -40.06 -40.50 -40.88 -41.25 -41.62 -42.00 -42.34 -42.72 -43.09 -43.47 -43.81 -44.16
-10.22 -10.50 -10.69 -10.62 -10.84 -10.78 -11.59 -12.06 -12.47 -13.50 -13.69 -13.97 -14.09 -14.34 -15.06 -15.19 -15.50 -15.72 -16.22 -17.19 -17.78 -18.44 -18.97 -20.00 -20.59 -21.69 -22.59 -23.00 -23.50 -23.78 -24.19 -24.44 -24.72 -24.94 -25.41 -26.00 -26.66 -27.44 -27.91 -28.12 -28.47 -29.38 -30.38 -31.16 -31.81 -32.44 -33.12 -33.78 -34.31 -34.97 -35.53 -36.16 -36.88 -37.47 -37.94 -38.41 -38.88 -39.34 -39.81 -40.25 -40.69 -41.06 -41.44 -41.81 -42.16 -42.50 -42.84 -43.19 -43.53 -43.88 -44.19
-10.50 -10.41 -10.53 -10.78 -11.28 -11.56 -12.09 -11.94 -12.25 -13.31 -13.75 -13.94 -14.06 -14.44 -15.59 -16.00 -16.31 -16.44 -16.41 -17.19 -18.06 -18.88 -19.22 -19.91 -20.41 -21.31 -22.50 -23.22 -23.66 -24.12 -24.59 -24.88 -24.81 -25.41 -25.88 -26.34 -26.94 -27.81 -28.22 -28.41 -28.66 -29.16 -30.06 -30.81 -31.53 -32.28 -33.03 -33.75 -34.41 -34.97 -35.56 -36.28 -37.03 -37.62 -38.12 -38.59 -39.06 -39.50 -39.94 -40.38 -40.81 -41.22 -41.59 -41.97 -42.31 -42.66 -43.00 -43.31 -43.62 -43.94 -44.25
-10.53 -10.62 -10.91 -11.19 -11.25 -11.34 -11.56 -11.59 -12.12 -13.00 -13.47 -13.84 -14.00 -14.62 -15.34 -16.31 -16.97 -17.25 -17.38 -17.81 -18.31 -18.91 -19.53 -20.16 -20.75 -21.22 -22.19 -23.09 -23.75 -24.44 -25.03 -25.38 -25.50 -26.19 -26.62 -26.88 -27.44 -28.09 -28.75 -29.16 -29.22 -29.38 -29.88 -30.56 -31.28 -31.91 -32.59 -33.38 -34.25 -34.94 -35.50 -36.16 -36.91 -37.69 -38.22 -38.75 -39.22 -39.69 -40.09 -40.53 -40.94 -41.34 -41.72 -42.06 -42.44 -42.78 -43.12 -43.44 -43.75 -44.06 -44.34
-10.56 -10.62 -10.97 -11.25 -11.41 -11.38 -11.22 -11.31 -11.97 -12.72 -12.88 -13.00 -13.72 -14.22 -15.28 -15.78 -15.91 -16.84 -17.53 -18.12 -18.66 -19.03 -19.59 -19.91 -20.22 -21.12 -22.03 -23.09 -23.91 -24.41 -24.97 -25.62 -26.16 -26.62 -27.19 -27.91 -28.16 -28.62 -29.03 -29.62 -29.94 -30.22 -30.44 -30.81 -31.34 -31.94 -32.53 -33.25 -34.16 -34.91 -35.50 -36.09 -36.84 -37.62 -38.28 -38.84 -39.34 -39.84 -40.25 -40.69 -41.06 -41.47 -41.81 -42.19 -42.53 -42.88 -43.19 -43.53 -43.84 -44.16 -44.44
-10.81 -10.91 -10.78 -11.28 -11.31 -11.16 -11.66 -11.78 -12.06 -12.25 -12.34 -13.16 -13.75 -14.00 -14.75 -15.50 -16.09 -16.88 -17.12 -18.12 -18.84 -19.53 -19.88 -20.16 -20.22 -20.88 -21.94 -22.97 -23.72 -24.16 -24.78 -25.56 -26.34 -26.81 -27.38 -28.12 -28.41 -29.00 -29.66 -30.16 -30.66 -31.00 -31.25 -31.59 -31.97 -32.47 -33.00 -33.53 -34.38 -35.31 -35.94 -36.53 -37.16 -37.81 -38.38 -38.94 -39.47 -39.97 -40.41 -40.81 -41.22 -41.59 -41.94 -42.28 -42.62 -42.94 -43.25 -43.56 -43.88 -44.19 -44.47
-11.09 -11.22 -10.97 -11.09 -11.50 -11.62 -12.16 -12.12 -12.09 -12.62 -12.59 -12.84 -13.44 -13.94 -14.66 -15.28 -16.03 -16.75 -17.31 -18.00 -18.84 -19.72 -20.06 -20.12 -20.56 -21.28 -22.06 -22.84 -23.25 -24.06 -24.69 -25.28 -26.06 -26.81 -27.25 -27.94 -28.53 -29.38 -30.06 -30.66 -31.09 -31.66 -31.94 -32.38 -32.81 -33.28 -33.69 -34.16 -34.81 -35.53 -36.22 -36.84 -37.44 -37.97 -38.53 -39.03 -39.56 -40.03 -40.50 -40.94 -41.31 -41.69 -42.03 -42.38 -42.69 -43.00 -43.31 -43.59 -43.91 -44.22 -44.50
-11.09 -11.34 -11.25 -11.16 -11.22 -11.47 -12.12 -12.34 -12.19 -12.19 -12.53 -12.84 -13.22 -13.75 -14.34 -15.31 -16.34 -16.62 -17.50 -18.12 -18.84 -19.66 -20.25 -20.59 -21.09 -21.72 -22.22 -22.66 -23.28 -23.97 -24.66 -25.16 -25.62 -26.44 -26.91 -27.69 -28.31 -29.12 -30.06 -30.84 -31.34 -31.78 -32.38 -32.91 -33.28 -33.75 -34.22 -34.69 -35.16 -35.72 -36.34 -36.94 -37.53 -38.06 -38.59 -39.09 -39.59 -40.06 -40.53 -40.94 -41.34 -41.72 -42.06 -42.41 -42.72 -43.03 -43.31 -43.62 -43.94 -44.22 -44.50
-10.66 -10.75 -11.16 -11.22 -11.16 -10.97 -11.97 -11.97 -12.41 -12.12 -12.53 -13.16 -13.97 -13.91 -14.56 -15.34 -16.03 -16.38 -17.09 -17.91 -18.59 -19.53 -20.31 -21.25 -21.97 -22.09 -22.69 -23.28 -23.59 -24.16 -24.59 -24.97 -25.47 -26.00 -26.59 -27.28 -28.12 -28.84 -29.72 -30.38 -31.16 -31.84 -32.50 -33.09 -33.50 -33.94 -34.41 -34.94 -35.41 -35.88 -36.38 -36.97 -37.47 -38.00 -38.53 -39.03 -39.50 -40.00 -40.44 -40.88 -41.28 -41.69 -42.03 -42.38 -42.69 -43.00 -43.31 -43.62 -43.91 -44.19 -44.47
