everonasctiles/Tile4,23.asc
ncols 128
nrows 128
xllcorner 0
yllcorner 0
cellsize 2.0
NODATA_value  -9999
[rows 70 to 104 of 128, columns 0 to 79 of 128]
2.34 1.56 1.28 1.59 2.03 3.12 3.19 3.22 3.25 3.28 3.28 3.31 3.12 2.69 2.62 2.53 2.38 2.06 2.25 2.38 2.38 2.41 2.50 2.59 2.66 2.66 2.62 2.59 2.59 2.62 2.69 2.81 2.97 3.19 3.44 3.72 4.12 4.66 5.47 6.41 7.34 8.06 8.66 9.09 9.47 9.69 9.78 10.00 10.44 10.88 11.31 11.72 12.25 12.88 13.53 14.25 14.94 15.69 16.44 17.22 18.00 18.81 19.69 20.91 22.44 24.00 25.50 26.75 27.66 28.34 28.84 29.25 29.62 30.19 30.72 31.28 31.81 32.34 32.84 33.31
2.78 1.91 1.41 1.53 1.91 2.97 3.28 3.31 3.34 3.38 3.38 3.41 3.34 2.62 2.62 2.50 2.31 2.16 2.06 2.00 1.94 1.84 1.97 2.19 2.31 2.41 2.44 2.50 2.53 2.59 2.69 2.81 2.94 3.16 3.44 3.84 4.34 4.94 5.69 6.59 7.44 8.09 8.62 9.09 9.47 9.56 9.69 9.91 10.31 10.75 11.22 11.72 12.28 12.97 13.69 14.31 14.97 15.69 16.44 17.22 18.03 18.81 19.62 20.97 22.50 24.03 25.56 26.78 27.69 28.41 29.00 29.44 29.78 30.19 30.78 31.34 31.94 32.50 33.00 33.47
2.88 2.44 1.78 1.56 1.72 2.53 3.38 3.41 3.44 3.47 3.50 3.56 3.62 2.94 2.72 2.53 2.31 2.16 2.03 1.91 1.69 1.56 1.62 1.91 2.16 2.28 2.38 2.47 2.53 2.59 2.69 2.81 2.97 3.19 3.47 3.88 4.44 5.09 5.84 6.62 7.38 8.00 8.50 8.94 9.25 9.44 9.59 9.84 10.25 10.69 11.19 11.75 12.28 12.97 13.75 14.31 14.97 15.69 16.44 17.19 18.00 18.78 19.47 20.84 22.34 23.78 25.25 26.56 27.59 28.41 29.03 29.50 29.84 30.22 30.75 31.34 32.00 32.69 33.19 33.47
3.12 3.00 2.38 1.69 1.59 2.00 3.47 3.47 3.53 3.56 3.62 3.69 3.78 3.66 2.88 2.66 2.34 2.22 2.09 1.94 1.72 1.59 1.75 1.94 2.09 2.25 2.38 2.47 2.56 2.66 2.75 2.91 3.06 3.28 3.53 3.91 4.41 5.06 5.81 6.50 7.22 7.81 8.25 8.62 9.06 9.31 9.53 9.84 10.22 10.66 11.22 11.72 12.28 12.94 13.72 14.28 14.94 15.66 16.38 17.16 17.97 18.69 19.28 20.66 22.16 23.34 24.75 26.16 27.38 28.28 29.00 29.47 29.81 30.19 30.66 31.16 31.81 32.59 33.06 33.28
3.38 3.38 3.16 2.62 1.81 1.81 3.16 3.59 3.62 3.69 3.75 3.84 3.91 3.97 3.41 2.94 2.56 2.22 2.16 2.03 1.84 1.72 1.84 2.00 2.12 2.28 2.41 2.53 2.62 2.72 2.84 3.00 3.19 3.38 3.66 3.97 4.41 5.00 5.62 6.38 7.06 7.59 8.00 8.38 8.94 9.22 9.50 9.84 10.25 10.66 11.19 11.69 12.22 12.84 13.66 14.22 14.88 15.59 16.31 17.09 17.91 18.56 19.09 20.34 21.69 22.84 24.06 25.56 26.94 27.97 28.81 29.31 29.69 30.12 30.53 30.91 31.56 32.16 32.69 33.06
3.53 3.62 3.34 2.97 2.69 2.25 2.38 3.72 3.75 3.81 3.88 3.97 4.03 4.09 4.09 3.47 3.06 2.41 2.34 2.19 2.03 1.91 2.00 2.12 2.25 2.41 2.53 2.62 2.72 2.84 2.97 3.12 3.31 3.53 3.78 4.09 4.50 5.00 5.53 6.19 6.78 7.34 7.78 8.19 8.78 9.12 9.44 9.84 10.25 10.66 11.16 11.62 12.16 12.72 13.56 14.12 14.78 15.50 16.25 17.03 17.81 18.44 18.94 20.09 21.38 22.47 23.66 25.09 26.47 27.69 28.62 29.16 29.59 29.97 30.38 30.72 31.31 31.81 32.31 32.81
3.69 3.75 3.56 3.06 2.81 2.66 2.44 3.56 3.88 3.94 4.03 4.09 4.16 4.25 4.31 3.97 3.53 3.06 2.75 2.53 2.28 2.16 2.25 2.34 2.44 2.56 2.69 2.78 2.88 3.00 3.12 3.31 3.53 3.78 4.03 4.34 4.66 5.03 5.50 6.06 6.59 7.12 7.62 8.09 8.69 9.03 9.44 9.88 10.25 10.66 11.12 11.56 12.03 12.56 13.38 13.97 14.66 15.38 16.16 16.94 17.72 18.34 18.91 19.84 21.12 22.31 23.53 25.06 26.38 27.62 28.50 29.03 29.44 29.81 30.19 30.47 31.09 31.56 32.03 32.50
3.81 3.88 3.84 3.28 2.97 2.78 2.62 2.88 4.00 4.09 4.16 4.22 4.28 4.38 4.44 4.50 3.94 3.56 3.25 3.00 2.66 2.53 2.59 2.66 2.72 2.81 2.88 2.97 3.06 3.16 3.34 3.53 3.78 4.03 4.28 4.56 4.88 5.22 5.56 6.09 6.59 7.09 7.59 8.09 8.66 9.06 9.47 9.88 10.25 10.62 11.03 11.50 11.94 12.44 13.16 13.81 14.50 15.25 16.03 16.81 17.59 18.25 18.81 19.62 20.91 22.22 23.56 25.09 26.38 27.53 28.31 28.78 29.19 29.56 29.91 30.25 30.84 31.34 31.81 32.25
4.00 4.00 4.00 3.78 3.38 2.88 2.81 2.78 3.69 4.22 4.28 4.34 4.44 4.50 4.59 4.69 4.56 4.19 3.97 3.69 3.41 3.19 3.09 3.06 3.06 3.09 3.12 3.19 3.28 3.41 3.59 3.84 4.06 4.31 4.56 4.84 5.12 5.44 5.75 6.16 6.69 7.16 7.62 8.16 8.69 9.09 9.50 9.88 10.28 10.66 11.03 11.44 11.88 12.34 12.94 13.62 14.34 15.12 15.91 16.72 17.50 18.12 18.69 19.41 20.59 21.97 23.44 24.91 26.22 27.34 28.12 28.53 28.97 29.34 29.66 30.00 30.59 31.06 31.59 32.06
4.28 4.16 4.12 4.03 3.75 3.38 3.16 3.06 2.94 4.34 4.41 4.47 4.56 4.66 4.75 4.81 4.91 4.81 4.66 4.47 4.25 3.94 3.69 3.56 3.47 3.44 3.44 3.44 3.53 3.72 3.94 4.19 4.41 4.69 4.94 5.19 5.44 5.72 6.00 6.31 6.75 7.22 7.69 8.22 8.69 9.19 9.56 9.94 10.31 10.69 11.06 11.44 11.84 12.31 12.81 13.47 14.19 14.97 15.78 16.62 17.41 18.00 18.53 19.22 20.25 21.59 23.09 24.59 25.91 27.09 27.88 28.31 28.72 29.06 29.41 29.81 30.38 30.81 31.41 31.88
4.66 4.47 4.34 4.19 4.00 3.78 3.62 3.50 3.16 3.84 4.53 4.62 4.72 4.78 4.88 4.97 5.06 5.19 5.22 5.06 4.88 4.62 4.34 4.12 3.97 3.84 3.78 3.72 3.81 4.06 4.34 4.56 4.81 5.06 5.31 5.56 5.81 6.06 6.31 6.59 6.94 7.44 7.91 8.41 8.88 9.25 9.66 10.03 10.38 10.72 11.06 11.47 11.91 12.38 12.91 13.47 14.12 14.88 15.69 16.56 17.28 17.88 18.41 19.03 19.94 21.22 22.72 24.22 25.59 26.78 27.62 28.06 28.47 28.84 29.19 29.66 30.19 30.62 31.22 31.69
5.06 4.91 4.72 4.56 4.41 4.25 4.12 3.94 3.81 3.47 4.59 4.75 4.84 4.94 5.03 5.09 5.19 5.28 5.59 5.56 5.41 5.19 4.97 4.75 4.50 4.31 4.22 4.16 4.25 4.53 4.78 5.03 5.28 5.50 5.75 6.00 6.25 6.50 6.75 7.00 7.31 7.75 8.25 8.72 9.19 9.56 9.94 10.28 10.59 10.91 11.19 11.50 11.91 12.38 12.91 13.53 14.16 14.88 15.66 16.41 17.12 17.75 18.31 18.94 19.81 21.00 22.47 23.97 25.31 26.41 27.34 27.78 28.22 28.59 28.88 29.38 29.91 30.44 31.06 31.53
5.56 5.41 5.22 5.06 4.91 4.75 4.62 4.47 4.34 4.19 4.16 4.91 4.97 5.06 5.16 5.25 5.34 5.41 5.53 5.97 5.88 5.72 5.56 5.38 5.19 5.00 4.88 4.78 4.84 5.06 5.31 5.53 5.75 6.00 6.25 6.50 6.75 7.00 7.25 7.53 7.91 8.34 8.81 9.25 9.66 10.00 10.31 10.59 10.91 11.25 11.56 11.78 12.09 12.47 12.97 13.59 14.28 14.97 15.62 16.28 16.94 17.62 18.31 19.00 19.88 21.00 22.41 23.81 25.09 26.12 27.06 27.53 27.97 28.34 28.66 29.12 29.66 30.28 30.91 31.38
6.09 5.91 5.72 5.56 5.41 5.25 5.12 5.00 4.88 4.78 4.41 4.84 5.12 5.22 5.28 5.38 5.47 5.56 5.72 5.97 6.25 6.16 6.06 5.94 5.81 5.69 5.56 5.53 5.56 5.69 5.88 6.06 6.28 6.50 6.75 7.00 7.28 7.56 7.84 8.16 8.62 9.12 9.56 9.94 10.25 10.50 10.78 11.03 11.31 11.66 12.00 12.31 12.62 13.00 13.50 14.00 14.56 15.12 15.69 16.22 16.81 17.53 18.31 19.09 20.00 21.12 22.47 23.78 24.91 25.84 26.81 27.31 27.75 28.16 28.47 28.94 29.47 30.16 30.75 31.28
6.66 6.44 6.25 6.06 5.91 5.75 5.62 5.53 5.44 5.31 5.12 4.53 5.25 5.34 5.44 5.53 5.59 5.72 5.84 5.97 6.28 6.50 6.47 6.44 6.41 6.38 6.34 6.31 6.34 6.38 6.50 6.66 6.84 7.06 7.28 7.56 7.84 8.16 8.47 8.88 9.38 9.84 10.25 10.59 10.84 11.03 11.25 11.50 11.81 12.16 12.53 12.91 13.28 13.69 14.16 14.53 14.97 15.41 15.81 16.25 16.78 17.47 18.28 19.16 20.12 21.25 22.53 23.75 24.75 25.59 26.53 27.09 27.56 27.97 28.34 28.75 29.28 30.00 30.62 31.19
7.22 6.94 6.72 6.53 6.38 6.22 6.12 6.06 5.97 5.81 5.56 5.06 4.81 5.50 5.56 5.62 5.75 5.88 6.00 6.12 6.31 6.59 6.75 6.78 6.81 6.88 6.91 6.97 7.03 7.09 7.12 7.22 7.38 7.59 7.84 8.12 8.44 8.78 9.16 9.66 10.16 10.59 10.97 11.25 11.47 11.72 12.06 12.38 12.72 13.06 13.34 13.66 14.00 14.44 14.88 15.16 15.47 15.72 16.00 16.34 16.84 17.50 18.28 19.19 20.19 21.34 22.56 23.69 24.59 25.38 26.19 26.88 27.38 27.78 28.22 28.66 29.12 29.72 30.47 31.09
7.78 7.44 7.19 6.97 6.81 6.69 6.56 6.41 6.22 6.03 5.75 5.47 4.75 5.44 5.66 5.78 5.91 6.03 6.16 6.31 6.47 6.62 6.91 7.03 7.09 7.22 7.34 7.44 7.56 7.66 7.72 7.81 7.94 8.12 8.38 8.69 9.03 9.47 10.00 10.62 11.25 11.81 12.25 12.62 12.97 13.22 13.38 13.66 13.94 14.16 14.44 14.75 15.03 15.38 15.72 16.00 16.06 16.12 16.31 16.62 17.03 17.56 18.28 19.16 20.19 21.34 22.50 23.56 24.44 25.19 25.88 26.44 26.94 27.41 27.94 28.44 28.97 29.53 30.28 31.00
8.28 7.91 7.59 7.38 7.22 7.03 6.84 6.66 6.47 6.25 5.97 5.69 5.25 4.41 5.81 5.94 6.06 6.16 6.31 6.44 6.59 6.84 7.03 7.22 7.44 7.47 7.59 7.78 7.94 8.09 8.22 8.41 8.66 9.12 9.72 10.31 10.84 11.22 11.47 11.69 11.94 12.19 12.44 12.69 12.91 13.16 13.38 13.62 13.91 14.16 14.47 14.75 15.06 15.41 15.75 16.12 16.34 16.69 17.00 17.16 17.31 17.72 18.31 19.06 20.06 21.16 22.31 23.34 24.25 25.09 25.78 26.28 26.78 27.28 27.81 28.31 28.84 29.44 30.12 30.94
8.56 8.25 7.97 7.75 7.59 7.34 7.12 6.91 6.72 6.50 6.25 5.97 5.62 4.84 5.03 6.09 6.16 6.28 6.44 6.59 6.78 6.97 7.16 7.44 7.75 8.12 8.38 8.59 8.97 9.22 9.47 9.72 10.03 10.25 10.50 10.72 10.94 11.19 11.41 11.66 11.91 12.16 12.38 12.62 12.88 13.12 13.38 13.62 13.91 14.16 14.47 14.78 15.09 15.47 15.81 16.16 16.47 16.84 17.19 17.41 17.69 17.97 18.28 18.91 19.78 20.81 21.94 23.00 24.03 24.97 25.75 26.22 26.66 27.16 27.69 28.22 28.78 29.38 30.03 30.88
8.75 8.47 8.22 8.06 7.94 7.62 7.41 7.19 6.97 6.75 6.53 6.31 6.03 5.53 5.06 5.41 6.28 6.44 6.59 6.75 6.91 7.09 7.28 7.53 7.81 8.16 8.41 8.62 8.97 9.22 9.44 9.69 9.94 10.22 10.44 10.69 10.91 11.16 11.38 11.62 11.84 12.09 12.34 12.59 12.84 13.09 13.34 13.62 13.91 14.19 14.50 14.81 15.16 15.50 15.84 16.19 16.56 16.94 17.31 17.56 17.91 18.22 18.53 18.75 19.34 20.34 21.47 22.59 23.72 24.72 25.56 26.22 26.59 26.97 27.47 28.03 28.66 29.28 29.94 30.75
8.84 8.59 8.41 8.28 8.19 7.88 7.66 7.41 7.19 7.00 6.81 6.66 6.50 6.41 5.47 5.03 5.53 6.59 6.72 6.84 7.03 7.22 7.41 7.62 7.91 8.19 8.41 8.66 8.97 9.19 9.44 9.69 9.91 10.19 10.41 10.66 10.88 11.12 11.34 11.59 11.81 12.06 12.31 12.56 12.81 13.06 13.31 13.62 13.91 14.22 14.53 14.81 15.19 15.53 15.91 16.28 16.66 17.03 17.41 17.75 18.06 18.38 18.66 18.91 19.22 19.56 20.91 22.09 23.22 24.34 25.31 26.19 26.75 27.09 27.50 28.00 28.59 29.19 29.91 30.69
8.81 8.62 8.50 8.41 8.38 8.09 7.88 7.62 7.41 7.22 7.06 6.94 6.84 6.78 6.25 5.31 5.16 5.75 6.78 6.97 7.16 7.34 7.53 7.72 7.97 8.19 8.44 8.69 8.94 9.19 9.44 9.66 9.91 10.12 10.38 10.59 10.84 11.06 11.31 11.53 11.78 12.03 12.28 12.53 12.78 13.03 13.28 13.62 13.88 14.22 14.53 14.88 15.22 15.59 15.94 16.41 16.78 17.16 17.56 17.91 18.22 18.56 18.81 19.06 19.28 19.50 19.88 21.50 22.59 23.75 24.97 25.94 26.75 27.28 27.66 28.09 28.66 29.25 29.84 30.53
8.66 8.56 8.47 8.44 8.44 8.34 8.06 7.84 7.59 7.41 7.25 7.19 7.12 6.94 6.53 6.22 5.78 5.50 5.81 6.88 7.28 7.41 7.62 7.78 8.03 8.22 8.47 8.72 8.94 9.16 9.41 9.66 9.91 10.09 10.34 10.56 10.81 11.03 11.28 11.50 11.75 12.00 12.25 12.50 12.75 13.00 13.31 13.69 14.00 14.34 14.62 14.97 15.28 15.62 15.97 16.50 16.88 17.25 17.72 18.06 18.38 18.72 18.97 19.25 19.47 19.69 19.91 20.16 21.88 23.00 24.28 25.47 26.38 27.25 27.78 28.22 28.75 29.28 29.78 30.31
8.44 8.41 8.38 8.34 8.38 8.44 8.38 8.00 7.75 7.53 7.41 7.34 7.28 7.12 6.91 6.59 6.31 6.12 5.88 5.72 6.53 7.44 7.69 7.88 8.03 8.25 8.50 8.75 8.91 9.16 9.41 9.62 9.88 10.06 10.31 10.53 10.78 11.00 11.25 11.47 11.72 12.00 12.31 12.56 12.84 13.25 13.78 14.19 14.56 14.84 15.19 15.53 15.88 16.22 16.56 16.84 17.06 17.56 17.91 18.22 18.56 18.88 19.16 19.41 19.62 19.84 20.00 20.19 20.53 22.19 23.41 24.66 25.84 26.78 27.59 28.16 28.75 29.19 29.56 30.00
8.09 8.16 8.19 8.16 8.12 8.12 8.22 8.19 7.75 7.34 7.41 7.41 7.34 7.25 7.12 6.97 6.75 6.53 6.31 5.97 5.75 6.06 6.88 7.78 8.09 8.38 8.56 8.72 8.84 9.16 9.38 9.62 9.88 10.06 10.31 10.59 10.78 10.94 11.06 11.22 11.44 11.81 12.16 12.50 12.81 13.19 13.69 14.22 14.66 15.00 15.28 15.59 15.88 16.19 16.53 16.91 17.28 17.69 18.06 18.38 18.78 19.06 19.34 19.56 19.81 20.00 20.19 20.38 20.53 20.88 22.50 23.62 24.91 26.09 27.16 28.06 28.66 29.00 29.25 29.62
7.84 7.88 7.88 7.88 7.88 7.84 7.91 7.91 7.59 7.22 7.38 7.44 7.47 7.41 7.34 7.22 7.09 6.94 6.75 6.47 6.09 5.97 6.41 7.09 7.72 8.41 8.53 8.50 8.25 8.38 8.50 8.94 9.53 9.94 10.22 10.47 10.69 10.84 11.00 11.19 11.31 11.50 11.78 12.19 12.59 12.97 13.41 13.88 14.38 14.81 15.25 15.59 15.88 16.12 16.44 16.75 17.12 17.50 17.88 18.28 18.88 19.22 19.53 19.75 20.00 20.19 20.38 20.53 20.72 20.91 21.22 22.84 23.84 25.22 26.66 27.78 28.53 28.78 28.84 29.19
7.66 7.66 7.62 7.62 7.62 7.59 7.62 7.69 7.59 7.41 7.38 7.53 7.59 7.62 7.56 7.47 7.34 7.25 7.12 7.00 6.78 6.50 6.62 7.03 7.72 8.44 8.59 8.59 8.59 8.69 8.81 9.12 9.53 9.81 10.16 10.44 10.66 10.84 11.00 11.16 11.31 11.47 11.66 12.03 12.38 12.72 13.06 13.53 14.00 14.44 14.88 15.28 15.69 15.94 16.25 16.56 16.91 17.28 17.69 18.06 18.50 19.09 19.69 20.00 20.19 20.34 20.53 20.72 20.91 21.06 21.25 21.56 23.19 24.31 25.97 27.31 28.19 28.50 28.47 28.69
7.50 7.47 7.44 7.41 7.38 7.38 7.38 7.50 7.59 7.66 7.75 7.81 7.84 7.81 7.72 7.62 7.56 7.50 7.44 7.41 7.34 7.31 7.41 7.56 7.81 8.50 8.66 8.72 8.78 8.91 9.12 9.34 9.59 9.94 10.22 10.47 10.69 10.91 11.06 11.19 11.34 11.47 11.62 11.94 12.25 12.59 12.91 13.22 13.69 14.16 14.59 15.00 15.38 15.69 16.00 16.34 16.69 17.06 17.47 17.88 18.31 18.75 19.31 20.16 20.34 20.53 20.72 20.91 21.06 21.25 21.41 21.56 21.94 23.59 25.12 26.66 27.59 28.06 28.09 28.25
7.41 7.34 7.28 7.22 7.19 7.16 7.19 7.28 7.41 7.59 7.91 8.16 8.22 8.00 7.84 7.75 7.72 7.72 7.75 7.75 7.75 7.78 7.88 8.03 8.38 8.62 8.81 8.88 8.91 9.03 9.34 9.59 9.81 10.09 10.34 10.56 10.78 10.97 11.12 11.28 11.38 11.50 11.62 11.88 12.16 12.47 12.72 13.03 13.38 13.84 14.28 14.69 15.09 15.41 15.75 16.06 16.44 16.81 17.22 17.66 18.09 18.59 19.09 19.69 20.50 20.72 20.88 21.06 21.25 21.41 21.56 21.72 21.88 22.38 24.31 25.81 26.97 27.62 27.72 27.81
7.34 7.28 7.19 7.09 7.06 7.03 7.03 7.12 7.19 7.38 7.62 7.91 8.12 8.03 7.88 7.84 7.84 7.91 8.03 8.06 8.09 8.19 8.31 8.47 8.72 9.00 8.97 8.97 8.97 9.09 9.44 9.81 10.00 10.22 10.47 10.69 10.88 11.06 11.22 11.34 11.47 11.53 11.66 11.84 12.09 12.34 12.59 12.84 13.12 13.53 13.97 14.38 14.78 15.12 15.44 15.78 16.12 16.53 16.94 17.38 17.88 18.38 18.94 19.53 20.16 20.88 21.06 21.28 21.44 21.59 21.75 21.91 22.06 22.22 23.06 25.16 26.38 27.22 27.38 27.50
7.34 7.25 7.16 7.06 7.00 6.94 6.94 7.00 7.06 7.19 7.38 7.59 7.84 7.94 7.84 7.88 7.94 8.06 8.25 8.34 8.44 8.53 8.66 8.81 9.03 9.25 9.16 9.09 9.09 9.25 9.56 9.97 10.16 10.38 10.59 10.81 11.00 11.19 11.34 11.47 11.56 11.62 11.69 11.88 12.06 12.28 12.47 12.66 12.91 13.28 13.69 14.09 14.44 14.78 15.12 15.47 15.81 16.22 16.66 17.09 17.59 18.12 18.69 19.38 20.00 20.62 21.28 21.44 21.59 21.75 21.91 22.06 22.22 22.38 22.53 23.81 25.75 26.56 26.97 27.19
7.34 7.25 7.16 7.06 7.00 6.94 6.91 6.91 6.94 7.03 7.16 7.34 7.53 7.72 7.75 7.81 7.94 8.12 8.38 8.62 8.72 8.84 8.97 9.12 9.31 9.50 9.41 9.25 9.19 9.34 9.75 10.06 10.28 10.50 10.72 10.94 11.16 11.34 11.50 11.62 11.69 11.75 11.78 11.91 12.06 12.22 12.38 12.53 12.75 13.06 13.44 13.78 14.12 14.44 14.78 15.12 15.50 15.88 16.31 16.78 17.28 17.81 18.41 19.06 19.78 20.41 21.03 21.62 21.78 21.94 22.09 22.25 22.41 22.56 22.72 22.88 24.28 25.97 26.47 26.78
7.41 7.31 7.22 7.12 7.03 6.97 6.91 6.88 6.88 6.94 7.00 7.12 7.28 7.41 7.56 7.69 7.88 8.12 8.44 8.84 9.03 9.16 9.28 9.41 9.56 9.69 9.78 9.34 9.22 9.34 9.69 10.03 10.38 10.62 10.88 11.09 11.31 11.50 11.66 11.78 11.88 11.88 11.88 11.97 12.06 12.19 12.28 12.41 12.59 12.88 13.19 13.53 13.81 14.09 14.41 14.75 15.12 15.53 15.94 16.41 16.94 17.47 18.06 18.72 19.50 20.16 20.75 21.41 21.94 22.09 22.25 22.41 22.56 22.72 22.91 23.06 23.22 24.56 25.97 26.34
7.44 7.34 7.25 7.19 7.09 7.00 6.94 6.91 6.88 6.88 6.94 7.00 7.09 7.19 7.28 7.47 7.69 8.00 8.41 8.91 9.38 9.44 9.56 9.69 9.78 9.88 9.88 9.41 9.28 9.19 9.53 9.88 10.38 10.75 11.00 11.25 11.50 11.72 11.88 12.00 12.09 12.06 12.06 12.06 12.09 12.12 12.19 12.28 12.47 12.72 12.97 13.25 13.50 13.75 14.03 14.38 14.72 15.12 15.56 16.03 16.53 17.09 17.69 18.34 19.09 19.84 20.47 21.06 21.75 22.28 22.44 22.56 22.75 22.91 23.06 23.22 23.38 23.56 24.81 25.97
7.50 7.41 7.31 7.25 7.16 7.06 7.00 6.94 6.91 6.88 6.91 6.94 6.97 7.03 7.09 7.19 7.31 7.59 8.16 8.78 9.38 9.69 9.78 9.94 10.00 10.12 9.88 9.41 9.25 9.25 9.38 9.91 10.38 10.84 11.16 11.44 11.69 11.94 12.12 12.28 12.38 12.31 12.25 12.19 12.12 12.09 12.09 12.19 12.34 12.56 12.78 13.00 13.19 13.41 13.62 13.91 14.28 14.72 15.16 15.62 16.16 16.69 17.28 17.91 18.62 19.41 20.12 20.75 21.31 22.09 22.59 22.75 22.91 23.06 23.22 23.41 23.56 23.72 23.88 25.09
