everonasctiles/Tile[18,12].asc
ncols 128
nrows 128
xllcorner 0
yllcorner 0
cellsize 2.0
NODATA_value  -9999
[rows 0 to 32 of 128, columns 0 to 73 of 128]
3.12 3.28 3.44 3.56 3.72 3.91 4.06 4.25 4.44 4.59 4.81 4.97 5.19 5.44 5.72 6.00 6.31 6.62 6.97 7.28 7.59 7.94 8.34 8.75 9.25 9.62 9.88 10.09 10.28 10.44 10.62 10.75 10.88 11.03 11.19 11.09 11.44 11.41 11.50 11.50 11.56 11.69 11.75 11.84 11.78 11.62 11.44 11.12 10.91 10.78 10.66 10.59 10.50 10.44 10.38 10.28 10.22 10.16 10.09 10.06 10.00 9.94 9.91 9.84 9.81 9.75 9.72 9.69 9.62 9.62 9.59 9.59 9.56 9.59
2.88 3.09 3.28 3.41 3.56 3.69 3.84 3.97 4.12 4.28 4.44 4.59 4.78 5.03 5.28 5.56 5.91 6.22 6.53 6.88 7.19 7.50 7.84 8.25 8.69 9.19 9.75 9.94 10.12 10.25 10.38 10.50 10.69 10.84 10.94 10.91 11.22 11.25 11.41 11.34 11.38 11.44 11.47 11.44 11.31 11.12 10.91 10.66 10.47 10.31 10.22 10.12 10.06 10.00 9.94 9.88 9.81 9.75 9.69 9.62 9.59 9.53 9.50 9.47 9.41 9.38 9.34 9.31 9.28 9.28 9.28 9.28 9.31 9.34
2.41 2.75 3.06 3.25 3.41 3.50 3.59 3.72 3.84 3.97 4.09 4.22 4.38 4.59 4.84 5.09 5.44 5.78 6.09 6.41 6.75 7.09 7.41 7.78 8.19 8.62 9.12 9.66 9.81 9.91 10.00 10.12 10.28 10.50 10.53 10.69 10.94 11.12 11.16 11.12 11.09 11.06 11.03 10.94 10.78 10.59 10.34 10.16 9.94 9.84 9.72 9.66 9.56 9.53 9.47 9.44 9.38 9.31 9.28 9.22 9.19 9.16 9.12 9.06 9.03 9.00 9.00 8.97 8.97 8.94 8.94 8.88 8.75 8.59
1.81 2.28 2.72 3.03 3.16 3.28 3.41 3.53 3.62 3.72 3.81 3.91 4.00 4.19 4.41 4.62 4.97 5.28 5.62 5.97 6.28 6.59 6.94 7.28 7.66 8.06 8.50 8.97 9.38 9.44 9.53 9.62 9.84 9.97 10.03 10.28 10.62 10.78 10.84 10.78 10.72 10.62 10.53 10.38 10.19 10.00 9.75 9.59 9.44 9.31 9.22 9.12 9.03 9.03 9.00 8.97 8.91 8.91 8.88 8.84 8.78 8.75 8.72 8.69 8.69 8.66 8.62 8.59 8.56 8.53 8.41 8.25 8.12 8.09
1.34 1.66 2.16 2.50 2.78 3.00 3.16 3.25 3.34 3.44 3.56 3.66 3.72 3.78 3.97 4.16 4.44 4.78 5.12 5.47 5.78 6.09 6.41 6.75 7.09 7.47 7.88 8.28 8.69 8.81 8.91 9.06 9.25 9.31 9.41 9.88 10.16 10.31 10.41 10.34 10.25 10.12 9.94 9.81 9.59 9.34 9.16 9.00 8.84 8.78 8.66 8.56 8.47 8.41 8.44 8.44 8.44 8.41 8.41 8.38 8.38 8.34 8.31 8.28 8.25 8.19 8.12 8.06 7.94 7.75 7.66 7.62 7.59 7.56
1.03 1.19 1.41 1.84 2.25 2.56 2.72 2.84 2.97 3.09 3.22 3.34 3.44 3.47 3.50 3.69 3.94 4.25 4.59 4.97 5.28 5.56 5.88 6.19 6.53 6.84 7.22 7.56 7.91 8.09 8.25 8.41 8.53 8.69 8.88 9.34 9.59 9.81 9.91 9.81 9.72 9.56 9.38 9.19 8.97 8.69 8.53 8.38 8.25 8.16 8.06 7.97 7.81 7.78 7.78 7.78 7.78 7.81 7.81 7.84 7.81 7.78 7.75 7.69 7.59 7.47 7.34 7.19 7.19 7.19 7.22 7.22 7.22 7.22
0.94 0.97 1.03 1.34 1.69 2.00 2.16 2.31 2.44 2.59 2.78 2.97 3.12 3.19 3.19 3.19 3.38 3.72 4.06 4.44 4.75 5.03 5.31 5.62 5.91 6.22 6.53 6.81 7.16 7.31 7.47 7.66 7.72 7.91 8.34 8.66 8.97 9.16 9.31 9.22 9.06 8.94 8.75 8.56 8.31 8.03 7.88 7.72 7.56 7.47 7.41 7.34 7.22 7.12 7.12 7.06 7.03 7.03 7.00 6.97 6.97 6.94 6.88 6.81 6.75 6.66 6.59 6.59 6.59 6.62 6.69 6.75 6.81 6.84
0.94 0.94 0.94 1.06 1.25 1.47 1.62 1.72 1.88 2.03 2.22 2.47 2.75 2.78 2.84 2.94 3.12 3.31 3.53 3.91 4.25 4.50 4.78 5.06 5.31 5.56 5.81 6.09 6.34 6.53 6.69 6.88 6.91 7.34 7.69 8.03 8.31 8.56 8.62 8.56 8.41 8.22 8.06 7.88 7.62 7.38 7.19 7.00 6.88 6.81 6.69 6.59 6.50 6.41 6.41 6.31 6.25 6.19 6.12 6.06 6.03 6.00 5.97 5.91 5.88 5.91 5.91 5.91 5.91 5.94 5.94 6.00 6.03 6.16
0.94 0.94 0.94 0.94 1.00 1.09 1.22 1.28 1.41 1.50 1.62 1.84 2.06 2.25 2.41 2.59 2.81 3.03 3.22 3.38 3.75 4.03 4.28 4.53 4.75 4.97 5.12 5.31 5.53 5.75 5.97 6.12 6.28 6.69 7.06 7.31 7.62 7.84 7.91 7.84 7.72 7.56 7.38 7.16 6.94 6.62 6.44 6.28 6.22 6.16 6.03 5.94 5.81 5.69 5.62 5.50 5.44 5.28 5.19 5.09 5.03 4.97 5.00 4.97 4.91 4.75 4.59 4.59 4.53 4.50 4.50 4.50 4.53 4.50
0.94 0.94 0.94 0.94 0.94 0.97 1.00 1.03 1.09 1.16 1.19 1.28 1.53 1.72 1.91 2.16 2.44 2.69 2.91 3.12 3.31 3.56 3.84 4.06 4.25 4.41 4.44 4.50 4.66 4.97 5.12 5.47 5.66 6.06 6.34 6.66 6.94 7.06 7.12 7.09 6.97 6.81 6.62 6.44 6.16 5.91 5.72 5.56 5.53 5.44 5.38 5.25 5.12 5.00 4.88 4.78 4.69 4.53 4.44 4.31 4.19 4.09 3.97 3.84 3.69 3.56 3.41 3.25 3.09 2.94 2.84 2.75 2.72 2.75
0.94 0.94 0.94 0.94 0.94 0.94 0.94 0.94 0.97 0.97 1.00 1.00 1.19 1.31 1.47 1.69 1.97 2.25 2.56 2.91 3.12 3.28 3.47 3.66 3.81 3.97 4.00 4.03 4.16 4.25 4.44 4.72 5.03 5.34 5.69 5.94 6.12 6.25 6.28 6.25 6.16 6.03 5.81 5.62 5.41 5.16 5.00 4.88 4.81 4.72 4.62 4.50 4.34 4.19 4.06 3.97 3.91 3.88 3.81 3.69 3.53 3.41 3.28 3.16 3.03 2.94 2.88 2.78 2.69 2.62 2.56 2.53 2.50 2.53
0.94 0.94 0.94 0.94 0.94 0.94 0.94 0.94 0.94 0.94 0.94 0.94 1.00 1.06 1.16 1.31 1.53 1.75 2.03 2.50 2.88 3.06 3.22 3.38 3.50 3.62 3.69 3.75 3.81 3.88 3.94 4.06 4.41 4.69 4.94 5.12 5.25 5.31 5.34 5.31 5.22 5.09 4.94 4.78 4.62 4.41 4.19 4.06 4.00 3.91 3.81 3.66 3.47 3.28 3.12 3.03 3.00 3.06 3.09 3.06 3.00 2.91 2.81 2.75 2.69 2.66 2.59 2.59 2.53 2.47 2.41 2.38 2.38 2.38
0.94 0.94 0.94 0.94 0.94 0.94 0.94 0.94 0.94 0.94 0.94 0.94 0.94 0.97 1.00 1.06 1.22 1.31 1.34 1.53 2.22 2.47 2.72 2.94 3.16 3.34 3.47 3.53 3.59 3.62 3.69 3.75 3.84 3.94 4.12 4.28 4.31 4.31 4.25 4.22 4.16 4.09 4.03 3.91 3.78 3.47 3.22 3.06 2.97 2.94 2.88 2.78 2.59 2.38 2.22 2.12 2.06 2.19 2.31 2.38 2.34 2.31 2.25 2.22 2.16 2.12 2.12 2.19 2.31 2.34 2.31 2.28 2.25 2.22
0.81 0.94 0.94 0.94 0.94 0.94 0.94 0.94 0.94 0.94 0.94 0.94 0.94 0.94 0.94 0.97 1.00 1.03 1.00 1.06 1.50 1.88 2.16 2.41 2.69 2.91 3.16 3.28 3.38 3.41 3.47 3.50 3.56 3.59 3.56 3.47 3.38 3.25 3.16 3.09 3.03 2.97 2.88 2.81 2.72 2.44 2.19 2.03 1.94 2.00 2.03 1.97 1.84 1.66 1.53 1.47 1.38 1.47 1.66 1.75 1.75 1.75 1.72 1.66 1.59 1.50 1.44 1.56 1.94 2.16 2.19 2.16 2.12 2.09
0.75 0.78 0.84 0.88 0.94 0.94 0.94 0.94 0.94 0.94 0.94 0.94 0.94 0.94 0.94 0.94 0.94 0.94 0.94 0.94 1.19 1.41 1.62 1.88 2.16 2.44 2.78 2.97 3.06 3.16 3.22 3.25 3.22 3.12 2.94 2.75 2.53 2.31 2.16 2.12 2.03 1.91 1.81 1.66 1.59 1.59 1.44 1.31 1.25 1.28 1.38 1.38 1.31 1.22 1.12 1.09 1.06 1.06 1.19 1.28 1.28 1.31 1.28 1.22 1.19 1.09 1.12 1.28 1.56 1.84 2.03 2.06 2.03 2.00
0.69 0.75 0.81 0.88 0.91 0.91 0.94 0.94 0.94 0.94 0.94 0.94 0.94 0.94 0.94 0.94 0.94 0.94 0.94 0.94 1.03 1.12 1.28 1.44 1.66 1.94 2.31 2.53 2.69 2.78 2.84 2.84 2.78 2.66 2.38 2.12 1.88 1.62 1.47 1.44 1.38 1.25 1.16 1.06 1.03 1.09 1.06 1.00 1.00 0.97 1.00 1.03 1.03 1.00 0.97 0.97 0.94 0.94 0.97 1.00 1.03 1.03 1.03 1.00 1.00 0.97 1.03 1.12 1.38 1.69 1.88 1.94 1.94 1.91
0.62 0.72 0.78 0.84 0.84 0.88 0.91 0.91 0.94 0.94 0.94 0.94 0.94 0.94 0.94 0.94 0.94 0.94 0.94 0.94 0.94 0.97 1.06 1.16 1.28 1.47 1.78 2.00 2.16 2.22 2.31 2.34 2.31 2.16 1.88 1.66 1.44 1.25 1.12 1.09 1.06 1.00 0.97 0.94 0.94 0.94 0.94 0.94 0.94 0.94 0.94 0.94 0.94 0.94 0.94 0.94 0.94 0.94 0.94 0.94 0.94 0.94 0.94 0.94 0.94 0.94 0.97 1.06 1.28 1.59 1.78 1.84 1.81 1.81
0.56 0.66 0.69 0.75 0.81 0.88 0.91 0.91 0.94 0.94 0.94 0.94 0.94 0.94 0.94 0.94 0.94 0.94 0.94 0.94 0.94 0.94 0.97 1.00 1.06 1.12 1.38 1.50 1.56 1.62 1.72 1.84 1.84 1.72 1.50 1.31 1.16 1.06 1.00 0.97 0.94 0.94 0.94 0.94 0.94 0.94 0.94 0.94 0.94 0.94 0.94 0.94 0.94 0.94 0.94 0.94 0.94 0.94 0.94 0.94 0.94 0.94 0.94 0.94 0.94 0.94 0.97 1.09 1.25 1.47 1.66 1.75 1.72 1.72
0.50 0.56 0.66 0.72 0.78 0.84 0.88 0.91 0.91 0.94 0.94 0.94 0.94 0.94 0.94 0.94 0.94 0.94 0.94 0.94 0.94 0.94 0.94 0.94 0.97 0.97 1.09 1.16 1.16 1.19 1.28 1.41 1.44 1.34 1.22 1.09 1.00 0.97 0.94 0.94 0.94 0.94 0.94 0.94 0.94 0.94 0.94 0.94 0.94 0.94 0.94 0.94 0.94 0.94 0.94 0.94 0.94 0.94 0.94 0.94 0.94 0.94 0.94 0.94 0.94 0.94 0.97 1.06 1.22 1.34 1.50 1.59 1.62 1.62
0.38 0.47 0.56 0.66 0.75 0.81 0.84 0.88 0.91 0.91 0.91 0.94 0.94 0.94 0.94 0.94 0.94 0.94 0.94 0.94 0.94 0.94 0.94 0.94 0.94 0.94 0.94 0.97 1.00 1.00 1.00 1.09 1.12 1.09 1.06 1.00 0.94 0.94 0.94 0.94 0.94 0.94 0.94 0.94 0.94 0.94 0.94 0.94 0.94 0.94 0.94 0.94 0.94 0.94 0.94 0.94 0.94 0.94 0.94 0.94 0.94 0.94 0.94 0.94 0.94 0.94 0.97 1.06 1.16 1.28 1.38 1.47 1.50 1.50
0.28 0.38 0.50 0.59 0.69 0.75 0.81 0.84 0.88 0.91 0.91 0.91 0.91 0.94 0.94 0.94 0.94 0.94 0.94 0.94 0.94 0.94 0.94 0.94 0.94 0.94 0.94 0.94 0.94 0.94 0.94 0.94 0.97 0.97 0.97 0.94 0.94 0.94 0.94 0.94 0.94 0.94 0.94 0.94 0.94 0.94 0.94 0.94 0.94 0.94 0.94 0.94 0.94 0.94 0.94 0.94 0.94 0.94 0.94 0.94 0.94 0.94 0.94 0.94 0.94 0.94 0.97 1.03 1.12 1.22 1.28 1.38 1.41 1.41
0.16 0.28 0.38 0.50 0.59 0.69 0.75 0.78 0.81 0.84 0.88 0.88 0.91 0.91 0.91 0.91 0.94 0.94 0.94 0.94 0.94 0.94 0.94 0.94 0.94 0.94 0.94 0.94 0.94 0.94 0.94 0.94 0.94 0.94 0.94 0.94 0.94 0.94 0.94 0.94 0.94 0.94 0.94 0.94 0.94 0.94 0.94 0.94 0.94 0.94 0.94 0.94 0.94 0.94 0.94 0.94 0.94 0.94 0.94 0.94 0.94 0.94 0.94 0.94 0.94 0.94 0.97 1.00 1.06 1.16 1.22 1.28 1.31 1.31
0.03 0.12 0.25 0.38 0.47 0.56 0.62 0.69 0.75 0.78 0.81 0.84 0.84 0.88 0.88 0.91 0.91 0.91 0.91 0.94 0.94 0.94 0.94 0.94 0.94 0.94 0.94 0.94 0.94 0.94 0.94 0.94 0.94 0.94 0.94 0.94 0.94 0.94 0.94 1.66 0.94 0.94 0.94 0.94 0.94 0.94 0.94 0.94 0.94 0.94 0.94 0.94 0.94 0.94 0.94 0.94 0.94 0.94 0.94 0.94 0.94 0.94 0.94 0.94 0.94 0.94 0.94 1.00 1.03 1.09 1.16 1.22 1.22 1.25
-0.12 0.00 0.09 0.22 0.34 0.44 0.50 0.56 0.62 0.66 0.69 0.75 0.78 0.81 0.84 0.84 0.88 0.88 0.91 0.91 0.94 0.94 0.94 0.94 0.94 0.94 0.94 0.94 0.94 0.94 0.94 0.94 0.94 0.94 0.94 0.94 0.94 0.94 0.94 0.94 0.94 0.94 0.94 0.94 0.94 0.94 0.94 0.94 0.94 0.94 0.94 0.94 0.94 0.94 0.94 0.94 0.94 0.94 0.94 0.94 0.94 0.94 0.94 0.94 0.94 0.94 0.94 0.97 1.00 1.06 1.09 1.12 1.16 1.16
-0.28 -0.19 -0.06 0.03 0.16 0.25 0.34 0.41 0.44 0.50 0.56 0.59 0.66 0.69 0.75 0.78 0.81 0.84 0.84 0.88 0.94 0.94 0.94 0.94 0.94 0.94 0.94 0.94 0.94 0.94 0.94 0.94 0.94 0.94 0.94 0.94 0.94 0.94 0.94 0.94 0.94 0.94 0.94 0.94 0.94 0.94 0.94 0.94 0.94 0.94 0.94 0.94 0.94 0.94 0.94 0.94 0.94 0.94 0.94 0.94 0.94 0.94 0.94 0.94 0.94 0.94 0.94 0.94 0.97 1.03 1.06 1.09 1.09 1.06
-0.47 -0.38 -0.25 -0.16 -0.06 0.03 0.12 0.19 0.25 0.31 0.38 0.44 0.50 0.34 0.38 0.41 0.47 0.50 0.56 0.62 0.69 0.72 0.94 0.94 0.94 0.94 0.94 0.94 0.94 0.94 0.94 0.94 0.94 0.94 0.94 0.94 0.94 0.94 0.94 0.94 0.94 0.94 0.94 0.94 0.94 0.94 0.94 0.94 0.94 0.94 0.94 0.94 0.94 0.94 0.94 0.94 0.94 0.94 0.94 0.94 0.94 0.94 0.94 0.94 0.94 0.94 0.94 0.94 0.94 1.06 1.03 1.03 1.00 0.97
-0.66 -0.56 -0.47 -0.38 -0.28 -0.19 -0.12 -0.06 0.00 0.06 0.16 0.09 0.16 0.19 0.25 0.28 0.34 0.41 0.47 0.53 0.59 0.66 0.72 0.75 0.94 0.94 0.94 0.94 0.94 0.94 0.94 0.94 0.94 0.94 0.94 0.94 0.94 0.94 0.94 0.94 0.94 0.94 0.94 0.94 0.94 0.94 0.94 0.94 0.94 0.94 0.94 0.94 0.94 0.94 0.94 0.94 0.94 0.94 0.94 0.94 0.94 0.94 0.94 0.94 0.94 0.94 0.94 0.94 1.00 0.97 0.94 0.94 0.91 0.88
-0.84 -0.75 -0.69 -0.59 -0.53 -0.44 -0.38 -0.31 -0.25 -0.19 -0.12 -0.09 -0.03 0.03 0.06 0.12 0.19 0.25 0.31 0.41 0.47 0.53 0.62 0.69 0.75 0.94 0.94 0.94 0.94 0.94 0.94 0.94 0.94 0.94 0.94 0.94 0.94 0.94 0.94 0.94 0.94 0.94 0.94 0.94 0.94 0.94 0.94 0.94 0.94 0.94 0.94 0.94 0.94 0.94 0.94 0.94 0.94 0.94 0.94 0.94 0.94 0.94 1.00 1.00 0.97 0.97 0.94 0.94 0.91 0.88 0.84 0.84 0.81 0.78
-1.00 -0.94 -0.88 -0.81 -0.75 -0.69 -0.62 -0.59 -0.53 -0.41 -0.34 -0.28 -0.22 -0.16 -0.09 -0.03 0.03 0.09 0.19 0.25 0.34 0.44 0.50 0.59 0.66 0.75 0.94 0.94 0.94 0.94 0.94 0.94 0.94 0.94 0.94 0.94 0.94 0.94 0.94 0.94 0.94 0.94 0.94 0.94 0.94 0.94 0.94 0.94 0.94 0.94 0.94 0.94 0.94 0.94 0.94 0.94 1.00 1.00 0.97 0.97 0.94 0.94 0.91 0.91 0.88 0.88 0.84 0.84 0.81 0.78 0.78 0.75 0.72 0.69
-1.16 -1.12 -1.09 -1.03 -0.97 -0.94 -0.88 -0.84 -0.66 -0.59 -0.53 -0.47 -0.41 -0.34 -0.28 -0.19 -0.12 -0.03 0.03 0.12 0.22 0.31 0.41 0.50 0.56 0.66 0.75 1.03 0.94 0.94 0.94 0.94 0.94 0.94 0.94 0.94 0.94 0.94 0.94 0.94 0.94 0.94 0.94 0.94 0.94 1.09 0.94 0.94 0.94 0.94 0.94 0.94 0.97 0.97 0.94 0.94 0.91 0.91 0.88 0.88 0.84 0.84 0.81 0.81 0.78 0.78 0.75 0.75 0.72 0.72 0.69 0.66 0.62 0.62
-1.31 -1.28 -1.25 -1.22 -1.19 -1.16 -1.12 -0.91 -0.84 -0.78 -0.69 -0.62 -0.56 -0.50 -0.44 -0.34 -0.28 -0.19 -0.09 0.00 0.09 0.19 0.28 0.38 0.47 0.56 0.66 0.75 0.97 1.03 1.06 1.09 1.09 0.94 0.94 0.94 0.94 0.94 0.94 1.09 1.09 1.09 1.06 1.03 1.00 1.00 0.97 0.94 0.94 0.91 0.91 0.88 0.88 0.84 0.84 0.81 0.81 0.78 0.78 0.78 0.75 0.75 0.72 0.72 0.72 0.69 0.69 0.66 0.62 0.62 0.59 0.56 0.56 0.53
-1.41 -1.41 -1.38 -1.34 -1.34 -1.31 -1.31 -1.06 -1.00 -0.94 -0.88 -0.81 -0.72 -0.66 -0.59 -0.50 -0.44 -0.34 -0.25 -0.12 -0.03 0.06 0.16 0.28 0.38 0.47 0.56 0.66 0.91 0.94 0.97 1.00 1.03 1.03 1.06 1.06 1.03 1.03 1.03 1.00 1.00 1.00 0.97 0.94 0.91 0.88 0.84 0.75 0.72 0.69 0.66 0.66 0.62 0.62 0.62 0.62 0.62 0.62 0.69 0.66 0.66 0.66 0.62 0.62 0.62 0.59 0.59 0.56 0.56 0.53 0.50 0.50 0.47 0.44
-1.50 -1.47 -1.47 -1.47 -1.44 -1.44 -1.25 -1.19 -1.12 -1.06 -1.00 -0.94 -0.88 -0.81 -0.75 -0.66 -0.56 -0.47 -0.38 -0.28 -0.16 -0.06 0.03 0.16 0.25 0.38 0.47 0.56 0.62 0.88 0.91 0.94 0.97 0.97 0.97 0.97 0.97 0.97 0.94 0.94 0.91 0.91 0.84 0.81 0.78 0.69 0.66 0.62 0.62 0.59 0.59 0.56 0.56 0.56 0.53 0.53 0.53 0.53 0.53 0.53 0.56 0.56 0.56 0.53 0.53 0.50 0.50 0.47 0.47 0.44 0.44 0.41 0.38 0.38
