everonasctiles/Tile[43,26].asc
ncols 128
nrows 128
xllcorner 0
yllcorner 0
cellsize 2.0
NODATA_value  -9999
[rows 58 to 86 of 128, columns 0 to 66 of 128]
-111.38 -111.41 -111.44 -111.47 -111.50 -111.53 -111.62 -111.72 -111.94 -112.38 -112.91 -113.41 -113.88 -114.34 -114.81 -115.25 -115.75 -116.25 -116.72 -117.16 -117.56 -117.91 -118.25 -118.56 -118.84 -119.06 -119.25 -119.41 -119.53 -119.59 -119.66 -119.66 -119.66 -119.66 -119.62 -119.59 -119.56 -119.47 -119.38 -119.25 -119.09 -118.91 -118.69 -118.44 -118.12 -117.84 -117.53 -117.22 -116.91 -116.56 -116.22 -115.88 -115.50 -115.19 -114.91 -114.72 -114.56 -114.44 -114.28 -114.16 -114.03 -113.91 -113.78 -113.66 -113.56 -113.44 -113.31
-111.34 -111.38 -111.41 -111.44 -111.47 -111.53 -111.62 -111.78 -111.97 -112.28 -112.69 -113.16 -113.66 -114.12 -114.59 -115.12 -115.72 -116.28 -116.78 -117.22 -117.59 -117.97 -118.31 -118.62 -118.88 -119.09 -119.28 -119.41 -119.53 -119.62 -119.66 -119.69 -119.69 -119.66 -119.66 -119.62 -119.59 -119.53 -119.44 -119.34 -119.19 -119.00 -118.81 -118.56 -118.31 -118.03 -117.75 -117.47 -117.16 -116.81 -116.47 -116.09 -115.69 -115.31 -114.97 -114.78 -114.62 -114.47 -114.31 -114.16 -114.00 -113.84 -113.72 -113.59 -113.50 -113.38 -113.25
-111.31 -111.31 -111.34 -111.41 -111.47 -111.56 -111.72 -111.91 -112.16 -112.50 -112.84 -113.22 -113.66 -114.16 -114.69 -115.25 -115.84 -116.34 -116.84 -117.25 -117.66 -118.03 -118.34 -118.62 -118.88 -119.09 -119.25 -119.41 -119.50 -119.59 -119.66 -119.69 -119.72 -119.69 -119.69 -119.66 -119.62 -119.56 -119.50 -119.41 -119.25 -119.09 -118.91 -118.69 -118.47 -118.25 -118.00 -117.72 -117.41 -117.06 -116.69 -116.31 -115.91 -115.50 -115.16 -114.91 -114.72 -114.53 -114.31 -114.12 -113.94 -113.78 -113.66 -113.53 -113.41 -113.28 -113.19
-111.25 -111.28 -111.31 -111.41 -111.50 -111.62 -111.81 -112.03 -112.34 -112.69 -113.09 -113.50 -113.94 -114.44 -114.97 -115.50 -116.00 -116.44 -116.88 -117.28 -117.69 -118.03 -118.34 -118.62 -118.84 -119.03 -119.19 -119.34 -119.47 -119.56 -119.62 -119.69 -119.72 -119.72 -119.69 -119.66 -119.62 -119.59 -119.53 -119.44 -119.31 -119.16 -119.00 -118.81 -118.62 -118.41 -118.19 -117.94 -117.62 -117.28 -116.91 -116.53 -116.12 -115.72 -115.38 -115.06 -114.81 -114.56 -114.31 -114.09 -113.88 -113.72 -113.56 -113.44 -113.31 -113.19 -113.09
-111.22 -111.25 -111.28 -111.38 -111.50 -111.66 -111.88 -112.12 -112.44 -112.84 -113.25 -113.69 -114.16 -114.62 -115.12 -115.62 -116.06 -116.50 -116.91 -117.31 -117.66 -118.00 -118.28 -118.53 -118.75 -118.94 -119.09 -119.25 -119.38 -119.50 -119.59 -119.66 -119.69 -119.69 -119.66 -119.66 -119.62 -119.56 -119.50 -119.41 -119.28 -119.16 -119.00 -118.88 -118.72 -118.53 -118.34 -118.09 -117.78 -117.47 -117.09 -116.69 -116.28 -115.88 -115.50 -115.16 -114.84 -114.53 -114.25 -114.00 -113.78 -113.59 -113.44 -113.31 -113.19 -113.09 -113.00
-111.16 -111.22 -111.25 -111.34 -111.47 -111.66 -111.88 -112.16 -112.50 -112.91 -113.31 -113.78 -114.25 -114.72 -115.19 -115.62 -116.06 -116.50 -116.91 -117.28 -117.62 -117.94 -118.19 -118.41 -118.59 -118.78 -118.94 -119.12 -119.28 -119.41 -119.53 -119.59 -119.62 -119.62 -119.62 -119.59 -119.56 -119.50 -119.44 -119.31 -119.22 -119.09 -118.94 -118.81 -118.69 -118.53 -118.38 -118.12 -117.88 -117.53 -117.19 -116.78 -116.38 -115.97 -115.56 -115.16 -114.78 -114.44 -114.12 -113.88 -113.62 -113.44 -113.28 -113.16 -113.06 -112.97 -112.88
-111.12 -111.16 -111.22 -111.31 -111.44 -111.62 -111.84 -112.12 -112.50 -112.88 -113.31 -113.78 -114.22 -114.66 -115.09 -115.53 -115.97 -116.41 -116.81 -117.19 -117.53 -117.81 -118.03 -118.22 -118.38 -118.59 -118.78 -118.97 -119.16 -119.31 -119.44 -119.53 -119.56 -119.56 -119.53 -119.50 -119.47 -119.41 -119.31 -119.22 -119.09 -118.97 -118.81 -118.69 -118.56 -118.44 -118.28 -118.09 -117.81 -117.50 -117.12 -116.72 -116.31 -115.88 -115.44 -115.03 -114.62 -114.25 -113.94 -113.66 -113.44 -113.22 -113.09 -112.97 -112.91 -112.81 -112.75
-111.06 -111.09 -111.19 -111.25 -111.38 -111.53 -111.78 -112.06 -112.41 -112.81 -113.22 -113.66 -114.06 -114.50 -114.94 -115.41 -115.88 -116.31 -116.72 -117.09 -117.41 -117.59 -117.78 -117.94 -118.16 -118.38 -118.59 -118.84 -119.03 -119.22 -119.34 -119.44 -119.47 -119.47 -119.44 -119.41 -119.38 -119.28 -119.19 -119.06 -118.94 -118.78 -118.66 -118.50 -118.38 -118.25 -118.12 -117.94 -117.69 -117.38 -117.00 -116.59 -116.16 -115.72 -115.25 -114.81 -114.41 -114.03 -113.69 -113.41 -113.16 -112.97 -112.84 -112.75 -112.69 -112.62 -112.53
-110.97 -111.03 -111.09 -111.19 -111.28 -111.44 -111.66 -111.94 -112.28 -112.69 -113.09 -113.50 -113.88 -114.31 -114.78 -115.25 -115.75 -116.19 -116.59 -116.94 -117.16 -117.31 -117.44 -117.62 -117.88 -118.16 -118.44 -118.69 -118.91 -119.09 -119.22 -119.31 -119.38 -119.38 -119.34 -119.31 -119.25 -119.16 -119.06 -118.91 -118.75 -118.59 -118.44 -118.31 -118.16 -118.03 -117.91 -117.75 -117.50 -117.22 -116.81 -116.41 -115.94 -115.50 -115.03 -114.56 -114.12 -113.75 -113.41 -113.09 -112.84 -112.66 -112.56 -112.50 -112.44 -112.38 -112.28
-110.88 -110.94 -111.00 -111.09 -111.19 -111.31 -111.53 -111.81 -112.16 -112.53 -112.91 -113.31 -113.72 -114.16 -114.62 -115.12 -115.59 -116.03 -116.41 -116.66 -116.84 -116.94 -117.03 -117.25 -117.59 -117.94 -118.22 -118.50 -118.75 -118.94 -119.09 -119.19 -119.25 -119.25 -119.25 -119.19 -119.12 -119.03 -118.91 -118.75 -118.59 -118.41 -118.22 -118.06 -117.91 -117.78 -117.62 -117.47 -117.28 -117.00 -116.59 -116.19 -115.72 -115.25 -114.78 -114.31 -113.88 -113.47 -113.09 -112.78 -112.50 -112.31 -112.25 -112.22 -112.16 -112.09 -112.00
-110.75 -110.81 -110.91 -110.97 -111.06 -111.19 -111.41 -111.66 -112.00 -112.34 -112.75 -113.12 -113.56 -114.03 -114.50 -114.97 -115.44 -115.84 -116.16 -116.34 -116.47 -116.53 -116.59 -116.91 -117.34 -117.69 -118.03 -118.31 -118.56 -118.78 -118.94 -119.06 -119.12 -119.16 -119.12 -119.09 -119.03 -118.94 -118.78 -118.62 -118.41 -118.19 -117.97 -117.78 -117.59 -117.47 -117.31 -117.19 -117.00 -116.72 -116.34 -115.94 -115.47 -115.00 -114.53 -114.06 -113.62 -113.16 -112.75 -112.38 -112.09 -111.94 -111.91 -111.88 -111.84 -111.78 -111.69
-110.66 -110.72 -110.78 -110.88 -110.94 -111.09 -111.28 -111.53 -111.84 -112.19 -112.56 -113.00 -113.44 -113.88 -114.34 -114.81 -115.25 -115.62 -115.88 -116.00 -116.06 -116.06 -116.19 -116.62 -117.09 -117.47 -117.81 -118.12 -118.38 -118.59 -118.78 -118.91 -119.00 -119.03 -119.03 -118.97 -118.91 -118.81 -118.66 -118.47 -118.25 -118.00 -117.72 -117.44 -117.25 -117.12 -117.00 -116.88 -116.69 -116.44 -116.09 -115.66 -115.22 -114.72 -114.22 -113.75 -113.25 -112.75 -112.25 -111.84 -111.59 -111.56 -111.53 -111.50 -111.47 -111.41 -111.34
-110.53 -110.62 -110.69 -110.75 -110.84 -110.97 -111.16 -111.41 -111.72 -112.06 -112.44 -112.84 -113.31 -113.78 -114.25 -114.69 -115.06 -115.38 -115.53 -115.62 -115.66 -115.66 -115.91 -116.41 -116.84 -117.22 -117.56 -117.91 -118.19 -118.41 -118.59 -118.75 -118.88 -118.91 -118.91 -118.88 -118.78 -118.69 -118.53 -118.34 -118.12 -117.88 -117.56 -117.19 -116.88 -116.72 -116.62 -116.53 -116.38 -116.16 -115.81 -115.41 -114.97 -114.44 -113.91 -113.28 -112.72 -112.22 -111.75 -111.34 -111.09 -111.12 -111.16 -111.12 -111.09 -111.06 -110.97
-110.44 -110.50 -110.56 -110.66 -110.75 -110.88 -111.06 -111.31 -111.62 -111.97 -112.34 -112.78 -113.22 -113.69 -114.12 -114.53 -114.84 -115.06 -115.19 -115.25 -115.25 -115.31 -115.69 -116.16 -116.59 -116.97 -117.34 -117.69 -117.97 -118.22 -118.44 -118.59 -118.72 -118.81 -118.81 -118.75 -118.66 -118.56 -118.41 -118.25 -118.03 -117.75 -117.47 -117.12 -116.78 -116.47 -116.31 -116.22 -116.06 -115.84 -115.56 -115.19 -114.72 -114.25 -113.69 -112.97 -112.34 -111.81 -111.38 -110.97 -110.69 -110.66 -110.78 -110.81 -110.75 -110.69 -110.47
-110.31 -110.38 -110.44 -110.53 -110.62 -110.81 -111.00 -111.28 -111.56 -111.91 -112.31 -112.72 -113.16 -113.59 -114.00 -114.34 -114.59 -114.75 -114.81 -114.84 -114.88 -115.06 -115.50 -115.94 -116.34 -116.75 -117.12 -117.47 -117.75 -118.03 -118.25 -118.44 -118.59 -118.66 -118.66 -118.62 -118.53 -118.44 -118.31 -118.12 -117.94 -117.69 -117.44 -117.12 -116.81 -116.50 -116.22 -116.00 -115.81 -115.56 -115.28 -114.94 -114.53 -114.06 -113.56 -112.97 -112.31 -111.78 -111.34 -111.00 -110.69 -110.44 -110.41 -110.44 -110.38 -110.16 -109.88
-110.16 -110.22 -110.28 -110.38 -110.53 -110.72 -110.97 -111.25 -111.56 -111.91 -112.28 -112.69 -113.09 -113.47 -113.84 -114.09 -114.28 -114.38 -114.44 -114.47 -114.56 -114.84 -115.28 -115.69 -116.12 -116.50 -116.88 -117.25 -117.56 -117.84 -118.09 -118.28 -118.44 -118.50 -118.50 -118.47 -118.38 -118.28 -118.19 -118.03 -117.84 -117.66 -117.41 -117.12 -116.81 -116.53 -116.22 -115.94 -115.66 -115.38 -115.06 -114.72 -114.34 -113.91 -113.47 -112.97 -112.47 -112.00 -111.59 -111.25 -110.91 -110.59 -110.31 -110.06 -109.88 -109.59 -109.41
-109.97 -110.03 -110.12 -110.25 -110.41 -110.66 -110.91 -111.22 -111.56 -111.91 -112.28 -112.62 -113.00 -113.34 -113.62 -113.84 -113.94 -114.00 -114.06 -114.12 -114.28 -114.66 -115.03 -115.44 -115.84 -116.25 -116.66 -117.03 -117.38 -117.69 -117.94 -118.12 -118.25 -118.31 -118.31 -118.28 -118.22 -118.16 -118.06 -117.94 -117.78 -117.59 -117.34 -117.09 -116.81 -116.50 -116.19 -115.88 -115.56 -115.25 -114.91 -114.56 -114.19 -113.78 -113.38 -112.94 -112.53 -112.12 -111.75 -111.38 -111.03 -110.69 -110.38 -110.09 -109.66 -109.25 -109.12
-109.81 -109.88 -109.97 -110.09 -110.31 -110.56 -110.84 -111.19 -111.53 -111.88 -112.25 -112.56 -112.91 -113.19 -113.41 -113.56 -113.62 -113.66 -113.69 -113.78 -114.00 -114.41 -114.81 -115.19 -115.62 -116.03 -116.44 -116.84 -117.22 -117.53 -117.78 -117.97 -118.06 -118.12 -118.09 -118.06 -118.03 -118.00 -117.94 -117.84 -117.69 -117.50 -117.28 -117.03 -116.75 -116.44 -116.16 -115.84 -115.50 -115.19 -114.81 -114.47 -114.09 -113.72 -113.31 -112.94 -112.56 -112.19 -111.84 -111.47 -111.09 -110.75 -110.41 -110.09 -109.66 -109.09 -108.97
-109.66 -109.69 -109.81 -109.97 -110.19 -110.47 -110.81 -111.12 -111.47 -111.84 -112.19 -112.50 -112.78 -113.03 -113.19 -113.25 -113.28 -113.31 -113.31 -113.44 -113.69 -114.12 -114.56 -114.97 -115.41 -115.84 -116.28 -116.69 -117.06 -117.38 -117.59 -117.75 -117.84 -117.88 -117.88 -117.88 -117.84 -117.81 -117.78 -117.72 -117.59 -117.41 -117.19 -116.94 -116.66 -116.38 -116.06 -115.75 -115.44 -115.09 -114.75 -114.41 -114.03 -113.69 -113.31 -112.94 -112.59 -112.25 -111.88 -111.50 -111.12 -110.75 -110.41 -110.09 -109.62 -109.03 -108.91
-109.47 -109.53 -109.66 -109.84 -110.09 -110.41 -110.72 -111.06 -111.41 -111.75 -112.09 -112.38 -112.62 -112.81 -112.94 -112.97 -112.97 -112.94 -112.94 -113.03 -113.31 -113.78 -114.28 -114.75 -115.25 -115.72 -116.16 -116.56 -116.91 -117.19 -117.38 -117.50 -117.59 -117.62 -117.66 -117.66 -117.66 -117.66 -117.62 -117.56 -117.47 -117.28 -117.09 -116.84 -116.59 -116.28 -116.00 -115.69 -115.34 -115.03 -114.72 -114.38 -114.00 -113.66 -113.28 -112.94 -112.56 -112.22 -111.88 -111.50 -111.12 -110.75 -110.41 -110.03 -109.44 -108.94 -109.00
-109.34 -109.41 -109.50 -109.72 -110.00 -110.31 -110.66 -110.97 -111.31 -111.66 -111.97 -112.25 -112.47 -112.59 -112.66 -112.66 -112.66 -112.59 -112.56 -112.59 -112.94 -113.47 -114.09 -114.62 -115.12 -115.59 -116.03 -116.41 -116.72 -116.97 -117.12 -117.25 -117.34 -117.38 -117.41 -117.44 -117.44 -117.47 -117.44 -117.41 -117.31 -117.16 -117.00 -116.75 -116.50 -116.22 -115.91 -115.59 -115.28 -114.97 -114.62 -114.31 -113.97 -113.62 -113.25 -112.91 -112.53 -112.19 -111.84 -111.47 -111.09 -110.72 -110.34 -109.84 -109.28 -108.94 -109.19
-109.22 -109.28 -109.41 -109.59 -109.88 -110.19 -110.53 -110.88 -111.22 -111.53 -111.84 -112.09 -112.28 -112.34 -112.38 -112.38 -112.34 -112.28 -112.16 -112.19 -112.62 -113.25 -113.94 -114.50 -114.97 -115.44 -115.84 -116.19 -116.47 -116.69 -116.84 -116.97 -117.06 -117.12 -117.19 -117.22 -117.25 -117.25 -117.25 -117.22 -117.16 -117.03 -116.84 -116.66 -116.41 -116.12 -115.84 -115.53 -115.22 -114.91 -114.56 -114.25 -113.94 -113.59 -113.25 -112.88 -112.53 -112.16 -111.81 -111.44 -111.06 -110.69 -110.25 -109.75 -109.31 -109.22 -109.47
-109.25 -109.34 -109.44 -109.56 -109.75 -110.06 -110.44 -110.78 -111.12 -111.44 -111.72 -111.94 -112.06 -112.09 -112.12 -112.09 -112.06 -111.97 -111.81 -111.94 -112.47 -113.19 -113.81 -114.31 -114.81 -115.25 -115.62 -115.94 -116.16 -116.38 -116.53 -116.69 -116.78 -116.88 -116.94 -116.97 -117.03 -117.06 -117.06 -117.03 -116.97 -116.84 -116.72 -116.53 -116.31 -116.06 -115.78 -115.47 -115.16 -114.84 -114.53 -114.22 -113.91 -113.59 -113.25 -112.91 -112.53 -112.19 -111.81 -111.47 -111.12 -110.78 -110.38 -109.97 -109.69 -109.66 -109.88
-109.31 -109.44 -109.53 -109.66 -109.81 -110.06 -110.41 -110.72 -111.03 -111.34 -111.59 -111.75 -111.84 -111.84 -111.84 -111.84 -111.78 -111.69 -111.56 -111.88 -112.50 -113.12 -113.66 -114.16 -114.59 -115.00 -115.34 -115.62 -115.84 -116.03 -116.22 -116.38 -116.53 -116.62 -116.69 -116.75 -116.78 -116.84 -116.88 -116.84 -116.78 -116.69 -116.56 -116.41 -116.19 -115.94 -115.69 -115.41 -115.12 -114.81 -114.50 -114.22 -113.91 -113.59 -113.28 -112.94 -112.59 -112.25 -111.91 -111.56 -111.25 -110.97 -110.66 -110.38 -110.16 -110.09 -110.16
-109.44 -109.53 -109.66 -109.78 -109.94 -110.16 -110.44 -110.72 -111.00 -111.25 -111.47 -111.59 -111.62 -111.62 -111.62 -111.59 -111.56 -111.47 -111.53 -111.97 -112.50 -113.00 -113.47 -113.94 -114.38 -114.75 -115.06 -115.31 -115.53 -115.72 -115.91 -116.09 -116.22 -116.31 -116.41 -116.50 -116.56 -116.62 -116.66 -116.66 -116.62 -116.56 -116.44 -116.28 -116.09 -115.88 -115.62 -115.38 -115.09 -114.78 -114.50 -114.19 -113.91 -113.62 -113.31 -112.97 -112.66 -112.31 -111.97 -111.69 -111.38 -111.09 -110.84 -110.62 -110.44 -110.38 -110.34
-109.56 -109.66 -109.78 -109.91 -110.06 -110.25 -110.47 -110.72 -110.94 -111.16 -111.31 -111.41 -111.44 -111.44 -111.41 -111.38 -111.34 -111.31 -111.53 -111.97 -112.41 -112.84 -113.28 -113.72 -114.12 -114.47 -114.75 -114.97 -115.19 -115.41 -115.59 -115.78 -115.91 -116.03 -116.16 -116.25 -116.34 -116.44 -116.47 -116.50 -116.47 -116.41 -116.31 -116.19 -116.00 -115.81 -115.59 -115.34 -115.06 -114.78 -114.47 -114.19 -113.88 -113.59 -113.28 -113.00 -112.69 -112.38 -112.06 -111.75 -111.47 -111.22 -110.97 -110.78 -110.66 -110.56 -110.53
-109.69 -109.81 -109.91 -110.03 -110.19 -110.34 -110.50 -110.69 -110.88 -111.06 -111.19 -111.25 -111.25 -111.25 -111.19 -111.16 -111.16 -111.22 -111.50 -111.84 -112.25 -112.66 -113.09 -113.50 -113.84 -114.16 -114.44 -114.62 -114.84 -115.03 -115.25 -115.44 -115.59 -115.75 -115.88 -116.03 -116.16 -116.25 -116.31 -116.34 -116.34 -116.28 -116.22 -116.09 -115.94 -115.75 -115.56 -115.31 -115.03 -114.75 -114.47 -114.16 -113.84 -113.53 -113.25 -112.94 -112.66 -112.38 -112.09 -111.81 -111.56 -111.31 -111.12 -110.94 -110.81 -110.75 -110.69
-109.78 -109.91 -110.03 -110.16 -110.28 -110.41 -110.53 -110.69 -110.84 -110.97 -111.06 -111.09 -111.09 -111.06 -111.03 -111.00 -111.00 -111.12 -111.38 -111.72 -112.06 -112.47 -112.88 -113.25 -113.59 -113.88 -114.09 -114.28 -114.50 -114.69 -114.91 -115.09 -115.28 -115.47 -115.66 -115.81 -115.97 -116.06 -116.12 -116.19 -116.19 -116.19 -116.12 -116.03 -115.88 -115.72 -115.53 -115.28 -115.03 -114.75 -114.44 -114.12 -113.78 -113.47 -113.16 -112.88 -112.59 -112.34 -112.06 -111.81 -111.59 -111.38 -111.22 -111.06 -110.97 -110.88 -110.84
-109.88 -109.97 -110.09 -110.22 -110.31 -110.44 -110.56 -110.66 -110.78 -110.88 -110.94 -110.94 -110.94 -110.88 -110.84 -110.81 -110.84 -111.00 -111.25 -111.56 -111.91 -112.31 -112.69 -113.03 -113.34 -113.56 -113.78 -113.94 -114.12 -114.34 -114.56 -114.81 -115.00 -115.22 -115.44 -115.62 -115.78 -115.88 -115.97 -116.03 -116.06 -116.06 -116.00 -115.94 -115.81 -115.69 -115.50 -115.28 -115.03 -114.72 -114.44 -114.09 -113.75 -113.41 -113.06 -112.78 -112.53 -112.28 -112.03 -111.81 -111.59 -111.41 -111.28 -111.16 -111.06 -111.00 -110.94
