everonasctiles/Tile[27,27].asc
ncols 128
nrows 128
xllcorner 0
yllcorner 0
cellsize 2.0
NODATA_value  -9999
[rows 66 to 98 of 128, columns 0 to 73 of 128]
127.59 127.16 126.72 126.34 126.06 125.81 125.53 125.25 124.94 124.53 124.12 123.69 123.22 122.78 122.31 121.81 121.25 120.69 120.06 119.44 118.75 118.06 117.38 116.69 116.03 115.41 114.75 114.09 113.47 112.84 112.22 111.66 111.09 110.56 110.03 109.50 108.94 108.34 107.72 107.09 106.47 105.84 105.22 104.59 103.97 103.34 102.75 102.12 101.50 100.91 100.31 99.75 99.19 98.69 98.22 97.81 97.53 97.12 96.69 96.06 95.38 93.50 91.75 91.75 91.75 91.66 90.62 89.91 89.22 88.56 87.91 87.22 86.56 85.91
127.53 127.09 126.66 126.25 126.00 125.72 125.41 125.12 124.81 124.41 124.03 123.62 123.19 122.75 122.28 121.81 121.28 120.72 120.09 119.47 118.78 118.09 117.38 116.62 115.97 115.31 114.69 114.06 113.44 112.78 112.22 111.62 111.06 110.53 110.00 109.47 108.88 108.28 107.66 107.03 106.38 105.75 105.12 104.50 103.88 103.25 102.62 102.00 101.34 100.72 100.12 99.53 98.94 98.44 97.84 97.41 97.12 96.78 96.38 95.88 95.22 92.44 91.69 91.69 91.72 91.41 90.44 89.72 89.03 88.34 87.69 87.00 86.34 85.66
127.38 126.97 126.53 126.16 125.84 125.59 125.28 124.91 124.62 124.25 123.81 123.47 123.00 122.66 122.22 121.78 121.25 120.69 120.09 119.47 118.81 118.09 117.41 116.59 115.88 115.28 114.62 114.03 113.44 112.78 112.19 111.59 111.00 110.50 109.97 109.44 108.84 108.22 107.56 106.91 106.28 105.66 105.00 104.38 103.75 103.12 102.50 101.84 101.22 100.56 99.94 99.31 98.72 98.09 97.59 97.09 96.69 96.31 95.94 95.50 94.94 91.72 91.66 91.66 91.66 91.06 90.22 89.53 88.84 88.16 87.47 86.78 86.12 85.44
127.31 126.88 126.47 126.06 125.75 125.47 125.12 124.81 124.44 124.03 123.62 123.25 122.88 122.47 122.06 121.66 121.19 120.62 120.09 119.50 118.84 118.16 117.41 116.69 115.84 115.22 114.59 114.00 113.44 112.75 112.16 111.56 111.00 110.50 109.94 109.38 108.78 108.12 107.47 106.81 106.19 105.53 104.91 104.28 103.66 103.03 102.41 101.75 101.09 100.44 99.78 99.09 98.44 97.84 97.31 96.78 96.28 95.78 95.41 95.06 94.34 91.59 91.59 91.62 91.62 90.75 90.03 89.31 88.62 87.94 87.28 86.59 85.94 85.25
127.12 126.78 126.38 126.00 125.69 125.31 124.94 124.62 124.25 123.81 123.34 122.97 122.56 122.22 121.81 121.41 120.94 120.44 119.91 119.38 118.78 118.06 117.44 116.62 115.94 115.25 114.59 114.00 113.38 112.84 112.22 111.59 111.06 110.44 109.88 109.28 108.72 108.03 107.38 106.72 106.06 105.44 104.81 104.22 103.59 103.00 102.34 101.69 101.03 100.34 99.66 98.88 98.28 97.59 97.00 96.50 95.94 95.41 95.03 94.59 93.25 91.53 91.56 91.56 91.53 90.53 89.81 89.12 88.44 87.75 87.09 86.44 85.75 85.09
127.03 126.66 126.28 125.94 125.62 125.25 124.88 124.44 124.00 123.62 123.19 122.72 122.31 121.91 121.50 121.09 120.69 120.22 119.75 119.19 118.66 118.03 117.41 116.62 116.03 115.31 114.66 114.09 113.44 112.88 112.28 111.62 111.09 110.47 109.81 109.22 108.62 107.97 107.28 106.62 105.97 105.38 104.75 104.16 103.56 102.97 102.34 101.69 100.97 100.25 99.47 98.78 98.12 97.44 96.78 96.16 95.56 95.03 94.53 94.06 92.19 91.50 91.50 91.53 91.25 90.28 89.59 88.91 88.25 87.59 86.94 86.28 85.62 84.97
126.94 126.59 126.25 125.88 125.53 125.16 124.75 124.34 123.91 123.44 123.03 122.59 122.16 121.75 121.28 120.84 120.41 119.97 119.50 119.03 118.50 117.91 117.34 116.72 116.06 115.44 114.78 114.09 113.50 112.91 112.31 111.75 111.06 110.50 109.84 109.19 108.53 107.81 107.12 106.53 105.91 105.31 104.72 104.16 103.59 103.00 102.41 101.69 100.94 100.22 99.34 98.62 97.91 97.19 96.50 95.94 95.34 94.72 94.19 93.66 91.56 91.44 91.47 91.47 90.78 90.00 89.38 88.72 88.09 87.44 86.81 86.16 85.53 84.91
126.91 126.53 126.19 125.81 125.47 125.06 124.69 124.28 123.75 123.34 122.88 122.47 122.00 121.56 121.09 120.62 120.16 119.69 119.16 118.72 118.25 117.78 117.22 116.62 116.06 115.44 114.75 114.16 113.53 112.97 112.38 111.75 111.09 110.44 109.78 109.19 108.53 107.84 107.16 106.47 105.84 105.25 104.72 104.16 103.62 103.06 102.47 101.81 101.03 100.25 99.41 98.59 97.78 97.03 96.31 95.69 95.03 94.50 93.91 93.22 91.44 91.44 91.44 91.44 90.38 89.75 89.16 88.56 87.91 87.28 86.66 86.06 85.38 84.84
126.84 126.50 126.16 125.81 125.44 125.00 124.62 124.19 123.69 123.25 122.81 122.31 121.94 121.50 121.03 120.53 120.06 119.56 119.06 118.50 118.06 117.59 117.09 116.56 116.00 115.31 114.78 114.12 113.47 112.91 112.34 111.66 111.09 110.50 109.78 109.06 108.50 107.72 107.12 106.41 105.84 105.28 104.69 104.12 103.62 103.03 102.50 101.78 101.00 100.22 99.34 98.41 97.66 96.84 96.12 95.47 94.78 94.22 93.56 92.47 91.44 91.44 91.44 91.31 90.06 89.50 88.94 88.38 87.78 87.19 86.53 85.97 85.34 84.81
126.84 126.50 126.12 125.78 125.41 125.00 124.50 124.06 123.59 123.16 122.75 122.31 121.88 121.41 120.97 120.50 119.97 119.47 118.97 118.44 117.88 117.44 116.94 116.44 115.88 115.28 114.62 114.00 113.41 112.78 112.22 111.59 111.03 110.44 109.69 109.16 108.44 107.69 107.09 106.38 105.75 105.25 104.59 104.06 103.59 103.03 102.41 101.75 101.00 100.16 99.19 98.31 97.56 96.81 96.06 95.31 94.66 93.97 93.34 91.84 91.44 91.44 91.44 90.91 89.81 89.28 88.75 88.16 87.62 87.06 86.47 85.84 85.34 84.88
126.84 126.50 126.12 125.78 125.38 124.97 124.50 124.03 123.59 123.12 122.69 122.22 121.84 121.41 120.88 120.47 119.91 119.38 118.84 118.31 117.78 117.22 116.75 116.22 115.69 115.09 114.50 113.88 113.25 112.56 112.03 111.44 110.88 110.28 109.66 109.09 108.38 107.75 107.12 106.47 105.81 105.16 104.62 104.06 103.53 102.91 102.38 101.72 100.97 100.09 99.25 98.38 97.53 96.69 95.91 95.25 94.53 93.81 93.19 91.50 91.44 91.44 91.44 90.34 89.62 89.09 88.56 88.03 87.50 86.97 86.34 85.81 85.38 84.84
126.84 126.50 126.12 125.78 125.38 124.91 124.47 123.97 123.50 123.06 122.62 122.22 121.84 121.41 120.91 120.53 120.03 119.50 118.94 118.38 117.72 117.12 116.53 115.97 115.47 114.88 114.28 113.69 112.94 112.41 111.75 111.25 110.69 110.12 109.56 108.97 108.34 107.62 107.03 106.41 105.75 105.12 104.50 103.97 103.44 102.88 102.25 101.62 100.88 100.06 99.09 98.19 97.41 96.59 95.88 95.12 94.41 93.75 92.88 91.47 91.47 91.47 91.44 89.94 89.47 88.91 88.41 87.91 87.31 86.84 86.31 85.81 85.38 84.94
126.88 126.53 126.19 125.78 125.38 124.88 124.41 123.91 123.44 123.00 122.59 122.19 121.81 121.44 121.00 120.59 120.09 119.56 119.00 118.38 117.75 117.06 116.44 115.81 115.19 114.66 114.03 113.44 112.78 112.16 111.56 110.97 110.47 109.91 109.34 108.75 108.16 107.53 106.91 106.28 105.56 105.00 104.41 103.81 103.25 102.66 102.12 101.44 100.72 99.94 99.09 98.22 97.31 96.56 95.84 95.09 94.38 93.59 92.38 91.56 91.53 91.50 91.25 89.94 89.41 88.84 88.34 87.84 87.31 86.78 86.34 85.88 85.44 84.97
126.88 126.53 126.19 125.81 125.34 124.88 124.34 123.91 123.41 123.00 122.56 122.16 121.84 121.44 121.06 120.62 120.16 119.56 118.97 118.38 117.69 117.09 116.34 115.69 115.06 114.41 113.81 113.12 112.59 111.97 111.38 110.69 110.19 109.56 109.00 108.47 107.88 107.28 106.69 106.06 105.47 104.88 104.28 103.66 103.06 102.53 101.94 101.16 100.50 99.78 98.88 98.06 97.25 96.53 95.78 95.06 94.25 93.59 91.94 91.66 91.62 91.59 90.88 89.88 89.41 88.88 88.41 87.88 87.34 86.84 86.34 85.94 85.50 85.09
126.88 126.56 126.22 125.78 125.31 124.88 124.38 123.84 123.38 122.94 122.50 122.19 121.84 121.50 121.09 120.69 120.22 119.62 119.09 118.44 117.72 117.06 116.34 115.59 114.94 114.28 113.56 113.00 112.34 111.69 111.12 110.50 109.88 109.25 108.66 108.06 107.53 106.94 106.38 105.78 105.12 104.56 104.06 103.44 102.84 102.25 101.66 101.03 100.34 99.50 98.75 98.03 97.25 96.38 95.69 94.97 94.22 93.50 91.78 91.75 91.72 91.69 90.50 89.97 89.47 88.97 88.47 87.84 87.34 86.84 86.41 85.97 85.56 85.19
126.91 126.56 126.22 125.78 125.31 124.78 124.28 123.81 123.34 122.91 122.50 122.12 121.81 121.47 121.06 120.66 120.16 119.66 119.06 118.44 117.72 117.00 116.22 115.53 114.84 114.12 113.50 112.84 112.16 111.53 110.88 110.22 109.56 108.94 108.31 107.72 107.09 106.53 106.00 105.44 104.91 104.34 103.69 103.19 102.44 101.84 101.25 100.75 100.12 99.41 98.69 97.97 97.12 96.31 95.56 94.88 94.16 93.09 92.03 91.94 91.84 91.78 90.56 90.09 89.59 89.06 88.56 88.00 87.50 87.00 86.50 86.09 85.69 85.28
126.91 126.56 126.19 125.75 125.22 124.75 124.25 123.75 123.31 122.84 122.41 122.06 121.72 121.38 121.00 120.56 120.06 119.53 118.97 118.38 117.66 116.97 116.28 115.47 114.78 114.03 113.38 112.69 112.00 111.34 110.62 109.97 109.25 108.66 108.03 107.41 106.78 106.25 105.72 105.16 104.62 104.09 103.50 102.91 102.31 101.69 101.06 100.41 99.91 99.22 98.53 97.81 97.00 96.28 95.53 94.78 94.06 92.66 92.31 92.22 92.12 91.66 90.69 90.22 89.75 89.22 88.69 88.09 87.62 87.12 86.62 86.22 85.78 85.38
126.88 126.53 126.12 125.72 125.22 124.62 124.19 123.72 123.25 122.81 122.34 121.94 121.59 121.19 120.84 120.41 119.94 119.41 118.88 118.22 117.59 116.94 116.19 115.44 114.66 114.00 113.22 112.53 111.84 111.09 110.44 109.75 109.06 108.38 107.66 107.09 106.53 105.97 105.44 104.91 104.34 103.81 103.19 102.56 102.00 101.44 100.84 100.31 99.72 99.09 98.44 97.66 96.84 96.16 95.38 94.69 93.91 92.72 92.59 92.50 92.41 91.41 90.84 90.38 89.88 89.34 88.81 88.25 87.69 87.19 86.72 86.28 85.94 85.56
127.06 126.66 126.19 125.66 125.19 124.66 124.16 123.59 123.19 122.72 122.28 121.84 121.44 121.03 120.66 120.19 119.75 119.25 118.69 118.12 117.50 116.81 116.06 115.31 114.66 113.84 113.16 112.41 111.69 110.97 110.22 109.53 108.78 108.06 107.47 106.84 106.28 105.72 105.22 104.66 104.12 103.56 102.97 102.38 101.84 101.22 100.66 100.09 99.47 98.91 98.25 97.53 96.81 96.06 95.25 94.56 93.69 93.00 92.91 92.78 92.66 91.44 91.00 90.53 90.03 89.53 88.91 88.44 87.91 87.38 86.91 86.53 86.09 85.72
127.19 126.81 126.25 125.72 125.19 124.62 124.12 123.62 123.09 122.66 122.22 121.78 121.34 120.88 120.44 120.03 119.56 119.09 118.50 117.94 117.41 116.72 116.06 115.34 114.59 113.84 113.03 112.34 111.56 110.81 110.03 109.34 108.56 107.84 107.25 106.59 106.06 105.53 105.00 104.47 103.94 103.41 102.81 102.28 101.72 101.16 100.56 99.94 99.38 98.66 98.03 97.38 96.66 95.94 95.25 94.56 93.50 93.28 93.19 93.09 92.53 91.59 91.16 90.72 90.22 89.69 89.09 88.56 88.03 87.56 87.12 86.72 86.28 85.91
127.38 126.91 126.38 125.78 125.12 124.59 124.06 123.59 123.06 122.56 122.12 121.66 121.25 120.81 120.31 119.84 119.34 118.88 118.47 117.94 117.38 116.69 115.97 115.22 114.53 113.75 112.97 112.22 111.47 110.69 109.97 109.16 108.41 107.75 107.03 106.47 105.88 105.31 104.75 104.28 103.72 103.19 102.69 102.12 101.59 101.03 100.44 99.88 99.22 98.59 97.91 97.22 96.47 95.78 95.19 94.53 93.62 93.53 93.44 93.34 92.34 91.78 91.38 90.94 90.38 89.94 89.38 88.84 88.31 87.75 87.34 86.88 86.47 86.06
127.50 127.09 126.56 125.94 125.16 124.66 124.06 123.53 123.06 122.59 122.12 121.62 121.16 120.72 120.28 119.81 119.31 118.88 118.38 117.88 117.34 116.72 115.88 115.16 114.34 113.62 112.88 112.16 111.44 110.69 109.84 109.06 108.38 107.59 106.91 106.31 105.72 105.16 104.62 104.12 103.56 103.06 102.53 102.00 101.47 100.88 100.31 99.69 99.03 98.41 97.75 97.03 96.41 95.78 95.25 94.31 93.91 93.78 93.69 93.47 92.44 92.06 91.62 91.12 90.72 90.19 89.69 89.03 88.59 88.00 87.59 87.16 86.72 86.25
127.69 127.19 126.62 126.06 125.38 124.62 124.12 123.59 123.09 122.59 122.12 121.62 121.12 120.66 120.22 119.75 119.28 118.91 118.44 117.88 117.34 116.78 116.06 115.28 114.47 113.59 112.88 112.12 111.34 110.59 109.88 109.06 108.25 107.56 106.84 106.19 105.56 105.00 104.47 103.97 103.44 102.94 102.41 101.88 101.34 100.78 100.19 99.56 98.91 98.19 97.56 96.94 96.34 95.78 95.28 94.22 94.12 94.03 93.94 93.31 92.72 92.25 91.91 91.53 91.06 90.56 90.03 89.47 88.94 88.38 87.91 87.44 86.94 86.41
127.78 127.31 126.75 126.12 125.34 124.78 124.09 123.59 123.12 122.62 122.16 121.66 121.12 120.62 120.22 119.72 119.28 118.94 118.50 118.03 117.50 116.84 116.12 115.28 114.41 113.69 112.81 112.06 111.34 110.56 109.81 108.97 108.19 107.53 106.78 106.12 105.50 104.94 104.34 103.84 103.31 102.75 102.28 101.75 101.19 100.62 100.03 99.41 98.78 98.16 97.47 96.88 96.38 95.84 95.09 94.41 94.31 94.25 94.16 93.41 93.06 92.69 92.28 91.88 91.41 90.91 90.34 89.75 89.12 88.72 88.12 87.62 87.09 86.44
127.84 127.34 126.81 126.16 125.50 124.88 124.22 123.75 123.22 122.69 122.19 121.69 121.19 120.72 120.25 119.78 119.41 119.06 118.62 118.19 117.62 116.91 116.19 115.34 114.53 113.72 112.84 112.16 111.34 110.53 109.75 109.00 108.22 107.50 106.75 106.06 105.44 104.81 104.28 103.78 103.22 102.69 102.16 101.56 101.06 100.47 99.81 99.19 98.62 98.03 97.44 96.88 96.34 95.91 94.81 94.59 94.50 94.44 94.22 93.66 93.34 93.00 92.62 92.19 91.72 91.19 90.50 89.97 89.47 89.03 88.50 87.91 87.19 86.53
127.84 127.38 126.81 126.19 125.53 125.03 124.44 123.88 123.31 122.72 122.25 121.75 121.25 120.69 120.34 119.88 119.56 119.16 118.69 118.28 117.69 117.03 116.34 115.59 114.81 113.88 113.09 112.16 111.28 110.50 109.72 108.97 108.19 107.41 106.75 106.03 105.47 104.88 104.25 103.72 103.16 102.62 102.03 101.50 100.91 100.31 99.75 99.16 98.56 97.97 97.38 96.91 96.44 95.91 94.84 94.78 94.72 94.62 94.25 93.94 93.62 93.31 92.91 92.50 92.00 91.47 90.91 90.31 89.78 89.25 88.66 88.12 87.34 86.81
127.81 127.28 126.78 126.16 125.59 125.03 124.50 123.97 123.41 122.78 122.31 121.84 121.28 120.84 120.47 120.03 119.62 119.22 118.75 118.31 117.72 117.06 116.38 115.59 114.91 114.09 113.22 112.31 111.34 110.53 109.69 108.88 108.12 107.38 106.72 106.12 105.50 104.91 104.34 103.78 103.19 102.62 102.00 101.44 100.81 100.22 99.66 99.06 98.47 97.94 97.41 96.94 96.50 95.50 95.06 94.97 94.91 94.81 94.44 94.16 93.88 93.56 93.19 92.75 92.25 91.62 91.16 90.47 89.91 89.31 88.78 88.19 87.59 86.97
127.69 127.19 126.69 126.16 125.66 125.12 124.56 123.94 123.44 122.88 122.28 121.84 121.31 120.88 120.50 120.09 119.66 119.25 118.75 118.25 117.69 117.06 116.38 115.59 114.84 114.16 113.28 112.41 111.47 110.50 109.59 108.78 108.00 107.38 106.72 106.09 105.53 104.97 104.38 103.81 103.28 102.66 102.00 101.38 100.75 100.12 99.53 99.00 98.44 97.91 97.44 96.97 96.50 95.31 95.25 95.16 95.09 94.88 94.59 94.34 94.06 93.72 93.31 92.91 92.41 91.81 91.31 90.66 90.16 89.50 88.88 88.38 87.72 87.06
127.53 127.09 126.62 126.16 125.69 125.12 124.56 124.00 123.41 122.81 122.25 121.72 121.28 120.88 120.47 120.06 119.62 119.16 118.66 118.12 117.56 116.94 116.31 115.59 114.94 114.16 113.31 112.34 111.47 110.44 109.50 108.66 108.00 107.34 106.69 106.12 105.62 105.12 104.62 104.06 103.44 102.72 102.09 101.41 100.72 100.09 99.53 98.91 98.38 97.91 97.44 97.00 96.16 95.50 95.44 95.34 95.25 94.94 94.72 94.47 94.19 93.84 93.50 93.06 92.47 91.97 91.47 90.88 90.31 89.66 89.00 88.44 87.78 87.19
127.44 127.03 126.53 126.06 125.53 125.06 124.50 123.91 123.25 122.75 122.19 121.69 121.22 120.81 120.41 119.94 119.50 119.03 118.47 117.94 117.31 116.66 116.12 115.47 114.78 114.00 113.22 112.34 111.34 110.34 109.50 108.66 107.88 107.25 106.72 106.19 105.75 105.28 104.81 104.25 103.66 102.97 102.19 101.50 100.78 100.12 99.47 98.91 98.34 97.84 97.44 96.97 95.84 95.69 95.62 95.53 95.38 95.03 94.81 94.56 94.31 93.97 93.59 93.19 92.66 92.12 91.47 90.88 90.28 89.69 89.03 88.44 87.84 87.31
127.38 126.91 126.41 125.91 125.44 124.91 124.31 123.66 123.12 122.56 121.97 121.56 121.03 120.66 120.25 119.81 119.34 118.84 118.31 117.69 117.09 116.47 115.84 115.19 114.53 113.75 112.84 112.09 111.19 110.25 109.25 108.50 107.78 107.22 106.66 106.31 105.88 105.44 104.94 104.41 103.78 103.09 102.38 101.53 100.72 100.06 99.47 98.84 98.38 97.88 97.38 96.78 95.97 95.88 95.81 95.72 95.34 95.12 94.94 94.69 94.41 94.09 93.72 93.31 92.72 92.25 91.66 90.97 90.41 89.75 89.19 88.50 87.94 87.31
127.22 126.75 126.19 125.69 125.16 124.62 124.03 123.47 122.88 122.22 121.84 121.34 120.91 120.47 120.06 119.62 119.16 118.59 118.09 117.47 116.84 116.16 115.56 114.91 114.22 113.47 112.62 111.59 110.84 109.91 109.12 108.34 107.75 107.19 106.72 106.31 105.94 105.50 105.03 104.50 103.91 103.22 102.47 101.62 100.75 100.12 99.44 98.88 98.31 97.81 97.38 96.41 96.16 96.06 96.00 95.84 95.47 95.25 95.06 94.84 94.56 94.22 93.88 93.47 92.88 92.38 91.72 91.06 90.53 89.88 89.28 88.66 88.00 87.41
126.94 126.50 125.97 125.44 124.88 124.16 123.62 123.19 122.66 122.12 121.66 121.16 120.72 120.28 119.88 119.38 118.91 118.41 117.84 117.31 116.62 115.91 115.19 114.44 113.84 113.09 112.25 111.41 110.53 109.66 108.94 108.25 107.66 107.12 106.69 106.34 105.94 105.56 105.12 104.56 104.00 103.28 102.50 101.75 100.94 100.09 99.44 98.84 98.28 97.81 97.31 96.41 96.34 96.25 96.16 95.84 95.56 95.44 95.25 95.06 94.81 94.50 94.12 93.66 93.03 92.47 91.91 91.19 90.56 89.91 89.31 88.75 88.12 87.59
