everonasctiles/Tile0,43.asc
ncols 128
nrows 128
xllcorner 0
yllcorner 0
cellsize 2.0
NODATA_value  -9999
[rows 32 to 63 of 128, columns 0 to 70 of 128]
-47.41 -47.50 -47.59 -47.72 -47.88 -48.03 -48.22 -48.38 -48.53 -48.72 -48.91 -49.09 -49.28 -49.50 -49.69 -49.91 -50.09 -50.31 -50.50 -50.72 -50.91 -51.06 -51.22 -51.34 -51.47 -51.59 -51.69 -51.81 -51.91 -52.00 -52.09 -52.19 -52.28 -52.34 -52.44 -52.53 -52.62 -52.72 -52.81 -52.88 -52.97 -53.06 -53.16 -53.22 -53.31 -53.38 -53.47 -53.53 -53.59 -53.62 -53.66 -53.66 -53.66 -53.66 -53.62 -53.59 -53.56 -53.53 -53.50 -53.44 -53.41 -53.41 -53.41 -53.44 -53.44 -53.47 -53.50 -53.50 -53.50 -53.50 -53.50
-47.41 -47.47 -47.59 -47.72 -47.88 -48.06 -48.25 -48.44 -48.59 -48.78 -48.94 -49.12 -49.31 -49.53 -49.72 -49.91 -50.09 -50.28 -50.47 -50.66 -50.81 -50.97 -51.12 -51.25 -51.38 -51.50 -51.62 -51.72 -51.84 -51.94 -52.03 -52.12 -52.22 -52.34 -52.44 -52.53 -52.62 -52.72 -52.81 -52.91 -53.00 -53.06 -53.16 -53.22 -53.28 -53.38 -53.44 -53.50 -53.56 -53.59 -53.62 -53.62 -53.62 -53.59 -53.56 -53.53 -53.50 -53.44 -53.41 -53.38 -53.34 -53.34 -53.34 -53.38 -53.41 -53.44 -53.44 -53.47 -53.47 -53.47 -53.47
-47.34 -47.44 -47.56 -47.72 -47.88 -48.06 -48.25 -48.44 -48.62 -48.81 -48.97 -49.16 -49.31 -49.50 -49.69 -49.88 -50.03 -50.22 -50.38 -50.56 -50.72 -50.88 -51.03 -51.16 -51.31 -51.44 -51.56 -51.69 -51.81 -51.91 -52.00 -52.12 -52.22 -52.31 -52.44 -52.53 -52.62 -52.72 -52.81 -52.91 -53.00 -53.06 -53.16 -53.22 -53.28 -53.38 -53.44 -53.50 -53.53 -53.59 -53.59 -53.59 -53.56 -53.53 -53.50 -53.47 -53.41 -53.38 -53.31 -53.28 -53.28 -53.25 -53.28 -53.31 -53.34 -53.38 -53.41 -53.41 -53.44 -53.44 -53.44
-47.28 -47.38 -47.50 -47.66 -47.84 -48.03 -48.25 -48.44 -48.62 -48.81 -48.97 -49.12 -49.31 -49.47 -49.66 -49.81 -49.97 -50.12 -50.28 -50.44 -50.62 -50.78 -50.94 -51.09 -51.25 -51.38 -51.53 -51.66 -51.78 -51.88 -52.00 -52.12 -52.22 -52.34 -52.44 -52.53 -52.66 -52.75 -52.84 -52.91 -53.00 -53.06 -53.12 -53.22 -53.28 -53.34 -53.41 -53.47 -53.53 -53.56 -53.56 -53.53 -53.53 -53.47 -53.44 -53.41 -53.34 -53.31 -53.28 -53.25 -53.22 -53.22 -53.22 -53.25 -53.28 -53.31 -53.34 -53.34 -53.38 -53.41 -53.41
-47.22 -47.31 -47.44 -47.59 -47.81 -48.00 -48.22 -48.41 -48.59 -48.78 -48.94 -49.12 -49.28 -49.41 -49.56 -49.72 -49.88 -50.03 -50.19 -50.34 -50.53 -50.69 -50.88 -51.03 -51.19 -51.34 -51.50 -51.62 -51.75 -51.88 -52.00 -52.09 -52.22 -52.34 -52.44 -52.53 -52.62 -52.75 -52.81 -52.91 -53.00 -53.06 -53.12 -53.19 -53.28 -53.34 -53.41 -53.47 -53.50 -53.53 -53.53 -53.50 -53.47 -53.44 -53.38 -53.34 -53.28 -53.25 -53.22 -53.19 -53.19 -53.19 -53.19 -53.22 -53.22 -53.25 -53.28 -53.31 -53.31 -53.34 -53.34
-47.12 -47.25 -47.38 -47.56 -47.75 -47.97 -48.19 -48.38 -48.56 -48.75 -48.91 -49.06 -49.22 -49.34 -49.50 -49.62 -49.78 -49.94 -50.09 -50.28 -50.47 -50.66 -50.81 -51.00 -51.16 -51.31 -51.47 -51.59 -51.72 -51.84 -51.97 -52.09 -52.22 -52.31 -52.44 -52.53 -52.62 -52.72 -52.81 -52.91 -52.97 -53.06 -53.12 -53.19 -53.25 -53.31 -53.38 -53.44 -53.47 -53.47 -53.50 -53.47 -53.44 -53.41 -53.34 -53.28 -53.25 -53.22 -53.19 -53.19 -53.19 -53.19 -53.19 -53.19 -53.19 -53.22 -53.22 -53.25 -53.28 -53.31 -53.31
-47.06 -47.19 -47.31 -47.50 -47.69 -47.91 -48.12 -48.31 -48.53 -48.69 -48.84 -49.00 -49.12 -49.25 -49.38 -49.53 -49.69 -49.84 -50.03 -50.22 -50.41 -50.59 -50.78 -50.94 -51.12 -51.28 -51.44 -51.56 -51.72 -51.84 -51.94 -52.06 -52.19 -52.31 -52.41 -52.53 -52.62 -52.72 -52.81 -52.88 -52.97 -53.03 -53.09 -53.16 -53.22 -53.28 -53.34 -53.38 -53.41 -53.44 -53.44 -53.44 -53.41 -53.34 -53.31 -53.25 -53.22 -53.19 -53.16 -53.16 -53.16 -53.16 -53.16 -53.19 -53.19 -53.19 -53.19 -53.22 -53.22 -53.25 -53.25
-47.03 -47.16 -47.28 -47.47 -47.66 -47.88 -48.06 -48.28 -48.47 -48.62 -48.78 -48.91 -49.03 -49.16 -49.28 -49.41 -49.59 -49.75 -49.97 -50.16 -50.34 -50.56 -50.75 -50.91 -51.09 -51.25 -51.41 -51.53 -51.69 -51.81 -51.94 -52.03 -52.16 -52.28 -52.41 -52.50 -52.62 -52.72 -52.81 -52.88 -52.97 -53.03 -53.09 -53.16 -53.19 -53.25 -53.28 -53.34 -53.38 -53.38 -53.41 -53.38 -53.34 -53.31 -53.25 -53.22 -53.19 -53.16 -53.16 -53.16 -53.16 -53.16 -53.16 -53.16 -53.16 -53.16 -53.19 -53.19 -53.19 -53.19 -53.22
-47.03 -47.16 -47.28 -47.44 -47.62 -47.81 -48.00 -48.22 -48.38 -48.56 -48.69 -48.81 -48.94 -49.03 -49.16 -49.31 -49.50 -49.69 -49.91 -50.09 -50.31 -50.50 -50.69 -50.88 -51.03 -51.19 -51.34 -51.50 -51.62 -51.78 -51.91 -52.00 -52.12 -52.25 -52.38 -52.50 -52.59 -52.69 -52.78 -52.88 -52.94 -53.03 -53.06 -53.12 -53.16 -53.22 -53.25 -53.28 -53.31 -53.34 -53.34 -53.31 -53.28 -53.25 -53.22 -53.19 -53.16 -53.12 -53.12 -53.12 -53.12 -53.16 -53.16 -53.16 -53.16 -53.16 -53.16 -53.16 -53.16 -53.16 -53.16
-47.06 -47.12 -47.25 -47.41 -47.56 -47.75 -47.94 -48.12 -48.31 -48.47 -48.59 -48.69 -48.81 -48.94 -49.06 -49.25 -49.44 -49.66 -49.88 -50.06 -50.28 -50.47 -50.66 -50.81 -51.00 -51.16 -51.31 -51.47 -51.59 -51.75 -51.88 -52.00 -52.12 -52.25 -52.38 -52.47 -52.59 -52.69 -52.78 -52.88 -52.94 -53.00 -53.03 -53.09 -53.12 -53.16 -53.19 -53.22 -53.25 -53.28 -53.28 -53.25 -53.22 -53.19 -53.16 -53.12 -53.12 -53.09 -53.09 -53.12 -53.12 -53.12 -53.12 -53.12 -53.12 -53.12 -53.12 -53.12 -53.12 -53.09 -53.09
-47.03 -47.12 -47.22 -47.38 -47.53 -47.69 -47.88 -48.03 -48.19 -48.34 -48.47 -48.59 -48.72 -48.84 -49.03 -49.22 -49.41 -49.62 -49.84 -50.03 -50.22 -50.41 -50.59 -50.78 -50.94 -51.12 -51.28 -51.44 -51.56 -51.72 -51.84 -51.97 -52.09 -52.22 -52.34 -52.47 -52.56 -52.66 -52.75 -52.81 -52.91 -52.94 -53.00 -53.03 -53.06 -53.09 -53.12 -53.16 -53.19 -53.19 -53.19 -53.19 -53.16 -53.12 -53.09 -53.09 -53.06 -53.06 -53.09 -53.09 -53.09 -53.12 -53.12 -53.12 -53.12 -53.12 -53.09 -53.09 -53.06 -53.06 -53.03
-47.00 -47.09 -47.19 -47.31 -47.44 -47.59 -47.78 -47.94 -48.06 -48.22 -48.34 -48.47 -48.62 -48.78 -49.00 -49.19 -49.41 -49.62 -49.81 -50.03 -50.22 -50.38 -50.56 -50.75 -50.91 -51.09 -51.25 -51.41 -51.56 -51.72 -51.84 -51.97 -52.09 -52.22 -52.34 -52.44 -52.53 -52.62 -52.72 -52.78 -52.84 -52.88 -52.91 -52.97 -53.00 -53.03 -53.06 -53.09 -53.09 -53.12 -53.12 -53.09 -53.09 -53.06 -53.06 -53.06 -53.06 -53.06 -53.06 -53.09 -53.09 -53.09 -53.09 -53.09 -53.09 -53.09 -53.09 -53.06 -53.03 -53.00 -52.97
-46.97 -47.03 -47.12 -47.22 -47.34 -47.50 -47.66 -47.81 -47.94 -48.06 -48.22 -48.38 -48.56 -48.75 -48.97 -49.19 -49.41 -49.62 -49.81 -50.00 -50.19 -50.34 -50.53 -50.69 -50.88 -51.06 -51.25 -51.41 -51.56 -51.72 -51.84 -51.97 -52.06 -52.19 -52.31 -52.41 -52.50 -52.59 -52.66 -52.69 -52.75 -52.81 -52.84 -52.88 -52.91 -52.94 -52.97 -53.00 -53.03 -53.03 -53.03 -53.03 -53.03 -53.00 -53.00 -53.03 -53.03 -53.03 -53.06 -53.06 -53.09 -53.09 -53.09 -53.09 -53.09 -53.06 -53.06 -53.03 -53.00 -52.97 -52.94
-46.91 -46.94 -47.03 -47.12 -47.25 -47.38 -47.53 -47.66 -47.81 -47.94 -48.09 -48.28 -48.50 -48.72 -48.94 -49.19 -49.41 -49.62 -49.81 -50.00 -50.16 -50.31 -50.47 -50.66 -50.84 -51.03 -51.22 -51.38 -51.53 -51.69 -51.81 -51.94 -52.06 -52.16 -52.25 -52.34 -52.44 -52.50 -52.56 -52.62 -52.66 -52.69 -52.75 -52.78 -52.81 -52.84 -52.88 -52.91 -52.91 -52.94 -52.94 -52.94 -52.94 -52.97 -52.97 -53.00 -53.00 -53.03 -53.03 -53.06 -53.06 -53.06 -53.06 -53.06 -53.06 -53.03 -53.03 -53.00 -52.97 -52.94 -52.91
-46.81 -46.84 -46.94 -47.00 -47.12 -47.25 -47.38 -47.53 -47.66 -47.81 -48.00 -48.22 -48.44 -48.69 -48.91 -49.16 -49.38 -49.56 -49.78 -49.94 -50.12 -50.28 -50.44 -50.62 -50.81 -51.00 -51.19 -51.34 -51.53 -51.66 -51.78 -51.91 -52.00 -52.09 -52.19 -52.28 -52.34 -52.41 -52.47 -52.50 -52.56 -52.59 -52.62 -52.66 -52.69 -52.75 -52.78 -52.78 -52.81 -52.84 -52.84 -52.88 -52.88 -52.91 -52.94 -52.97 -53.00 -53.03 -53.03 -53.03 -53.03 -53.03 -53.03 -53.03 -53.00 -53.00 -52.97 -52.97 -52.94 -52.91 -52.88
-46.69 -46.75 -46.81 -46.88 -46.97 -47.09 -47.22 -47.38 -47.53 -47.69 -47.91 -48.12 -48.38 -48.62 -48.84 -49.06 -49.28 -49.50 -49.69 -49.88 -50.03 -50.19 -50.38 -50.56 -50.75 -50.94 -51.16 -51.31 -51.47 -51.62 -51.72 -51.84 -51.94 -52.03 -52.12 -52.19 -52.25 -52.31 -52.38 -52.41 -52.44 -52.47 -52.53 -52.56 -52.59 -52.62 -52.66 -52.69 -52.72 -52.75 -52.75 -52.78 -52.84 -52.88 -52.91 -52.94 -53.00 -53.00 -53.03 -53.03 -53.00 -53.00 -53.00 -53.00 -52.97 -52.97 -52.94 -52.94 -52.91 -52.88 -52.88
-46.56 -46.62 -46.66 -46.75 -46.84 -46.94 -47.06 -47.22 -47.38 -47.56 -47.81 -48.03 -48.28 -48.50 -48.75 -48.97 -49.19 -49.38 -49.56 -49.75 -49.94 -50.12 -50.31 -50.53 -50.72 -50.91 -51.09 -51.28 -51.44 -51.56 -51.66 -51.75 -51.84 -51.94 -52.03 -52.09 -52.16 -52.22 -52.25 -52.31 -52.34 -52.38 -52.41 -52.47 -52.50 -52.53 -52.56 -52.59 -52.62 -52.66 -52.69 -52.72 -52.78 -52.84 -52.88 -52.94 -52.97 -53.00 -53.00 -53.00 -53.00 -52.97 -52.97 -52.97 -52.94 -52.94 -52.91 -52.88 -52.88 -52.84 -52.84
-46.44 -46.47 -46.53 -46.59 -46.66 -46.78 -46.91 -47.06 -47.22 -47.44 -47.66 -47.91 -48.16 -48.38 -48.59 -48.81 -49.03 -49.22 -49.44 -49.62 -49.84 -50.06 -50.25 -50.47 -50.69 -50.88 -51.06 -51.22 -51.38 -51.50 -51.59 -51.69 -51.78 -51.84 -51.94 -52.00 -52.06 -52.12 -52.16 -52.22 -52.25 -52.28 -52.34 -52.38 -52.41 -52.47 -52.50 -52.53 -52.56 -52.59 -52.62 -52.69 -52.75 -52.81 -52.88 -52.91 -52.94 -52.97 -52.97 -52.97 -52.97 -52.97 -52.94 -52.94 -52.91 -52.91 -52.88 -52.84 -52.84 -52.81 -52.84
-46.31 -46.31 -46.38 -46.44 -46.50 -46.59 -46.72 -46.88 -47.09 -47.28 -47.53 -47.75 -48.00 -48.22 -48.44 -48.62 -48.84 -49.03 -49.28 -49.50 -49.75 -49.97 -50.22 -50.44 -50.66 -50.84 -51.00 -51.19 -51.31 -51.44 -51.53 -51.62 -51.69 -51.78 -51.84 -51.91 -51.97 -52.03 -52.09 -52.12 -52.19 -52.22 -52.25 -52.31 -52.34 -52.38 -52.44 -52.47 -52.50 -52.56 -52.62 -52.66 -52.72 -52.78 -52.84 -52.88 -52.94 -52.94 -52.97 -52.94 -52.94 -52.94 -52.94 -52.91 -52.91 -52.88 -52.84 -52.84 -52.81 -52.81 -52.84
-46.16 -46.19 -46.22 -46.25 -46.31 -46.44 -46.56 -46.72 -46.94 -47.16 -47.38 -47.59 -47.81 -48.03 -48.25 -48.44 -48.62 -48.88 -49.09 -49.38 -49.62 -49.91 -50.16 -50.38 -50.59 -50.78 -50.97 -51.12 -51.25 -51.38 -51.47 -51.56 -51.62 -51.72 -51.78 -51.84 -51.91 -51.97 -52.03 -52.09 -52.12 -52.16 -52.22 -52.25 -52.28 -52.34 -52.38 -52.44 -52.47 -52.53 -52.59 -52.66 -52.72 -52.78 -52.81 -52.88 -52.91 -52.94 -52.94 -52.94 -52.94 -52.91 -52.91 -52.91 -52.91 -52.88 -52.84 -52.81 -52.78 -52.81 -52.84
-46.00 -46.03 -46.03 -46.09 -46.16 -46.25 -46.41 -46.56 -46.78 -47.00 -47.22 -47.44 -47.66 -47.84 -48.03 -48.22 -48.44 -48.69 -48.97 -49.25 -49.53 -49.81 -50.09 -50.34 -50.56 -50.75 -50.94 -51.09 -51.22 -51.34 -51.44 -51.50 -51.59 -51.66 -51.72 -51.78 -51.84 -51.91 -51.97 -52.03 -52.09 -52.12 -52.16 -52.22 -52.25 -52.28 -52.34 -52.41 -52.47 -52.53 -52.59 -52.66 -52.69 -52.75 -52.81 -52.84 -52.88 -52.91 -52.91 -52.91 -52.91 -52.91 -52.91 -52.88 -52.88 -52.84 -52.81 -52.81 -52.78 -52.78 -52.84
-45.88 -45.88 -45.88 -45.91 -45.97 -46.09 -46.22 -46.41 -46.62 -46.84 -47.06 -47.28 -47.47 -47.66 -47.84 -48.03 -48.25 -48.53 -48.84 -49.16 -49.44 -49.75 -50.03 -50.28 -50.50 -50.72 -50.88 -51.03 -51.19 -51.31 -51.41 -51.50 -51.56 -51.62 -51.69 -51.75 -51.84 -51.91 -51.97 -52.00 -52.06 -52.09 -52.16 -52.19 -52.22 -52.25 -52.31 -52.38 -52.44 -52.50 -52.56 -52.62 -52.69 -52.72 -52.78 -52.81 -52.84 -52.88 -52.91 -52.91 -52.88 -52.88 -52.88 -52.88 -52.84 -52.84 -52.81 -52.78 -52.78 -52.78 -52.84
-45.75 -45.75 -45.75 -45.75 -45.81 -45.94 -46.09 -46.28 -46.47 -46.69 -46.91 -47.09 -47.28 -47.47 -47.66 -47.88 -48.12 -48.44 -48.75 -49.06 -49.38 -49.69 -49.97 -50.22 -50.47 -50.66 -50.84 -51.03 -51.16 -51.28 -51.38 -51.47 -51.56 -51.62 -51.69 -51.75 -51.81 -51.88 -51.94 -52.00 -52.06 -52.09 -52.12 -52.19 -52.22 -52.25 -52.28 -52.34 -52.41 -52.47 -52.53 -52.59 -52.62 -52.69 -52.75 -52.78 -52.81 -52.84 -52.88 -52.88 -52.84 -52.84 -52.84 -52.84 -52.81 -52.81 -52.78 -52.78 -52.78 -52.81 -52.84
-45.62 -45.59 -45.59 -45.62 -45.69 -45.78 -45.97 -46.16 -46.34 -46.53 -46.75 -46.94 -47.09 -47.28 -47.50 -47.75 -48.03 -48.38 -48.69 -49.00 -49.34 -49.62 -49.91 -50.19 -50.44 -50.66 -50.84 -51.00 -51.16 -51.28 -51.38 -51.47 -51.56 -51.62 -51.69 -51.75 -51.81 -51.88 -51.94 -52.00 -52.03 -52.09 -52.12 -52.19 -52.22 -52.25 -52.28 -52.31 -52.38 -52.44 -52.47 -52.53 -52.59 -52.66 -52.69 -52.75 -52.78 -52.81 -52.81 -52.81 -52.81 -52.81 -52.81 -52.78 -52.78 -52.78 -52.75 -52.75 -52.78 -52.81 -52.88
-45.50 -45.50 -45.50 -45.50 -45.56 -45.69 -45.88 -46.06 -46.22 -46.41 -46.59 -46.78 -46.97 -47.16 -47.41 -47.69 -48.00 -48.34 -48.66 -48.97 -49.31 -49.59 -49.91 -50.16 -50.41 -50.62 -50.81 -51.00 -51.12 -51.25 -51.38 -51.47 -51.56 -51.62 -51.69 -51.75 -51.81 -51.88 -51.94 -52.00 -52.06 -52.09 -52.12 -52.19 -52.22 -52.25 -52.28 -52.31 -52.34 -52.41 -52.44 -52.50 -52.56 -52.59 -52.66 -52.72 -52.75 -52.78 -52.78 -52.78 -52.78 -52.75 -52.75 -52.75 -52.72 -52.72 -52.72 -52.75 -52.78 -52.84 -52.88
-45.38 -45.38 -45.41 -45.44 -45.53 -45.69 -45.84 -46.00 -46.19 -46.34 -46.50 -46.69 -46.88 -47.16 -47.44 -47.72 -48.03 -48.34 -48.66 -49.00 -49.31 -49.59 -49.91 -50.16 -50.41 -50.62 -50.81 -50.97 -51.12 -51.25 -51.34 -51.44 -51.53 -51.62 -51.69 -51.75 -51.81 -51.88 -51.94 -52.00 -52.06 -52.09 -52.16 -52.19 -52.22 -52.25 -52.28 -52.31 -52.34 -52.38 -52.41 -52.47 -52.50 -52.56 -52.62 -52.66 -52.72 -52.72 -52.75 -52.72 -52.72 -52.69 -52.69 -52.69 -52.69 -52.69 -52.72 -52.75 -52.78 -52.84 -52.91
-45.31 -45.31 -45.34 -45.44 -45.59 -45.75 -45.91 -46.09 -46.25 -46.41 -46.56 -46.75 -46.97 -47.25 -47.53 -47.81 -48.09 -48.41 -48.72 -49.03 -49.34 -49.62 -49.91 -50.19 -50.41 -50.62 -50.81 -50.97 -51.09 -51.22 -51.34 -51.44 -51.53 -51.62 -51.69 -51.75 -51.81 -51.88 -51.94 -52.00 -52.06 -52.12 -52.16 -52.19 -52.22 -52.25 -52.28 -52.28 -52.31 -52.34 -52.38 -52.44 -52.47 -52.53 -52.59 -52.62 -52.66 -52.69 -52.69 -52.66 -52.66 -52.62 -52.62 -52.62 -52.62 -52.66 -52.69 -52.75 -52.81 -52.88 -52.94
-45.25 -45.28 -45.38 -45.50 -45.66 -45.81 -46.03 -46.22 -46.41 -46.56 -46.72 -46.91 -47.09 -47.34 -47.62 -47.91 -48.22 -48.50 -48.81 -49.09 -49.41 -49.69 -49.94 -50.19 -50.44 -50.62 -50.81 -50.97 -51.09 -51.22 -51.31 -51.44 -51.53 -51.59 -51.69 -51.75 -51.84 -51.91 -51.97 -52.03 -52.06 -52.12 -52.16 -52.19 -52.22 -52.25 -52.28 -52.28 -52.31 -52.34 -52.38 -52.41 -52.44 -52.50 -52.53 -52.56 -52.59 -52.62 -52.59 -52.59 -52.56 -52.56 -52.56 -52.56 -52.59 -52.62 -52.69 -52.75 -52.81 -52.88 -52.94
-45.25 -45.31 -45.41 -45.56 -45.72 -45.94 -46.16 -46.34 -46.56 -46.75 -46.91 -47.06 -47.25 -47.47 -47.75 -48.03 -48.34 -48.62 -48.91 -49.19 -49.47 -49.75 -50.00 -50.22 -50.44 -50.66 -50.81 -50.97 -51.09 -51.22 -51.34 -51.44 -51.53 -51.59 -51.69 -51.75 -51.84 -51.91 -51.97 -52.03 -52.09 -52.12 -52.19 -52.22 -52.22 -52.25 -52.28 -52.28 -52.31 -52.31 -52.34 -52.38 -52.41 -52.44 -52.50 -52.53 -52.53 -52.53 -52.53 -52.50 -52.47 -52.47 -52.47 -52.50 -52.56 -52.62 -52.69 -52.78 -52.84 -52.91 -52.97
-45.28 -45.34 -45.47 -45.62 -45.81 -46.03 -46.25 -46.50 -46.72 -46.91 -47.09 -47.25 -47.41 -47.62 -47.88 -48.16 -48.44 -48.72 -49.00 -49.28 -49.53 -49.78 -50.03 -50.25 -50.47 -50.66 -50.84 -50.97 -51.12 -51.25 -51.34 -51.44 -51.53 -51.62 -51.69 -51.78 -51.84 -51.94 -52.00 -52.03 -52.09 -52.16 -52.19 -52.22 -52.22 -52.25 -52.28 -52.28 -52.31 -52.31 -52.34 -52.38 -52.41 -52.44 -52.44 -52.47 -52.47 -52.44 -52.44 -52.41 -52.41 -52.41 -52.41 -52.47 -52.53 -52.62 -52.72 -52.81 -52.88 -52.97 -53.03
-45.31 -45.41 -45.53 -45.69 -45.91 -46.12 -46.38 -46.62 -46.84 -47.06 -47.25 -47.41 -47.59 -47.78 -48.00 -48.25 -48.53 -48.81 -49.09 -49.38 -49.62 -49.84 -50.09 -50.28 -50.50 -50.69 -50.84 -51.00 -51.12 -51.25 -51.34 -51.44 -51.53 -51.62 -51.72 -51.78 -51.88 -51.94 -52.00 -52.06 -52.09 -52.16 -52.19 -52.22 -52.22 -52.25 -52.28 -52.28 -52.31 -52.31 -52.34 -52.38 -52.38 -52.41 -52.41 -52.41 -52.41 -52.38 -52.38 -52.34 -52.34 -52.34 -52.41 -52.47 -52.56 -52.66 -52.75 -52.84 -52.91 -53.00 -53.06
-45.38 -45.47 -45.59 -45.78 -45.97 -46.22 -46.47 -46.72 -46.97 -47.19 -47.41 -47.56 -47.75 -47.91 -48.12 -48.34 -48.62 -48.91 -49.16 -49.44 -49.69 -49.91 -50.12 -50.34 -50.53 -50.69 -50.88 -51.00 -51.12 -51.25 -51.34 -51.44 -51.53 -51.62 -51.72 -51.81 -51.88 -51.97 -52.03 -52.06 -52.12 -52.16 -52.19 -52.22 -52.25 -52.25 -52.28 -52.31 -52.31 -52.34 -52.34 -52.38 -52.38 -52.38 -52.38 -52.38 -52.34 -52.34 -52.31 -52.31 -52.31 -52.34 -52.41 -52.50 -52.59 -52.69 -52.78 -52.88 -52.94 -53.03 -53.09
