everonasctiles/Tile[38,39].asc
ncols 128
nrows 128
xllcorner 0
yllcorner 0
cellsize 2.0
NODATA_value  -9999
[rows 96 to 127 of 128, columns 0 to 70 of 128]
-36.91 -36.88 -36.81 -36.72 -36.62 -36.62 -36.66 -36.75 -36.88 -36.97 -37.09 -37.19 -37.31 -37.38 -37.44 -37.47 -37.50 -37.53 -37.53 -37.53 -37.47 -37.41 -37.31 -37.22 -37.16 -37.06 -36.97 -36.88 -36.81 -36.78 -36.75 -36.78 -36.81 -36.88 -36.94 -36.97 -37.03 -37.06 -37.09 -37.16 -37.19 -37.19 -37.19 -37.16 -37.19 -37.31 -37.47 -37.66 -37.81 -37.97 -38.12 -38.25 -38.34 -38.44 -38.50 -38.56 -38.62 -38.69 -38.72 -38.72 -38.69 -38.62 -38.56 -38.47 -38.38 -38.31 -38.25 -38.19 -38.12 -38.06 -37.97
-36.62 -36.62 -36.56 -36.47 -36.38 -36.38 -36.47 -36.56 -36.69 -36.81 -36.94 -37.06 -37.16 -37.25 -37.31 -37.34 -37.38 -37.41 -37.41 -37.38 -37.34 -37.28 -37.19 -37.12 -37.03 -36.97 -36.88 -36.78 -36.72 -36.66 -36.62 -36.62 -36.69 -36.72 -36.78 -36.81 -36.88 -36.91 -36.94 -36.94 -36.97 -36.97 -36.97 -36.97 -37.03 -37.19 -37.38 -37.53 -37.72 -37.84 -38.00 -38.09 -38.22 -38.28 -38.38 -38.44 -38.50 -38.56 -38.59 -38.59 -38.56 -38.50 -38.41 -38.28 -38.19 -38.09 -38.03 -37.97 -37.94 -37.88 -37.81
-36.38 -36.38 -36.31 -36.22 -36.16 -36.16 -36.25 -36.38 -36.53 -36.66 -36.78 -36.91 -37.03 -37.12 -37.19 -37.25 -37.25 -37.28 -37.28 -37.25 -37.19 -37.12 -37.06 -37.00 -36.94 -36.84 -36.78 -36.69 -36.62 -36.56 -36.53 -36.53 -36.56 -36.59 -36.66 -36.69 -36.72 -36.75 -36.75 -36.75 -36.78 -36.78 -36.78 -36.84 -36.97 -37.12 -37.28 -37.47 -37.62 -37.75 -37.88 -37.97 -38.06 -38.16 -38.22 -38.31 -38.38 -38.44 -38.47 -38.47 -38.41 -38.34 -38.22 -38.09 -38.00 -37.88 -37.81 -37.75 -37.72 -37.69 -37.62
-36.16 -36.16 -36.09 -36.00 -35.97 -35.97 -36.09 -36.22 -36.38 -36.53 -36.66 -36.81 -36.91 -37.00 -37.06 -37.09 -37.12 -37.16 -37.12 -37.09 -37.06 -37.00 -36.94 -36.88 -36.81 -36.75 -36.66 -36.59 -36.53 -36.47 -36.44 -36.41 -36.44 -36.50 -36.56 -36.59 -36.59 -36.56 -36.56 -36.59 -36.59 -36.59 -36.66 -36.78 -36.94 -37.09 -37.25 -37.41 -37.53 -37.66 -37.78 -37.88 -37.94 -38.00 -38.09 -38.16 -38.25 -38.28 -38.31 -38.31 -38.28 -38.19 -38.06 -37.94 -37.78 -37.69 -37.59 -37.56 -37.53 -37.50 -37.44
-35.94 -35.94 -35.88 -35.81 -35.78 -35.81 -35.94 -36.09 -36.25 -36.41 -36.56 -36.69 -36.81 -36.88 -36.94 -36.97 -37.00 -37.00 -37.00 -36.94 -36.91 -36.84 -36.78 -36.72 -36.66 -36.59 -36.56 -36.50 -36.44 -36.41 -36.34 -36.34 -36.34 -36.41 -36.44 -36.44 -36.44 -36.44 -36.44 -36.44 -36.44 -36.50 -36.62 -36.78 -36.91 -37.06 -37.22 -37.34 -37.47 -37.59 -37.69 -37.75 -37.81 -37.91 -37.97 -38.03 -38.09 -38.12 -38.16 -38.16 -38.12 -38.03 -37.88 -37.75 -37.59 -37.50 -37.41 -37.38 -37.34 -37.31 -37.25
-35.72 -35.69 -35.66 -35.62 -35.59 -35.69 -35.81 -35.97 -36.16 -36.31 -36.47 -36.59 -36.69 -36.75 -36.78 -36.81 -36.84 -36.84 -36.84 -36.81 -36.75 -36.72 -36.66 -36.59 -36.53 -36.47 -36.41 -36.38 -36.34 -36.31 -36.28 -36.25 -36.28 -36.31 -36.34 -36.34 -36.31 -36.31 -36.31 -36.34 -36.41 -36.53 -36.66 -36.78 -36.94 -37.06 -37.19 -37.34 -37.44 -37.53 -37.62 -37.66 -37.72 -37.78 -37.84 -37.88 -37.94 -37.97 -38.00 -38.00 -37.94 -37.84 -37.72 -37.56 -37.44 -37.31 -37.25 -37.19 -37.16 -37.12 -37.06
-35.50 -35.47 -35.44 -35.41 -35.44 -35.56 -35.72 -35.91 -36.06 -36.25 -36.41 -36.50 -36.59 -36.62 -36.66 -36.69 -36.69 -36.72 -36.69 -36.69 -36.62 -36.59 -36.53 -36.44 -36.38 -36.31 -36.25 -36.25 -36.22 -36.19 -36.19 -36.16 -36.19 -36.22 -36.25 -36.25 -36.25 -36.28 -36.31 -36.38 -36.47 -36.56 -36.69 -36.81 -36.94 -37.06 -37.19 -37.31 -37.41 -37.47 -37.53 -37.59 -37.62 -37.66 -37.69 -37.72 -37.75 -37.78 -37.81 -37.81 -37.78 -37.66 -37.53 -37.38 -37.25 -37.12 -37.06 -37.03 -37.00 -36.97 -36.91
-35.31 -35.28 -35.25 -35.22 -35.31 -35.47 -35.62 -35.81 -36.00 -36.19 -36.31 -36.41 -36.47 -36.50 -36.50 -36.53 -36.53 -36.56 -36.56 -36.53 -36.50 -36.44 -36.38 -36.31 -36.22 -36.16 -36.12 -36.09 -36.06 -36.06 -36.06 -36.06 -36.09 -36.12 -36.16 -36.19 -36.22 -36.28 -36.34 -36.41 -36.50 -36.59 -36.72 -36.84 -36.97 -37.09 -37.19 -37.28 -37.34 -37.41 -37.47 -37.50 -37.53 -37.56 -37.56 -37.56 -37.56 -37.59 -37.62 -37.62 -37.59 -37.50 -37.38 -37.22 -37.09 -36.97 -36.91 -36.88 -36.84 -36.81 -36.75
-35.09 -35.09 -35.06 -35.06 -35.22 -35.38 -35.56 -35.75 -35.94 -36.09 -36.22 -36.31 -36.34 -36.34 -36.34 -36.38 -36.38 -36.41 -36.44 -36.41 -36.38 -36.31 -36.25 -36.16 -36.06 -36.00 -35.97 -35.94 -35.94 -35.94 -35.94 -35.97 -36.00 -36.03 -36.09 -36.16 -36.22 -36.28 -36.34 -36.44 -36.53 -36.66 -36.75 -36.88 -36.97 -37.06 -37.16 -37.25 -37.31 -37.34 -37.38 -37.41 -37.44 -37.44 -37.41 -37.38 -37.38 -37.38 -37.44 -37.44 -37.41 -37.31 -37.19 -37.06 -36.94 -36.84 -36.75 -36.72 -36.69 -36.66 -36.59
-34.94 -34.91 -34.91 -34.97 -35.12 -35.31 -35.47 -35.66 -35.84 -36.00 -36.09 -36.16 -36.19 -36.19 -36.19 -36.19 -36.22 -36.25 -36.28 -36.25 -36.22 -36.16 -36.09 -36.03 -35.94 -35.84 -35.81 -35.78 -35.78 -35.78 -35.81 -35.84 -35.91 -35.97 -36.06 -36.12 -36.22 -36.28 -36.38 -36.44 -36.53 -36.66 -36.75 -36.88 -36.97 -37.06 -37.12 -37.19 -37.25 -37.28 -37.31 -37.34 -37.34 -37.31 -37.25 -37.22 -37.19 -37.19 -37.22 -37.25 -37.22 -37.16 -37.03 -36.94 -36.81 -36.72 -36.66 -36.59 -36.56 -36.53 -36.47
-34.78 -34.78 -34.81 -34.91 -35.06 -35.22 -35.41 -35.59 -35.75 -35.88 -35.97 -36.00 -36.00 -36.00 -36.00 -36.03 -36.06 -36.09 -36.12 -36.09 -36.06 -36.00 -35.94 -35.88 -35.78 -35.72 -35.66 -35.62 -35.62 -35.66 -35.69 -35.75 -35.81 -35.91 -36.00 -36.09 -36.19 -36.25 -36.34 -36.41 -36.50 -36.62 -36.72 -36.84 -36.94 -37.03 -37.09 -37.16 -37.19 -37.22 -37.25 -37.25 -37.22 -37.19 -37.12 -37.06 -37.00 -37.00 -37.03 -37.06 -37.06 -36.97 -36.88 -36.78 -36.69 -36.62 -36.56 -36.50 -36.47 -36.41 -36.34
-34.66 -34.69 -34.78 -34.88 -35.00 -35.16 -35.31 -35.47 -35.62 -35.75 -35.81 -35.84 -35.84 -35.81 -35.81 -35.84 -35.91 -35.94 -35.94 -35.91 -35.88 -35.81 -35.75 -35.69 -35.62 -35.56 -35.50 -35.47 -35.50 -35.53 -35.56 -35.66 -35.75 -35.84 -35.97 -36.06 -36.16 -36.22 -36.28 -36.38 -36.44 -36.56 -36.66 -36.78 -36.88 -36.97 -37.03 -37.09 -37.16 -37.16 -37.19 -37.16 -37.12 -37.09 -37.03 -36.94 -36.88 -36.88 -36.88 -36.91 -36.88 -36.81 -36.75 -36.66 -36.59 -36.53 -36.47 -36.41 -36.38 -36.28 -36.22
-34.59 -34.66 -34.75 -34.84 -34.97 -35.09 -35.19 -35.34 -35.47 -35.59 -35.66 -35.69 -35.69 -35.66 -35.66 -35.69 -35.72 -35.75 -35.75 -35.72 -35.66 -35.62 -35.56 -35.53 -35.47 -35.41 -35.34 -35.34 -35.34 -35.38 -35.47 -35.56 -35.66 -35.78 -35.88 -36.00 -36.09 -36.16 -36.22 -36.31 -36.41 -36.50 -36.59 -36.72 -36.81 -36.91 -37.00 -37.06 -37.09 -37.09 -37.09 -37.09 -37.06 -37.00 -36.94 -36.84 -36.78 -36.75 -36.75 -36.75 -36.72 -36.69 -36.62 -36.56 -36.50 -36.44 -36.41 -36.34 -36.28 -36.22 -36.12
-34.56 -34.66 -34.75 -34.84 -34.91 -35.00 -35.09 -35.19 -35.31 -35.44 -35.50 -35.53 -35.53 -35.50 -35.50 -35.50 -35.53 -35.53 -35.53 -35.50 -35.47 -35.41 -35.34 -35.31 -35.28 -35.25 -35.22 -35.19 -35.22 -35.25 -35.34 -35.44 -35.56 -35.69 -35.81 -35.91 -36.00 -36.09 -36.16 -36.25 -36.34 -36.44 -36.53 -36.66 -36.75 -36.84 -36.94 -37.00 -37.03 -37.06 -37.03 -37.00 -36.97 -36.94 -36.88 -36.78 -36.72 -36.66 -36.62 -36.59 -36.59 -36.56 -36.53 -36.47 -36.44 -36.41 -36.34 -36.31 -36.25 -36.16 -36.06
-34.53 -34.62 -34.72 -34.78 -34.84 -34.88 -34.97 -35.06 -35.16 -35.25 -35.31 -35.34 -35.34 -35.34 -35.31 -35.31 -35.31 -35.31 -35.28 -35.25 -35.22 -35.19 -35.16 -35.12 -35.12 -35.09 -35.06 -35.06 -35.06 -35.12 -35.22 -35.31 -35.44 -35.59 -35.72 -35.84 -35.94 -36.03 -36.12 -36.22 -36.31 -36.41 -36.50 -36.59 -36.72 -36.81 -36.91 -36.97 -37.00 -37.00 -37.00 -36.97 -36.94 -36.88 -36.81 -36.75 -36.66 -36.59 -36.53 -36.50 -36.50 -36.47 -36.44 -36.41 -36.38 -36.38 -36.34 -36.31 -36.25 -36.16 -36.03
-34.50 -34.59 -34.66 -34.69 -34.75 -34.78 -34.84 -34.91 -35.00 -35.06 -35.12 -35.16 -35.16 -35.16 -35.12 -35.09 -35.06 -35.03 -35.03 -35.00 -34.97 -34.94 -34.94 -34.91 -34.94 -34.94 -34.94 -34.94 -34.94 -35.00 -35.09 -35.22 -35.34 -35.47 -35.62 -35.75 -35.88 -36.00 -36.09 -36.22 -36.31 -36.41 -36.50 -36.59 -36.66 -36.75 -36.84 -36.91 -36.94 -36.94 -36.94 -36.94 -36.88 -36.84 -36.78 -36.69 -36.62 -36.56 -36.50 -36.44 -36.44 -36.41 -36.41 -36.38 -36.38 -36.38 -36.34 -36.31 -36.25 -36.16 -36.06
-34.47 -34.50 -34.56 -34.59 -34.62 -34.66 -34.72 -34.75 -34.81 -34.84 -34.91 -34.94 -34.94 -34.91 -34.88 -34.81 -34.78 -34.75 -34.75 -34.72 -34.72 -34.69 -34.69 -34.72 -34.75 -34.75 -34.78 -34.81 -34.84 -34.91 -35.00 -35.09 -35.25 -35.41 -35.53 -35.69 -35.81 -35.97 -36.09 -36.22 -36.31 -36.41 -36.50 -36.56 -36.62 -36.72 -36.78 -36.84 -36.88 -36.91 -36.91 -36.91 -36.88 -36.81 -36.75 -36.66 -36.59 -36.53 -36.47 -36.41 -36.41 -36.41 -36.41 -36.38 -36.38 -36.38 -36.38 -36.34 -36.28 -36.19 -36.06
-34.41 -34.44 -34.47 -34.50 -34.53 -34.53 -34.56 -34.59 -34.59 -34.62 -34.66 -34.69 -34.69 -34.66 -34.62 -34.53 -34.47 -34.44 -34.44 -34.44 -34.44 -34.44 -34.47 -34.50 -34.56 -34.59 -34.66 -34.69 -34.75 -34.81 -34.91 -35.03 -35.19 -35.31 -35.47 -35.62 -35.78 -35.94 -36.09 -36.22 -36.34 -36.41 -36.47 -36.53 -36.59 -36.66 -36.72 -36.78 -36.84 -36.88 -36.88 -36.88 -36.81 -36.78 -36.72 -36.62 -36.56 -36.50 -36.44 -36.41 -36.41 -36.41 -36.41 -36.41 -36.41 -36.41 -36.38 -36.38 -36.31 -36.22 -36.12
-34.38 -34.38 -34.41 -34.41 -34.41 -34.41 -34.41 -34.41 -34.41 -34.41 -34.41 -34.44 -34.44 -34.41 -34.34 -34.25 -34.19 -34.12 -34.12 -34.12 -34.16 -34.19 -34.25 -34.31 -34.38 -34.47 -34.53 -34.59 -34.69 -34.78 -34.88 -35.00 -35.12 -35.28 -35.44 -35.59 -35.78 -35.94 -36.06 -36.19 -36.31 -36.38 -36.44 -36.47 -36.53 -36.62 -36.69 -36.75 -36.78 -36.81 -36.81 -36.81 -36.78 -36.72 -36.66 -36.59 -36.53 -36.47 -36.44 -36.41 -36.41 -36.41 -36.44 -36.41 -36.41 -36.41 -36.41 -36.38 -36.34 -36.25 -36.16
-34.34 -34.34 -34.34 -34.31 -34.28 -34.28 -34.25 -34.25 -34.22 -34.19 -34.19 -34.19 -34.16 -34.12 -34.06 -33.97 -33.84 -33.75 -33.81 -33.84 -33.91 -33.94 -34.03 -34.16 -34.25 -34.34 -34.44 -34.56 -34.66 -34.78 -34.91 -35.03 -35.16 -35.28 -35.41 -35.56 -35.72 -35.88 -36.03 -36.12 -36.25 -36.31 -36.38 -36.44 -36.50 -36.56 -36.62 -36.69 -36.75 -36.75 -36.75 -36.72 -36.69 -36.66 -36.59 -36.53 -36.47 -36.44 -36.41 -36.41 -36.41 -36.41 -36.44 -36.44 -36.44 -36.44 -36.41 -36.41 -36.34 -36.28 -36.22
-34.31 -34.31 -34.28 -34.25 -34.19 -34.16 -34.12 -34.06 -34.03 -33.97 -33.94 -33.94 -33.91 -33.84 -33.78 -33.69 -33.38 -33.44 -33.47 -33.56 -33.66 -33.75 -33.88 -34.00 -34.12 -34.28 -34.41 -34.56 -34.69 -34.81 -34.97 -35.06 -35.19 -35.31 -35.41 -35.53 -35.69 -35.81 -35.94 -36.06 -36.16 -36.22 -36.31 -36.38 -36.47 -36.53 -36.59 -36.66 -36.69 -36.69 -36.69 -36.66 -36.62 -36.56 -36.50 -36.44 -36.41 -36.38 -36.38 -36.38 -36.41 -36.44 -36.44 -36.47 -36.47 -36.44 -36.44 -36.41 -36.38 -36.31 -36.25
-34.28 -34.28 -34.22 -34.19 -34.12 -34.06 -34.00 -33.94 -33.84 -33.78 -33.72 -33.69 -33.66 -33.59 -33.50 -33.41 -33.28 -33.09 -33.09 -33.28 -33.47 -33.62 -33.78 -33.94 -34.09 -34.25 -34.41 -34.59 -34.75 -34.91 -35.03 -35.16 -35.28 -35.38 -35.44 -35.53 -35.66 -35.75 -35.88 -35.97 -36.06 -36.16 -36.25 -36.34 -36.41 -36.50 -36.56 -36.59 -36.62 -36.62 -36.62 -36.59 -36.53 -36.47 -36.41 -36.38 -36.34 -36.34 -36.34 -36.38 -36.44 -36.44 -36.47 -36.47 -36.50 -36.47 -36.47 -36.44 -36.41 -36.34 -36.28
-34.25 -34.25 -34.19 -34.16 -34.09 -34.00 -33.94 -33.84 -33.75 -33.66 -33.56 -33.47 -33.41 -33.34 -33.28 -33.19 -33.06 -32.91 -32.91 -33.12 -33.38 -33.53 -33.72 -33.88 -34.06 -34.25 -34.44 -34.62 -34.81 -34.97 -35.12 -35.28 -35.38 -35.47 -35.53 -35.59 -35.66 -35.75 -35.84 -35.94 -36.03 -36.12 -36.22 -36.28 -36.38 -36.44 -36.50 -36.53 -36.56 -36.56 -36.53 -36.50 -36.44 -36.38 -36.31 -36.28 -36.25 -36.28 -36.31 -36.38 -36.44 -36.47 -36.50 -36.53 -36.53 -36.50 -36.50 -36.47 -36.44 -36.38 -36.31
-34.25 -34.22 -34.19 -34.12 -34.06 -34.00 -33.94 -33.84 -33.72 -33.59 -33.47 -33.31 -33.19 -33.12 -33.09 -33.06 -32.97 -32.97 -33.06 -33.19 -33.34 -33.53 -33.72 -33.91 -34.09 -34.31 -34.50 -34.72 -34.91 -35.06 -35.25 -35.38 -35.50 -35.59 -35.66 -35.69 -35.75 -35.78 -35.84 -35.91 -36.00 -36.06 -36.16 -36.25 -36.31 -36.38 -36.44 -36.44 -36.47 -36.44 -36.44 -36.41 -36.34 -36.28 -36.22 -36.19 -36.19 -36.22 -36.28 -36.38 -36.44 -36.50 -36.53 -36.56 -36.56 -36.53 -36.53 -36.50 -36.47 -36.41 -36.31
-34.22 -34.22 -34.19 -34.16 -34.09 -34.03 -33.97 -33.88 -33.75 -33.62 -33.47 -33.31 -33.16 -33.03 -33.00 -33.03 -33.09 -33.16 -33.22 -33.28 -33.44 -33.59 -33.78 -34.00 -34.19 -34.41 -34.62 -34.81 -35.00 -35.19 -35.34 -35.47 -35.59 -35.69 -35.75 -35.81 -35.84 -35.88 -35.91 -35.94 -36.00 -36.06 -36.12 -36.22 -36.28 -36.31 -36.34 -36.34 -36.34 -36.31 -36.31 -36.28 -36.22 -36.19 -36.12 -36.09 -36.09 -36.16 -36.25 -36.34 -36.44 -36.50 -36.56 -36.59 -36.59 -36.56 -36.56 -36.53 -36.50 -36.41 -36.34
-34.22 -34.22 -34.22 -34.19 -34.16 -34.09 -34.03 -33.91 -33.78 -33.62 -33.47 -33.34 -33.22 -33.12 -33.09 -33.16 -33.22 -33.28 -33.34 -33.41 -33.53 -33.69 -33.91 -34.12 -34.34 -34.56 -34.75 -34.94 -35.12 -35.28 -35.44 -35.56 -35.69 -35.78 -35.88 -35.94 -35.97 -35.97 -36.00 -36.00 -36.00 -36.03 -36.09 -36.16 -36.22 -36.25 -36.25 -36.25 -36.22 -36.19 -36.16 -36.12 -36.09 -36.06 -36.00 -36.00 -36.03 -36.09 -36.22 -36.31 -36.44 -36.50 -36.56 -36.59 -36.62 -36.59 -36.59 -36.56 -36.53 -36.44 -36.38
-34.19 -34.22 -34.22 -34.22 -34.19 -34.16 -34.06 -33.97 -33.81 -33.69 -33.53 -33.38 -33.28 -33.22 -33.19 -33.25 -33.31 -33.41 -33.47 -33.56 -33.69 -33.84 -34.03 -34.28 -34.50 -34.72 -34.94 -35.09 -35.25 -35.41 -35.53 -35.66 -35.78 -35.88 -35.97 -36.03 -36.06 -36.09 -36.09 -36.06 -36.06 -36.06 -36.06 -36.09 -36.16 -36.16 -36.16 -36.12 -36.09 -36.06 -36.00 -35.97 -35.94 -35.91 -35.91 -35.91 -35.97 -36.06 -36.19 -36.31 -36.41 -36.50 -36.56 -36.62 -36.62 -36.62 -36.59 -36.59 -36.56 -36.50 -36.41
-34.19 -34.22 -34.25 -34.25 -34.22 -34.19 -34.09 -34.00 -33.84 -33.72 -33.56 -33.44 -33.34 -33.28 -33.28 -33.34 -33.44 -33.53 -33.62 -33.72 -33.84 -34.00 -34.19 -34.44 -34.66 -34.91 -35.12 -35.28 -35.41 -35.53 -35.62 -35.75 -35.88 -35.97 -36.06 -36.12 -36.16 -36.19 -36.16 -36.16 -36.12 -36.09 -36.06 -36.06 -36.09 -36.09 -36.06 -36.03 -35.97 -35.91 -35.84 -35.81 -35.81 -35.78 -35.78 -35.84 -35.94 -36.06 -36.19 -36.31 -36.44 -36.53 -36.59 -36.62 -36.62 -36.62 -36.62 -36.62 -36.59 -36.56 -36.50
-34.19 -34.22 -34.25 -34.25 -34.22 -34.16 -34.09 -34.00 -33.88 -33.75 -33.62 -33.50 -33.41 -33.34 -33.34 -33.41 -33.53 -33.66 -33.75 -33.88 -34.00 -34.16 -34.38 -34.59 -34.84 -35.06 -35.28 -35.44 -35.56 -35.66 -35.75 -35.84 -35.94 -36.06 -36.16 -36.22 -36.25 -36.25 -36.25 -36.22 -36.16 -36.12 -36.09 -36.06 -36.03 -36.00 -35.97 -35.94 -35.84 -35.78 -35.72 -35.69 -35.66 -35.66 -35.72 -35.81 -35.94 -36.06 -36.19 -36.34 -36.44 -36.53 -36.59 -36.62 -36.66 -36.66 -36.66 -36.66 -36.66 -36.62 -36.56
-34.19 -34.22 -34.22 -34.22 -34.19 -34.12 -34.06 -33.97 -33.88 -33.78 -33.66 -33.56 -33.47 -33.41 -33.41 -33.50 -33.62 -33.75 -33.88 -34.00 -34.16 -34.31 -34.53 -34.75 -35.00 -35.22 -35.44 -35.59 -35.72 -35.78 -35.84 -35.94 -36.03 -36.12 -36.22 -36.28 -36.31 -36.31 -36.28 -36.25 -36.22 -36.16 -36.12 -36.06 -36.00 -35.97 -35.91 -35.84 -35.75 -35.69 -35.59 -35.53 -35.50 -35.56 -35.69 -35.81 -35.94 -36.09 -36.25 -36.38 -36.47 -36.56 -36.62 -36.66 -36.66 -36.66 -36.69 -36.69 -36.69 -36.66 -36.59
-34.19 -34.22 -34.22 -34.19 -34.16 -34.09 -34.03 -33.97 -33.88 -33.78 -33.69 -33.59 -33.50 -33.47 -33.47 -33.56 -33.72 -33.84 -34.00 -34.16 -34.31 -34.50 -34.69 -34.91 -35.16 -35.34 -35.56 -35.72 -35.84 -35.91 -35.97 -36.03 -36.09 -36.19 -36.25 -36.31 -36.34 -36.38 -36.34 -36.31 -36.25 -36.22 -36.16 -36.09 -36.03 -35.94 -35.88 -35.78 -35.72 -35.62 -35.53 -35.44 -35.41 -35.53 -35.66 -35.81 -35.97 -36.12 -36.28 -36.41 -36.50 -36.59 -36.62 -36.66 -36.69 -36.69 -36.69 -36.69 -36.69 -36.66 -36.62
-34.19 -34.19 -34.19 -34.16 -34.12 -34.06 -34.00 -33.94 -33.88 -33.78 -33.72 -33.62 -33.56 -33.50 -33.56 -33.66 -33.81 -33.97 -34.12 -34.28 -34.44 -34.66 -34.84 -35.06 -35.28 -35.47 -35.66 -35.84 -35.94 -36.03 -36.09 -36.12 -36.19 -36.22 -36.28 -36.34 -36.38 -36.41 -36.38 -36.34 -36.31 -36.25 -36.19 -36.12 -36.06 -35.97 -35.88 -35.81 -35.72 -35.62 -35.53 -35.44 -35.41 -35.53 -35.66 -35.81 -36.00 -36.16 -36.31 -36.44 -36.53 -36.59 -36.66 -36.69 -36.69 -36.69 -36.69 -36.69 -36.69 -36.66 -36.62
