everonasctiles/Tile[13,19].asc
ncols 128
nrows 128
xllcorner 0
yllcorner 0
cellsize 2.0
NODATA_value  -9999
[rows 96 to 127 of 128, columns 0 to 70 of 128]
119.53 119.94 120.12 120.38 120.44 120.50 120.44 120.44 120.44 120.41 120.41 120.34 120.28 120.22 120.06 120.06 120.22 120.34 120.47 120.59 120.72 120.81 120.84 120.84 120.81 120.78 120.66 120.56 120.34 120.03 119.94 119.75 119.41 119.28 119.25 119.25 119.22 119.22 119.16 119.12 119.09 119.00 119.06 119.00 118.97 118.94 118.91 118.91 118.88 118.84 118.75 118.59 118.38 118.12 117.81 117.56 117.34 117.09 116.78 116.69 116.47 116.28 116.12 115.97 115.81 115.69 115.56 115.38 115.28 115.00 114.97
119.38 119.78 120.03 120.22 120.28 120.38 120.38 120.41 120.44 120.44 120.44 120.41 120.34 120.28 120.06 120.06 120.09 120.31 120.41 120.56 120.66 120.69 120.72 120.75 120.75 120.72 120.66 120.53 120.34 120.16 119.97 119.75 119.59 119.50 119.38 119.25 119.09 118.94 119.06 119.00 119.00 118.97 118.94 118.88 118.81 118.78 118.69 118.75 118.69 118.69 118.62 118.47 118.28 118.00 117.75 117.50 117.28 117.00 116.81 116.56 116.41 116.22 116.03 115.88 115.75 115.59 115.47 115.31 115.19 115.00 114.75
119.31 119.59 119.81 120.00 120.16 120.25 120.28 120.38 120.41 120.44 120.44 120.41 120.38 120.28 120.22 119.91 120.19 120.25 120.34 120.44 120.47 120.56 120.59 120.62 120.66 120.62 120.56 120.47 120.28 120.12 119.97 119.75 119.59 119.47 119.34 119.28 119.19 119.12 118.91 118.91 118.94 118.88 118.81 118.75 118.69 118.66 118.56 118.56 118.53 118.50 118.44 118.34 118.16 117.91 117.72 117.47 117.19 116.97 116.75 116.53 116.28 116.12 115.97 115.81 115.66 115.50 115.34 115.22 115.06 114.94 114.78
119.09 119.38 119.56 119.69 119.94 120.12 120.25 120.31 120.38 120.41 120.41 120.41 120.38 120.31 120.22 120.16 119.88 120.12 120.16 120.25 120.31 120.38 120.41 120.47 120.50 120.50 120.47 120.38 120.25 120.06 119.91 119.69 119.53 119.41 119.34 119.25 119.16 119.09 118.91 118.75 118.66 118.78 118.69 118.66 118.59 118.53 118.44 118.41 118.34 118.25 118.25 118.16 117.97 117.84 117.66 117.44 117.09 116.84 116.62 116.41 116.19 116.03 115.88 115.72 115.56 115.41 115.28 115.12 114.97 114.78 114.66
118.94 119.12 119.34 119.44 119.78 119.97 120.12 120.22 120.31 120.34 120.38 120.34 120.31 120.25 120.19 120.09 119.78 119.97 119.94 119.94 120.06 120.03 120.19 120.25 120.31 120.31 120.28 120.28 120.19 120.03 119.81 119.69 119.50 119.38 119.31 119.22 119.12 119.06 118.97 118.91 118.81 118.62 118.62 118.50 118.47 118.41 118.31 118.28 118.19 118.12 118.00 117.97 117.88 117.72 117.56 117.34 117.09 116.78 116.56 116.31 116.16 115.94 115.75 115.59 115.47 115.31 115.12 115.00 114.88 114.72 114.56
118.69 118.91 119.09 119.38 119.62 119.81 119.97 120.03 120.19 120.25 120.25 120.25 120.22 120.16 120.06 120.00 119.94 119.69 119.84 119.81 119.81 119.81 119.94 119.97 120.06 120.03 120.09 120.06 120.00 119.88 119.75 119.59 119.44 119.38 119.28 119.19 119.09 119.03 118.94 118.91 118.81 118.69 118.59 118.47 118.31 118.22 118.06 118.12 118.09 117.94 117.88 117.81 117.72 117.53 117.38 117.22 117.00 116.75 116.50 116.25 116.06 115.88 115.72 115.56 115.38 115.22 115.06 114.91 114.75 114.59 114.44
118.53 118.75 119.00 119.25 119.44 119.62 119.69 119.94 120.03 120.03 120.12 120.12 120.09 120.03 119.91 119.84 119.81 119.72 119.53 119.69 119.69 119.69 119.69 119.69 119.81 119.88 119.81 119.81 119.69 119.62 119.59 119.53 119.41 119.38 119.25 119.16 119.09 119.00 118.97 118.91 118.81 118.72 118.62 118.56 118.47 118.34 118.25 117.97 117.88 117.84 117.78 117.69 117.56 117.44 117.28 117.09 116.81 116.66 116.41 116.22 115.97 115.78 115.62 115.47 115.25 115.12 114.94 114.81 114.62 114.50 114.34
118.41 118.66 118.88 119.09 119.28 119.47 119.66 119.78 119.81 119.94 119.94 119.94 119.97 119.91 119.84 119.78 119.69 119.66 119.41 119.56 119.53 119.53 119.56 119.59 119.62 119.59 119.59 119.59 119.50 119.47 119.50 119.47 119.44 119.34 119.31 119.19 119.16 119.09 118.97 118.94 118.81 118.72 118.69 118.59 118.47 118.34 118.16 118.03 117.81 117.66 117.56 117.59 117.47 117.31 117.19 116.97 116.75 116.53 116.34 116.12 115.94 115.72 115.53 115.38 115.22 115.03 114.84 114.69 114.56 114.41 114.25
118.31 118.53 118.69 118.91 119.09 119.34 119.53 119.62 119.75 119.81 119.84 119.88 119.88 119.84 119.78 119.72 119.62 119.53 119.50 119.28 119.44 119.44 119.44 119.47 119.47 119.41 119.44 119.41 119.38 119.41 119.41 119.44 119.44 119.41 119.34 119.34 119.19 119.19 119.12 119.03 118.91 118.81 118.75 118.59 118.47 118.28 118.12 117.97 117.91 117.72 117.47 117.28 117.25 117.16 117.06 116.88 116.69 116.47 116.28 116.09 115.88 115.69 115.47 115.28 115.09 114.94 114.78 114.62 114.38 114.25 114.09
118.25 118.47 118.66 118.91 119.06 119.28 119.44 119.56 119.69 119.75 119.81 119.81 119.81 119.81 119.72 119.62 119.56 119.47 119.41 119.19 119.34 119.34 119.28 119.31 119.28 119.31 119.25 119.28 119.28 119.28 119.38 119.41 119.44 119.47 119.50 119.47 119.41 119.25 119.22 119.06 119.00 118.91 118.72 118.62 118.41 118.25 118.09 117.94 117.78 117.66 117.50 117.44 117.22 116.97 116.72 116.81 116.66 116.44 116.22 116.00 115.81 115.62 115.41 115.22 115.03 114.88 114.69 114.53 114.34 114.16 114.00
118.25 118.47 118.72 118.91 119.09 119.19 119.34 119.47 119.59 119.69 119.78 119.81 119.81 119.78 119.72 119.62 119.50 119.38 119.31 119.25 119.09 119.22 119.16 119.19 119.12 119.12 119.12 119.19 119.22 119.25 119.31 119.34 119.41 119.50 119.53 119.53 119.50 119.44 119.31 119.16 119.06 118.91 118.75 118.56 118.38 118.19 118.03 117.88 117.78 117.66 117.47 117.28 117.19 117.06 116.91 116.53 116.31 116.41 116.22 115.97 115.75 115.56 115.38 115.16 114.97 114.78 114.62 114.44 114.28 114.09 113.94
118.34 118.56 118.75 118.97 119.12 119.31 119.44 119.59 119.69 119.75 119.84 119.84 119.84 119.81 119.72 119.59 119.44 119.34 119.25 119.16 119.06 119.03 119.06 119.06 119.06 119.06 119.09 119.09 119.12 119.19 119.22 119.25 119.41 119.50 119.56 119.56 119.53 119.47 119.38 119.19 119.03 118.88 118.72 118.50 118.38 118.19 117.97 117.84 117.69 117.59 117.47 117.31 117.09 116.84 116.81 116.66 116.53 116.09 116.09 115.84 115.62 115.50 115.31 115.09 114.91 114.72 114.53 114.31 114.19 114.03 113.81
118.41 118.62 118.81 119.00 119.22 119.41 119.53 119.69 119.81 119.84 119.91 119.94 119.91 119.88 119.72 119.56 119.44 119.31 119.19 119.03 119.00 118.88 118.94 118.91 118.97 118.97 119.00 118.97 119.06 119.09 119.16 119.25 119.38 119.50 119.53 119.53 119.53 119.44 119.31 119.16 118.91 118.75 118.56 118.47 118.28 118.09 117.97 117.78 117.66 117.47 117.38 117.22 117.06 116.88 116.56 116.53 116.41 116.28 115.94 115.88 115.69 115.41 115.19 115.06 114.81 114.66 114.47 114.28 114.06 113.91 113.78
118.44 118.69 118.88 119.09 119.28 119.50 119.72 119.88 120.00 120.06 120.03 120.03 120.09 119.97 119.81 119.59 119.38 119.28 119.16 119.03 118.88 118.84 118.84 118.84 118.81 118.88 118.88 118.94 118.94 119.00 119.03 119.19 119.31 119.44 119.50 119.50 119.44 119.38 119.25 119.09 118.84 118.69 118.50 118.38 118.16 118.06 117.91 117.75 117.59 117.47 117.28 117.16 117.00 116.84 116.62 116.41 116.31 116.16 116.00 115.78 115.47 115.34 115.06 114.75 114.69 114.50 114.34 114.25 114.03 113.84 113.66
118.53 118.75 118.97 119.16 119.41 119.62 119.94 120.12 120.28 120.31 120.31 120.31 120.28 120.09 119.88 119.69 119.41 119.25 119.19 119.06 118.88 118.81 118.78 118.78 118.78 118.78 118.78 118.81 118.91 118.97 119.03 119.06 119.22 119.31 119.38 119.38 119.34 119.28 119.12 118.97 118.81 118.62 118.47 118.31 118.16 117.97 117.84 117.66 117.53 117.38 117.22 117.09 116.91 116.78 116.62 116.41 116.22 116.03 115.91 115.72 115.53 115.31 115.12 114.91 114.59 114.44 114.22 114.03 113.88 113.81 113.59
118.66 118.78 119.03 119.25 119.53 119.88 120.16 120.41 120.56 120.59 120.59 120.59 120.50 120.25 120.03 119.78 119.53 119.31 119.22 119.03 119.00 118.84 118.78 118.78 118.78 118.78 118.78 118.81 118.81 118.94 119.00 119.09 119.16 119.25 119.28 119.28 119.25 119.12 118.94 118.75 118.66 118.56 118.41 118.22 118.06 117.84 117.75 117.59 117.44 117.28 117.12 117.00 116.88 116.72 116.53 116.38 116.16 115.94 115.72 115.59 115.41 115.25 115.06 114.84 114.62 114.41 114.25 114.06 113.88 113.62 113.53
118.75 118.88 119.09 119.22 119.69 120.09 120.41 120.66 120.78 120.88 120.84 120.72 120.72 120.53 120.22 119.81 119.53 119.41 119.34 119.25 119.09 118.97 118.81 118.78 118.78 118.78 118.78 118.78 118.88 118.94 119.00 119.06 119.16 119.19 119.19 119.12 119.09 118.97 118.69 118.59 118.53 118.44 118.28 118.12 117.97 117.81 117.66 117.50 117.38 117.22 117.09 116.94 116.75 116.62 116.47 116.31 116.09 115.88 115.72 115.53 115.31 115.09 114.97 114.72 114.56 114.34 114.09 113.88 113.78 113.59 113.38
118.84 118.94 119.09 119.41 119.69 120.19 120.53 120.81 121.00 121.12 121.06 121.12 120.97 120.72 120.34 119.84 119.69 119.53 119.41 119.38 119.25 119.09 118.88 118.78 118.78 118.78 118.75 118.78 118.81 118.91 118.97 119.03 119.09 119.12 119.12 119.09 118.97 118.81 118.69 118.47 118.38 118.22 118.16 118.03 117.88 117.72 117.56 117.44 117.31 117.16 117.03 116.84 116.72 116.56 116.41 116.22 116.00 115.84 115.66 115.44 115.28 115.09 114.88 114.69 114.44 114.28 114.09 113.91 113.66 113.56 113.31
118.94 119.03 119.19 119.31 119.78 120.22 120.53 120.91 121.19 121.34 121.41 121.34 121.25 120.72 120.25 119.97 119.84 119.72 119.72 119.56 119.38 119.19 119.00 118.88 118.78 118.78 118.75 118.75 118.75 118.84 118.91 118.97 119.03 119.03 119.03 119.00 118.91 118.78 118.62 118.38 118.25 118.09 118.03 117.91 117.78 117.62 117.50 117.38 117.25 117.12 116.97 116.81 116.69 116.50 116.34 116.16 115.94 115.78 115.62 115.41 115.22 114.97 114.81 114.59 114.41 114.19 114.03 113.84 113.62 113.41 113.28
119.00 119.12 119.25 119.38 119.72 120.22 120.66 121.03 121.28 121.50 121.59 121.56 121.41 121.12 120.69 120.19 120.19 120.09 119.97 119.75 119.50 119.25 119.06 118.97 118.88 118.78 118.75 118.72 118.66 118.78 118.81 118.84 118.91 118.91 118.91 118.88 118.81 118.69 118.50 118.34 118.16 118.03 117.91 117.81 117.72 117.59 117.47 117.31 117.19 117.06 116.91 116.78 116.62 116.47 116.28 116.09 115.94 115.75 115.56 115.38 115.16 114.94 114.75 114.53 114.34 114.16 113.97 113.78 113.59 113.41 113.22
119.09 119.16 119.25 119.50 119.69 120.16 120.56 121.09 121.41 121.59 121.72 121.72 121.62 121.38 120.97 120.53 120.41 120.38 120.16 119.94 119.41 119.31 119.16 119.06 118.94 118.84 118.78 118.75 118.62 118.56 118.75 118.72 118.75 118.78 118.72 118.75 118.69 118.56 118.38 118.25 118.12 117.97 117.88 117.75 117.62 117.50 117.41 117.25 117.12 117.00 116.88 116.75 116.59 116.41 116.25 116.09 115.88 115.69 115.50 115.31 115.09 114.88 114.69 114.50 114.31 114.09 113.88 113.69 113.53 113.38 113.19
119.12 119.19 119.28 119.53 119.81 120.09 120.59 121.03 121.41 121.62 121.75 121.78 121.69 121.50 121.19 120.94 120.72 120.56 120.28 120.03 119.69 119.41 119.25 119.12 119.03 118.91 118.84 118.81 118.78 118.56 118.50 118.66 118.59 118.62 118.62 118.53 118.53 118.44 118.31 118.19 118.06 117.94 117.81 117.69 117.56 117.44 117.31 117.22 117.06 116.94 116.81 116.69 116.53 116.41 116.22 116.00 115.81 115.62 115.38 115.19 115.00 114.84 114.66 114.44 114.28 114.06 113.88 113.69 113.50 113.31 113.12
119.16 119.22 119.28 119.44 119.78 120.22 120.59 121.00 121.34 121.59 121.72 121.75 121.69 121.50 121.19 121.09 120.91 120.59 120.41 120.12 119.69 119.66 119.44 119.25 119.09 118.97 118.91 118.78 118.72 118.59 118.44 118.38 118.38 118.47 118.47 118.47 118.38 118.31 118.22 118.09 118.00 117.88 117.78 117.66 117.53 117.38 117.28 117.16 117.03 116.91 116.72 116.62 116.50 116.34 116.19 116.00 115.78 115.62 115.41 115.16 115.00 114.81 114.62 114.47 114.22 114.03 113.81 113.66 113.47 113.28 113.09
119.22 119.19 119.25 119.44 119.78 120.09 120.50 120.84 121.19 121.44 121.59 121.62 121.59 121.44 121.25 121.12 120.91 120.69 120.47 120.16 120.00 119.81 119.59 119.38 119.16 119.00 118.94 118.88 118.78 118.69 118.59 118.38 118.28 118.19 118.38 118.34 118.25 118.22 118.12 118.03 117.94 117.84 117.72 117.59 117.50 117.38 117.22 117.12 117.00 116.88 116.72 116.56 116.44 116.28 116.06 115.94 115.78 115.56 115.38 115.19 115.03 114.84 114.62 114.44 114.22 114.03 113.81 113.62 113.44 113.25 113.06
119.25 119.22 119.19 119.31 119.59 119.97 120.34 120.66 120.84 121.16 121.28 121.44 121.44 121.31 121.16 121.03 120.84 120.69 120.50 120.28 120.12 119.94 119.75 119.50 119.25 119.09 119.03 118.94 118.84 118.72 118.62 118.53 118.38 118.22 118.16 118.31 118.19 118.09 118.03 117.97 117.88 117.78 117.66 117.56 117.44 117.31 117.22 117.06 116.94 116.81 116.62 116.47 116.34 116.16 116.06 115.84 115.72 115.50 115.34 115.16 115.03 114.81 114.59 114.41 114.19 114.00 113.81 113.59 113.41 113.22 113.03
119.22 119.19 119.19 119.34 119.53 119.78 120.06 120.38 120.44 120.84 121.00 121.06 121.16 121.09 120.94 120.84 120.72 120.62 120.47 120.31 120.16 119.94 119.81 119.59 119.34 119.19 119.12 119.06 118.94 118.81 118.69 118.53 118.41 118.25 118.09 118.09 118.09 118.00 117.81 117.75 117.75 117.69 117.41 117.28 117.19 117.31 117.19 117.03 116.91 116.75 116.62 116.50 116.34 116.19 116.03 115.88 115.72 115.53 115.38 115.19 114.97 114.78 114.59 114.38 114.19 114.00 113.78 113.59 113.41 113.19 113.00
119.19 119.09 119.09 119.25 119.44 119.62 119.78 119.84 120.28 120.50 120.66 120.78 120.81 120.75 120.62 120.53 120.56 120.47 120.44 120.31 120.16 120.00 119.88 119.59 119.50 119.34 119.22 119.16 118.94 118.88 118.75 118.59 118.47 118.38 118.25 118.06 118.00 118.03 117.88 117.88 117.62 117.56 117.56 117.50 117.38 117.09 116.97 116.97 116.75 116.78 116.59 116.47 116.34 116.19 116.00 115.84 115.66 115.50 115.31 115.12 114.97 114.75 114.56 114.38 114.16 113.97 113.78 113.56 113.38 113.19 113.00
119.19 119.09 119.09 119.22 119.31 119.47 119.53 119.69 119.84 120.19 120.31 120.41 120.41 120.34 120.31 120.34 120.38 120.38 120.31 120.25 120.12 120.03 119.84 119.72 119.62 119.50 119.38 119.25 119.09 118.97 118.81 118.69 118.53 118.41 118.31 118.22 118.16 118.00 118.03 117.94 117.81 117.69 117.53 117.44 117.25 117.16 116.97 116.81 116.78 116.59 116.53 116.31 116.22 116.09 115.94 115.84 115.66 115.47 115.31 115.12 114.91 114.72 114.53 114.34 114.16 113.97 113.75 113.56 113.38 113.19 112.97
119.19 119.12 119.12 119.19 119.28 119.38 119.50 119.62 119.78 119.81 119.94 119.97 119.97 120.00 120.12 120.19 120.22 120.22 120.19 120.09 120.09 119.97 119.88 119.81 119.72 119.59 119.50 119.34 119.22 119.06 118.91 118.72 118.62 118.50 118.38 118.25 118.19 118.12 118.06 117.94 117.84 117.69 117.59 117.44 117.34 117.22 117.06 116.94 116.72 116.56 116.38 116.38 116.22 116.09 115.91 115.75 115.59 115.44 115.25 115.09 114.91 114.72 114.53 114.34 114.12 113.94 113.75 113.56 113.38 113.19 112.97
119.19 119.06 119.06 119.12 119.22 119.28 119.38 119.50 119.56 119.72 119.78 119.81 119.81 119.91 120.03 120.09 120.09 120.12 120.06 120.03 120.03 119.97 119.94 119.97 119.94 119.81 119.66 119.53 119.34 119.12 118.97 118.88 118.72 118.59 118.41 118.34 118.25 118.16 118.09 117.97 117.81 117.72 117.59 117.47 117.31 117.16 117.06 116.91 116.75 116.62 116.50 116.31 116.22 116.06 115.91 115.72 115.56 115.41 115.22 115.06 114.88 114.69 114.50 114.31 114.12 113.94 113.75 113.56 113.38 113.16 112.97
119.16 119.03 119.03 119.03 119.12 119.16 119.25 119.31 119.47 119.56 119.62 119.69 119.78 119.88 119.97 120.00 120.03 120.00 120.00 120.00 120.03 120.09 120.12 120.12 120.12 120.12 120.00 119.78 119.44 119.28 119.16 118.97 118.84 118.66 118.50 118.41 118.31 118.22 118.09 118.00 117.88 117.72 117.59 117.47 117.31 117.19 117.06 116.91 116.78 116.62 116.47 116.31 116.16 116.03 115.88 115.69 115.53 115.38 115.19 115.03 114.84 114.69 114.50 114.31 114.12 113.94 113.75 113.56 113.38 113.19 113.00
119.06 119.03 119.03 119.00 119.00 119.03 119.12 119.22 119.34 119.44 119.53 119.62 119.72 119.81 119.88 119.94 119.97 119.97 119.97 120.03 120.12 120.22 120.34 120.34 120.38 120.41 120.28 120.00 119.84 119.62 119.31 119.19 119.00 118.78 118.62 118.47 118.38 118.28 118.16 118.00 117.88 117.75 117.59 117.44 117.31 117.19 117.06 116.88 116.75 116.59 116.47 116.31 116.16 116.00 115.84 115.69 115.53 115.34 115.19 115.00 114.84 114.66 114.47 114.31 114.12 113.94 113.75 113.56 113.38 113.19 113.00
