everonasctiles/Tile[47,18].asc
ncols 128
nrows 128
xllcorner 0
yllcorner 0
cellsize 2.0
NODATA_value  -9999
[rows 62 to 92 of 128, columns 0 to 69 of 128]
-120.06 -119.78 -119.44 -119.25 -119.28 -119.28 -119.19 -118.91 -118.50 -117.97 -117.31 -116.38 -115.34 -114.41 -113.88 -114.00 -114.06 -113.94 -113.72 -113.47 -113.22 -113.06 -112.88 -112.75 -112.69 -112.53 -112.22 -111.66 -110.91 -109.97 -109.00 -107.91 -106.91 -105.97 -105.09 -104.31 -103.59 -102.94 -102.28 -101.62 -100.97 -100.31 -99.66 -99.06 -98.44 -97.59 -96.72 -96.00 -95.69 -95.84 -95.91 -95.88 -95.88 -95.91 -96.03 -96.16 -96.22 -96.19 -96.06 -95.91 -95.72 -95.50 -95.31 -95.25 -95.19 -95.12 -95.03 -94.91 -94.75 -94.69
-119.91 -119.62 -119.25 -118.91 -118.88 -118.94 -118.91 -118.72 -118.34 -117.84 -117.22 -116.44 -115.44 -114.47 -113.66 -113.34 -113.47 -113.38 -113.12 -112.88 -112.59 -112.38 -112.19 -112.09 -112.09 -112.06 -111.94 -111.56 -110.97 -110.19 -109.28 -108.22 -107.12 -106.03 -105.12 -104.41 -103.81 -103.19 -102.50 -101.84 -101.16 -100.47 -99.78 -99.16 -98.56 -97.75 -96.78 -96.16 -96.12 -96.19 -96.19 -96.16 -96.09 -96.12 -96.25 -96.38 -96.44 -96.38 -96.25 -96.06 -95.84 -95.62 -95.50 -95.50 -95.50 -95.44 -95.34 -95.25 -95.12 -95.06
-119.72 -119.44 -119.06 -118.62 -118.47 -118.56 -118.59 -118.47 -118.16 -117.69 -117.16 -116.47 -115.69 -114.72 -113.75 -113.00 -112.81 -112.78 -112.56 -112.31 -111.91 -111.53 -111.38 -111.31 -111.34 -111.44 -111.44 -111.25 -110.84 -110.22 -109.50 -108.62 -107.66 -106.72 -105.81 -105.00 -104.25 -103.50 -102.72 -101.97 -101.22 -100.50 -99.78 -99.12 -98.53 -97.75 -96.88 -96.47 -96.50 -96.50 -96.47 -96.41 -96.38 -96.38 -96.50 -96.59 -96.66 -96.59 -96.44 -96.25 -96.03 -95.81 -95.78 -95.81 -95.81 -95.75 -95.69 -95.56 -95.47 -95.41
-119.50 -119.22 -118.84 -118.34 -118.03 -118.12 -118.19 -118.12 -117.91 -117.53 -117.03 -116.44 -115.72 -114.91 -113.94 -112.94 -112.28 -112.16 -112.06 -111.81 -111.25 -110.69 -110.44 -110.44 -110.53 -110.69 -110.78 -110.72 -110.47 -110.03 -109.41 -108.72 -107.91 -107.03 -106.19 -105.34 -104.50 -103.66 -102.81 -101.97 -101.16 -100.34 -99.62 -98.97 -98.28 -97.50 -96.88 -96.78 -96.78 -96.78 -96.75 -96.69 -96.66 -96.66 -96.75 -96.81 -96.84 -96.78 -96.66 -96.47 -96.31 -96.16 -96.09 -96.09 -96.09 -96.06 -95.97 -95.88 -95.78 -95.72
-119.28 -118.97 -118.59 -118.00 -117.56 -117.66 -117.75 -117.72 -117.56 -117.25 -116.84 -116.28 -115.66 -114.91 -114.06 -113.12 -112.12 -111.50 -111.31 -111.12 -110.53 -109.88 -109.50 -109.44 -109.69 -109.91 -110.03 -110.06 -109.91 -109.59 -109.09 -108.47 -107.78 -107.00 -106.19 -105.31 -104.44 -103.56 -102.69 -101.84 -100.88 -99.94 -99.12 -98.44 -97.78 -97.22 -96.97 -97.00 -97.03 -97.06 -97.03 -96.97 -96.94 -96.94 -97.00 -97.03 -97.06 -97.00 -96.88 -96.75 -96.59 -96.47 -96.41 -96.41 -96.41 -96.34 -96.28 -96.19 -96.09 -96.00
-119.03 -118.72 -118.34 -117.75 -117.16 -117.09 -117.28 -117.28 -117.16 -116.91 -116.56 -116.09 -115.53 -114.84 -114.09 -113.28 -112.41 -111.34 -110.62 -110.22 -109.69 -109.00 -108.50 -108.47 -108.88 -109.16 -109.28 -109.31 -109.25 -109.00 -108.56 -108.03 -107.41 -106.72 -105.94 -105.06 -104.16 -103.28 -102.41 -101.53 -100.47 -99.47 -98.62 -97.94 -97.41 -97.12 -97.16 -97.22 -97.25 -97.28 -97.28 -97.25 -97.22 -97.22 -97.22 -97.25 -97.25 -97.22 -97.09 -96.97 -96.84 -96.75 -96.69 -96.69 -96.66 -96.62 -96.53 -96.44 -96.34 -96.28
-118.75 -118.50 -118.16 -117.62 -116.94 -116.59 -116.72 -116.78 -116.69 -116.47 -116.16 -115.75 -115.28 -114.66 -113.94 -113.19 -112.44 -111.50 -110.34 -109.53 -108.81 -108.06 -107.53 -107.53 -108.12 -108.41 -108.50 -108.53 -108.50 -108.28 -107.91 -107.44 -106.91 -106.31 -105.59 -104.78 -103.91 -103.00 -102.06 -101.16 -100.19 -99.25 -98.44 -97.78 -97.41 -97.34 -97.34 -97.41 -97.47 -97.50 -97.50 -97.47 -97.44 -97.44 -97.44 -97.47 -97.44 -97.41 -97.28 -97.19 -97.06 -97.00 -96.94 -96.91 -96.91 -96.84 -96.78 -96.69 -96.59 -96.50
-118.44 -118.28 -117.97 -117.53 -116.97 -116.34 -116.12 -116.19 -116.12 -115.94 -115.66 -115.28 -114.84 -114.31 -113.66 -112.94 -112.22 -111.34 -110.06 -108.94 -108.03 -107.19 -106.59 -106.66 -107.41 -107.62 -107.72 -107.69 -107.69 -107.50 -107.16 -106.72 -106.25 -105.75 -105.16 -104.44 -103.62 -102.78 -101.91 -101.03 -100.16 -99.28 -98.50 -97.91 -97.62 -97.53 -97.53 -97.56 -97.62 -97.69 -97.69 -97.69 -97.66 -97.66 -97.66 -97.62 -97.62 -97.56 -97.47 -97.38 -97.28 -97.19 -97.16 -97.12 -97.09 -97.06 -97.00 -96.91 -96.81 -96.72
-118.16 -118.03 -117.81 -117.44 -117.00 -116.41 -115.84 -115.59 -115.50 -115.31 -115.06 -114.69 -114.25 -113.78 -113.22 -112.53 -111.84 -110.78 -109.44 -108.25 -107.22 -106.34 -105.72 -105.94 -106.69 -106.88 -106.91 -106.88 -106.88 -106.69 -106.34 -105.94 -105.53 -105.06 -104.56 -103.94 -103.25 -102.47 -101.69 -100.88 -100.09 -99.34 -98.62 -98.09 -97.81 -97.69 -97.69 -97.72 -97.78 -97.81 -97.84 -97.84 -97.84 -97.81 -97.81 -97.78 -97.75 -97.69 -97.59 -97.50 -97.44 -97.38 -97.34 -97.31 -97.28 -97.22 -97.16 -97.09 -97.00 -96.91
-117.88 -117.78 -117.62 -117.31 -116.94 -116.47 -115.91 -115.38 -114.97 -114.69 -114.34 -113.97 -113.53 -113.09 -112.62 -112.06 -111.38 -110.31 -108.81 -107.50 -106.41 -105.50 -104.94 -105.25 -105.97 -106.16 -106.12 -106.06 -106.00 -105.84 -105.50 -105.06 -104.66 -104.31 -103.91 -103.38 -102.75 -102.06 -101.34 -100.62 -99.91 -99.22 -98.62 -98.19 -97.91 -97.78 -97.78 -97.81 -97.88 -97.94 -97.97 -97.97 -97.97 -97.94 -97.91 -97.88 -97.84 -97.78 -97.72 -97.62 -97.59 -97.53 -97.50 -97.44 -97.41 -97.38 -97.31 -97.22 -97.16 -97.06
-117.56 -117.53 -117.41 -117.16 -116.81 -116.41 -115.97 -115.44 -114.91 -114.41 -113.91 -113.34 -112.81 -112.31 -111.91 -111.44 -110.84 -110.03 -108.59 -107.12 -105.88 -104.88 -104.25 -104.50 -105.28 -105.44 -105.41 -105.31 -105.22 -105.00 -104.66 -104.22 -103.78 -103.47 -103.16 -102.75 -102.19 -101.56 -100.94 -100.28 -99.66 -99.06 -98.56 -98.16 -97.94 -97.84 -97.84 -97.91 -97.97 -98.03 -98.06 -98.06 -98.06 -98.03 -98.00 -97.97 -97.91 -97.88 -97.81 -97.75 -97.69 -97.66 -97.62 -97.56 -97.53 -97.50 -97.44 -97.34 -97.25 -97.19
-117.28 -117.22 -117.12 -116.94 -116.66 -116.31 -115.91 -115.44 -114.94 -114.41 -113.84 -113.22 -112.53 -111.78 -111.22 -110.81 -110.28 -109.59 -108.69 -107.28 -105.81 -104.59 -103.75 -103.75 -104.38 -104.78 -104.75 -104.59 -104.41 -104.22 -103.88 -103.44 -102.94 -102.62 -102.38 -102.06 -101.62 -101.09 -100.50 -99.94 -99.41 -98.84 -98.41 -98.09 -97.91 -97.84 -97.88 -97.94 -98.00 -98.06 -98.12 -98.12 -98.09 -98.06 -98.03 -98.00 -97.97 -97.94 -97.88 -97.84 -97.78 -97.75 -97.72 -97.66 -97.62 -97.56 -97.50 -97.41 -97.31 -97.22
-116.94 -116.88 -116.81 -116.69 -116.44 -116.12 -115.72 -115.28 -114.84 -114.34 -113.78 -113.16 -112.50 -111.75 -111.00 -110.31 -109.75 -109.12 -108.34 -107.44 -106.12 -104.72 -103.62 -103.09 -103.34 -103.72 -103.72 -103.47 -103.25 -103.19 -103.06 -102.66 -102.16 -101.81 -101.59 -101.38 -101.03 -100.59 -100.09 -99.59 -99.09 -98.59 -98.19 -97.94 -97.84 -97.84 -97.88 -97.94 -98.00 -98.06 -98.12 -98.12 -98.09 -98.09 -98.06 -98.03 -98.00 -97.97 -97.94 -97.91 -97.84 -97.81 -97.78 -97.72 -97.69 -97.62 -97.53 -97.44 -97.34 -97.25
-116.56 -116.53 -116.47 -116.34 -116.12 -115.84 -115.47 -115.03 -114.59 -114.12 -113.59 -113.00 -112.34 -111.66 -110.91 -110.06 -109.31 -108.66 -107.94 -107.16 -106.25 -105.09 -103.84 -102.84 -102.47 -102.53 -102.47 -102.25 -101.97 -101.78 -101.78 -101.69 -101.41 -101.06 -100.88 -100.69 -100.41 -100.09 -99.69 -99.25 -98.78 -98.25 -97.94 -97.81 -97.78 -97.81 -97.88 -97.94 -98.00 -98.06 -98.09 -98.09 -98.09 -98.06 -98.06 -98.06 -98.03 -98.00 -97.97 -97.94 -97.88 -97.81 -97.78 -97.72 -97.66 -97.59 -97.53 -97.44 -97.34 -97.25
-116.16 -116.12 -116.06 -115.97 -115.78 -115.50 -115.16 -114.69 -114.25 -113.78 -113.28 -112.75 -112.12 -111.47 -110.72 -109.84 -108.97 -108.19 -107.50 -106.78 -106.00 -105.16 -104.19 -103.03 -102.09 -101.59 -101.34 -101.03 -100.72 -100.47 -100.41 -100.47 -100.44 -100.34 -100.19 -100.03 -99.81 -99.56 -99.25 -98.91 -98.44 -97.97 -97.75 -97.72 -97.75 -97.78 -97.84 -97.94 -98.00 -98.03 -98.06 -98.06 -98.06 -98.06 -98.06 -98.03 -98.03 -98.00 -97.94 -97.91 -97.84 -97.78 -97.72 -97.66 -97.59 -97.53 -97.47 -97.41 -97.34 -97.25
-115.75 -115.69 -115.62 -115.53 -115.38 -115.16 -114.81 -114.38 -113.84 -113.38 -112.94 -112.44 -111.88 -111.19 -110.44 -109.50 -108.47 -107.62 -106.94 -106.31 -105.66 -104.91 -104.12 -103.22 -102.19 -101.25 -100.59 -100.06 -99.62 -99.31 -99.22 -99.31 -99.44 -99.56 -99.56 -99.44 -99.28 -99.06 -98.81 -98.50 -98.06 -97.72 -97.62 -97.66 -97.72 -97.78 -97.84 -97.91 -97.97 -98.00 -98.03 -98.03 -98.03 -98.03 -98.03 -98.00 -97.97 -97.94 -97.91 -97.84 -97.78 -97.72 -97.62 -97.56 -97.50 -97.44 -97.38 -97.34 -97.28 -97.19
-115.31 -115.28 -115.19 -115.09 -114.94 -114.75 -114.47 -114.06 -113.56 -113.00 -112.56 -112.09 -111.59 -110.94 -110.12 -109.03 -107.88 -106.78 -106.03 -105.66 -105.16 -104.56 -103.88 -103.16 -102.34 -101.41 -100.47 -99.69 -99.03 -98.53 -98.31 -98.34 -98.53 -98.78 -98.97 -98.91 -98.78 -98.62 -98.44 -98.16 -97.84 -97.62 -97.62 -97.69 -97.72 -97.78 -97.84 -97.91 -97.97 -98.00 -98.00 -98.00 -98.00 -98.00 -97.97 -97.94 -97.91 -97.88 -97.81 -97.75 -97.69 -97.59 -97.53 -97.44 -97.38 -97.31 -97.28 -97.22 -97.19 -97.12
-114.91 -114.84 -114.75 -114.62 -114.47 -114.28 -114.06 -113.72 -113.25 -112.72 -112.22 -111.78 -111.31 -110.72 -109.94 -108.84 -107.59 -106.34 -105.31 -104.69 -104.50 -104.12 -103.59 -102.94 -102.25 -101.53 -100.78 -100.03 -99.19 -98.47 -97.94 -97.69 -97.81 -98.06 -98.28 -98.41 -98.38 -98.31 -98.19 -98.00 -97.81 -97.72 -97.72 -97.72 -97.75 -97.78 -97.84 -97.91 -97.94 -97.97 -97.94 -97.94 -97.94 -97.94 -97.91 -97.88 -97.84 -97.78 -97.72 -97.66 -97.59 -97.50 -97.41 -97.31 -97.22 -97.19 -97.12 -97.09 -97.06 -97.03
-114.56 -114.41 -114.31 -114.16 -114.00 -113.78 -113.56 -113.31 -112.91 -112.44 -111.94 -111.47 -111.03 -110.50 -109.84 -108.94 -107.84 -106.50 -105.25 -104.25 -103.75 -103.59 -103.22 -102.69 -102.09 -101.44 -100.78 -100.12 -99.53 -98.94 -98.16 -97.56 -97.38 -97.53 -97.75 -97.94 -98.06 -98.09 -98.03 -97.97 -97.88 -97.81 -97.81 -97.78 -97.81 -97.81 -97.84 -97.88 -97.91 -97.91 -97.91 -97.91 -97.88 -97.88 -97.84 -97.78 -97.75 -97.69 -97.62 -97.56 -97.47 -97.38 -97.25 -97.16 -97.06 -97.00 -96.97 -96.94 -96.94 -96.91
-114.25 -114.00 -113.88 -113.72 -113.50 -113.25 -113.03 -112.78 -112.50 -112.06 -111.56 -111.09 -110.66 -110.22 -109.66 -108.94 -108.00 -106.94 -105.78 -104.69 -103.88 -103.34 -102.94 -102.44 -101.84 -101.25 -100.62 -100.03 -99.47 -99.00 -98.38 -97.69 -97.28 -97.34 -97.56 -97.78 -97.94 -98.03 -98.06 -98.03 -98.00 -97.94 -97.91 -97.91 -97.88 -97.88 -97.88 -97.91 -97.91 -97.88 -97.88 -97.84 -97.84 -97.81 -97.78 -97.72 -97.66 -97.56 -97.50 -97.44 -97.34 -97.22 -97.09 -97.00 -96.91 -96.84 -96.81 -96.81 -96.81 -96.81
-113.94 -113.66 -113.47 -113.28 -113.00 -112.69 -112.44 -112.22 -111.97 -111.62 -111.12 -110.59 -110.16 -109.81 -109.34 -108.75 -107.97 -107.06 -106.09 -105.12 -104.28 -103.50 -102.84 -102.22 -101.62 -101.06 -100.44 -99.88 -99.34 -98.88 -98.28 -97.72 -97.50 -97.56 -97.75 -97.91 -98.00 -98.09 -98.16 -98.16 -98.12 -98.09 -98.06 -98.03 -98.00 -97.97 -97.97 -97.94 -97.91 -97.88 -97.84 -97.81 -97.81 -97.78 -97.72 -97.66 -97.56 -97.47 -97.38 -97.28 -97.19 -97.09 -96.97 -96.84 -96.75 -96.69 -96.66 -96.66 -96.66 -96.69
-113.56 -113.28 -113.06 -112.84 -112.56 -112.19 -111.84 -111.62 -111.44 -111.12 -110.69 -110.06 -109.53 -109.19 -108.88 -108.41 -107.78 -107.00 -106.16 -105.28 -104.44 -103.62 -102.84 -102.12 -101.44 -100.78 -100.16 -99.56 -99.00 -98.50 -98.06 -97.78 -97.84 -97.91 -97.97 -98.03 -98.12 -98.22 -98.25 -98.28 -98.28 -98.25 -98.22 -98.16 -98.12 -98.06 -98.03 -98.00 -97.94 -97.88 -97.84 -97.81 -97.78 -97.75 -97.69 -97.59 -97.50 -97.38 -97.25 -97.16 -97.06 -96.94 -96.81 -96.72 -96.62 -96.56 -96.53 -96.53 -96.56 -96.62
-113.16 -112.88 -112.66 -112.44 -112.16 -111.78 -111.38 -111.06 -110.88 -110.62 -110.22 -109.66 -109.00 -108.53 -108.25 -107.88 -107.41 -106.81 -106.06 -105.28 -104.44 -103.62 -102.88 -102.12 -101.41 -100.62 -99.88 -99.19 -98.59 -98.16 -97.94 -98.09 -98.16 -98.16 -98.19 -98.22 -98.28 -98.38 -98.41 -98.44 -98.44 -98.41 -98.34 -98.28 -98.22 -98.16 -98.09 -98.03 -97.97 -97.91 -97.84 -97.81 -97.78 -97.72 -97.66 -97.53 -97.44 -97.31 -97.16 -97.03 -96.91 -96.81 -96.72 -96.62 -96.53 -96.50 -96.47 -96.47 -96.50 -96.56
-112.72 -112.41 -112.19 -112.00 -111.75 -111.41 -111.00 -110.62 -110.38 -110.12 -109.78 -109.28 -108.69 -108.06 -107.59 -107.25 -106.88 -106.41 -105.81 -105.09 -104.34 -103.56 -102.78 -102.06 -101.44 -100.72 -99.88 -99.09 -98.44 -98.06 -98.22 -98.38 -98.41 -98.41 -98.41 -98.44 -98.50 -98.56 -98.59 -98.59 -98.56 -98.53 -98.47 -98.41 -98.31 -98.22 -98.12 -98.06 -97.97 -97.91 -97.88 -97.84 -97.78 -97.72 -97.62 -97.50 -97.38 -97.25 -97.09 -96.94 -96.81 -96.72 -96.62 -96.56 -96.53 -96.53 -96.53 -96.53 -96.53 -96.53
-112.22 -111.88 -111.66 -111.50 -111.28 -110.97 -110.59 -110.22 -109.88 -109.59 -109.31 -108.91 -108.41 -107.81 -107.22 -106.69 -106.28 -105.84 -105.31 -104.72 -104.03 -103.31 -102.62 -101.94 -101.38 -100.69 -99.81 -99.00 -98.34 -98.22 -98.56 -98.66 -98.69 -98.69 -98.69 -98.69 -98.72 -98.75 -98.75 -98.72 -98.69 -98.66 -98.59 -98.47 -98.38 -98.25 -98.16 -98.06 -97.97 -97.91 -97.88 -97.84 -97.78 -97.69 -97.59 -97.47 -97.34 -97.19 -97.03 -96.88 -96.75 -96.62 -96.59 -96.59 -96.62 -96.62 -96.62 -96.62 -96.62 -96.62
-111.75 -111.34 -111.09 -110.94 -110.75 -110.50 -110.16 -109.78 -109.44 -109.09 -108.81 -108.47 -108.03 -107.50 -106.94 -106.31 -105.72 -105.22 -104.75 -104.25 -103.66 -103.03 -102.38 -101.78 -101.19 -100.41 -99.56 -98.81 -98.34 -98.59 -98.91 -98.97 -99.00 -98.97 -98.94 -98.94 -98.94 -98.94 -98.91 -98.88 -98.81 -98.72 -98.62 -98.50 -98.38 -98.28 -98.16 -98.06 -98.00 -97.94 -97.88 -97.84 -97.75 -97.66 -97.56 -97.44 -97.31 -97.16 -97.00 -96.84 -96.72 -96.62 -96.66 -96.69 -96.72 -96.75 -96.75 -96.75 -96.75 -96.72
-111.12 -110.75 -110.47 -110.31 -110.16 -109.94 -109.66 -109.31 -108.91 -108.56 -108.25 -107.94 -107.59 -107.12 -106.59 -106.00 -105.38 -104.75 -104.16 -103.66 -103.19 -102.62 -102.06 -101.44 -100.78 -100.03 -99.31 -98.72 -98.62 -99.09 -99.31 -99.38 -99.34 -99.28 -99.25 -99.22 -99.19 -99.12 -99.06 -98.97 -98.88 -98.75 -98.66 -98.50 -98.38 -98.25 -98.16 -98.06 -98.00 -97.94 -97.91 -97.84 -97.75 -97.66 -97.53 -97.41 -97.25 -97.09 -96.97 -96.84 -96.72 -96.72 -96.75 -96.81 -96.84 -96.88 -96.91 -96.91 -96.91 -96.88
-110.19 -109.91 -109.72 -109.66 -109.56 -109.38 -109.12 -108.81 -108.41 -108.03 -107.72 -107.41 -107.06 -106.66 -106.19 -105.66 -105.06 -104.47 -103.81 -103.25 -102.69 -102.19 -101.62 -101.03 -100.44 -99.84 -99.28 -98.94 -99.09 -99.56 -99.75 -99.78 -99.72 -99.62 -99.53 -99.47 -99.41 -99.31 -99.16 -99.03 -98.91 -98.78 -98.62 -98.50 -98.34 -98.22 -98.09 -98.03 -97.97 -97.94 -97.88 -97.81 -97.72 -97.62 -97.50 -97.34 -97.22 -97.09 -96.97 -96.84 -96.81 -96.84 -96.91 -96.94 -97.00 -97.03 -97.03 -97.06 -97.06 -97.00
-109.31 -109.06 -108.91 -108.88 -108.94 -108.84 -108.62 -108.31 -107.97 -107.50 -107.16 -106.88 -106.56 -106.16 -105.72 -105.22 -104.72 -104.19 -103.59 -103.09 -102.59 -102.00 -101.41 -100.84 -100.38 -100.00 -99.69 -99.47 -99.69 -100.09 -100.22 -100.22 -100.12 -99.97 -99.84 -99.75 -99.62 -99.44 -99.25 -99.09 -98.94 -98.78 -98.62 -98.44 -98.28 -98.12 -98.03 -97.94 -97.91 -97.88 -97.84 -97.78 -97.69 -97.59 -97.47 -97.34 -97.22 -97.09 -96.97 -96.91 -96.97 -97.00 -97.06 -97.09 -97.12 -97.19 -97.19 -97.22 -97.22 -97.16
-108.62 -108.44 -108.31 -108.25 -108.31 -108.31 -108.16 -107.91 -107.56 -107.12 -106.69 -106.38 -106.06 -105.69 -105.25 -104.78 -104.31 -103.84 -103.38 -102.91 -102.50 -101.91 -101.28 -100.81 -100.72 -100.62 -100.38 -100.19 -100.38 -100.62 -100.72 -100.66 -100.50 -100.34 -100.16 -100.00 -99.81 -99.56 -99.34 -99.12 -98.94 -98.78 -98.59 -98.41 -98.22 -98.06 -97.94 -97.84 -97.78 -97.75 -97.75 -97.72 -97.66 -97.56 -97.47 -97.34 -97.22 -97.09 -97.00 -97.03 -97.09 -97.19 -97.25 -97.28 -97.31 -97.34 -97.38 -97.38 -97.38 -97.31
-108.44 -108.31 -108.22 -108.09 -108.03 -107.94 -107.78 -107.53 -107.22 -106.84 -106.44 -106.03 -105.66 -105.25 -104.78 -104.34 -103.91 -103.50 -103.09 -102.69 -102.28 -101.66 -101.12 -101.12 -101.28 -101.28 -101.19 -101.03 -101.03 -101.16 -101.19 -101.09 -100.91 -100.69 -100.47 -100.25 -100.00 -99.69 -99.44 -99.19 -98.97 -98.75 -98.56 -98.34 -98.16 -97.97 -97.84 -97.72 -97.69 -97.66 -97.66 -97.66 -97.62 -97.56 -97.47 -97.38 -97.25 -97.16 -97.09 -97.16 -97.25 -97.34 -97.41 -97.47 -97.50 -97.50 -97.53 -97.53 -97.53 -97.47
