everonasctiles/Tile[17,17].asc
ncols 128
nrows 128
xllcorner 0
yllcorner 0
cellsize 2.0
NODATA_value  -9999
[rows 0 to 33 of 128, columns 0 to 76 of 128]
63.59 63.25 63.00 62.72 62.44 62.16 61.81 61.44 61.19 60.84 60.22 59.69 59.59 59.47 59.34 59.22 59.09 58.88 58.34 58.06 58.00 57.94 57.84 57.78 57.72 57.69 57.62 57.59 57.50 57.44 57.38 57.31 57.22 57.19 56.94 56.91 56.69 56.53 56.31 55.47 54.34 53.91 53.88 54.00 54.84 56.16 56.50 56.75 57.00 57.28 57.56 57.81 58.03 58.22 58.38 58.47 58.53 58.56 58.66 58.72 58.75 58.81 58.91 59.00 59.09 59.19 59.31 59.38 59.59 59.66 59.88 59.97 60.12 60.25 60.41 60.59 60.75
63.53 63.25 62.88 62.56 62.28 61.94 61.56 61.41 60.97 60.41 60.09 59.91 59.72 59.59 59.47 59.34 59.19 58.66 58.28 58.16 58.06 57.97 57.91 57.84 57.75 57.69 57.62 57.62 57.53 57.47 57.38 57.28 57.16 57.03 56.94 56.72 56.62 56.44 56.28 56.00 54.72 53.97 53.94 53.94 54.47 55.75 56.38 56.62 56.88 57.19 57.44 57.66 57.91 58.12 58.31 58.41 58.50 58.56 58.66 58.72 58.81 58.88 58.94 59.00 59.12 59.19 59.31 59.44 59.53 59.72 59.75 59.94 60.06 60.25 60.41 60.53 60.72
63.69 63.31 63.00 62.66 62.34 61.97 61.59 61.19 60.81 60.59 60.31 60.06 59.84 59.72 59.62 59.44 59.00 58.59 58.44 58.22 58.16 58.03 57.94 57.88 57.78 57.72 57.66 57.59 57.56 57.50 57.34 57.31 57.19 57.03 56.81 56.75 56.50 56.41 56.19 56.09 55.00 54.19 53.97 53.97 54.25 55.28 56.25 56.47 56.69 56.97 57.22 57.47 57.72 57.94 58.12 58.31 58.44 58.56 58.62 58.69 58.78 58.88 59.03 59.09 59.19 59.28 59.31 59.47 59.59 59.66 59.81 59.97 60.09 60.19 60.38 60.53 60.53
63.66 63.31 62.88 62.69 62.34 62.09 61.75 61.44 61.09 60.75 60.47 60.22 60.00 59.88 59.72 59.38 58.88 58.72 58.50 58.31 58.28 58.09 58.06 57.97 57.84 57.78 57.69 57.62 57.56 57.47 57.41 57.31 57.19 57.06 56.91 56.62 56.47 56.31 56.12 55.78 55.38 54.44 54.00 54.03 54.12 54.84 56.03 56.28 56.50 56.72 56.94 57.16 57.41 57.69 57.94 58.12 58.31 58.44 58.56 58.66 58.78 58.91 59.06 59.19 59.25 59.34 59.47 59.47 59.59 59.69 59.78 59.91 60.00 60.19 60.28 60.34 60.59
63.78 63.50 63.25 62.94 62.56 62.22 61.88 61.53 61.22 60.88 60.62 60.34 60.16 59.94 59.62 59.22 59.03 59.00 58.69 58.53 58.44 58.25 58.19 58.03 57.97 57.91 57.78 57.69 57.59 57.53 57.44 57.34 57.19 56.97 56.81 56.72 56.47 56.31 56.12 56.03 55.62 54.72 54.09 54.06 54.09 54.53 55.62 56.06 56.25 56.41 56.62 56.84 57.12 57.41 57.69 57.91 58.16 58.31 58.47 58.66 58.81 58.97 59.12 59.22 59.31 59.38 59.47 59.53 59.62 59.72 59.81 59.91 60.06 60.03 60.16 60.28 60.47
64.12 63.75 63.41 63.06 62.72 62.34 62.00 61.66 61.31 60.97 60.75 60.50 60.22 59.97 59.53 59.38 59.34 59.09 58.84 58.75 58.59 58.44 58.34 58.22 58.12 57.97 57.88 57.78 57.66 57.59 57.50 57.34 57.25 57.06 56.84 56.66 56.56 56.38 56.25 56.03 55.91 54.97 54.28 54.12 54.12 54.38 55.16 55.88 56.03 56.19 56.41 56.56 56.81 57.12 57.41 57.72 57.97 58.22 58.44 58.66 58.84 59.00 59.16 59.28 59.34 59.38 59.44 59.53 59.59 59.69 59.75 59.88 59.91 60.03 60.22 60.34 60.53
64.28 63.91 63.56 63.19 62.84 62.50 62.12 61.78 61.44 61.12 60.94 60.75 60.34 60.00 59.88 59.69 59.41 59.25 59.09 58.88 58.75 58.66 58.50 58.38 58.25 58.09 57.97 57.88 57.75 57.66 57.53 57.38 57.25 57.09 56.97 56.81 56.62 56.47 56.25 56.09 55.75 55.28 54.50 54.16 54.19 54.28 54.84 55.66 55.81 55.97 56.16 56.38 56.59 56.88 57.16 57.47 57.84 58.12 58.38 58.62 58.91 59.06 59.22 59.31 59.38 59.41 59.44 59.47 59.53 59.66 59.72 59.75 59.97 60.09 60.19 60.34 60.47
64.41 64.06 63.69 63.34 62.97 62.62 62.28 61.94 61.62 61.41 61.12 60.78 60.53 60.38 60.06 59.84 59.62 59.44 59.31 59.06 59.00 58.84 58.69 58.59 58.41 58.25 58.09 57.97 57.81 57.72 57.56 57.50 57.41 57.22 57.03 56.88 56.69 56.47 56.28 56.06 55.94 55.56 54.72 54.25 54.22 54.25 54.66 55.38 55.69 55.81 56.03 56.19 56.44 56.69 57.03 57.41 57.75 58.09 58.41 58.69 58.94 59.12 59.25 59.31 59.38 59.41 59.41 59.44 59.47 59.53 59.56 59.75 59.91 60.00 60.12 60.28 60.44
64.56 64.22 63.84 63.50 63.12 62.78 62.47 62.12 61.75 61.47 61.19 60.97 60.69 60.44 60.25 60.00 59.84 59.66 59.47 59.28 59.22 59.00 58.91 58.75 58.56 58.38 58.16 58.00 57.94 57.81 57.78 57.62 57.44 57.22 57.09 56.88 56.72 56.53 56.34 56.16 55.94 55.69 54.94 54.38 54.28 54.28 54.53 55.09 55.53 55.69 55.88 56.03 56.31 56.56 56.94 57.34 57.75 58.16 58.47 58.75 58.97 59.19 59.28 59.34 59.38 59.38 59.34 59.38 59.34 59.38 59.53 59.66 59.75 59.94 60.09 60.25 60.38
64.72 64.34 64.00 63.66 63.28 62.88 62.53 62.19 61.91 61.62 61.31 61.06 60.91 60.62 60.44 60.19 59.91 59.69 59.59 59.50 59.28 59.19 59.03 58.91 58.69 58.53 58.31 58.19 57.97 57.97 57.81 57.72 57.53 57.41 57.19 57.03 56.81 56.62 56.41 56.19 56.00 55.81 55.16 54.53 54.34 54.34 54.44 54.91 55.44 55.56 55.75 55.94 56.19 56.50 56.88 57.31 57.75 58.16 58.53 58.81 59.03 59.19 59.31 59.38 59.34 59.34 59.31 59.28 59.25 59.38 59.47 59.59 59.75 59.91 60.03 60.19 60.31
64.81 64.44 64.03 63.66 63.16 62.91 62.53 62.31 61.94 61.72 61.56 61.34 60.97 60.78 60.47 60.25 60.09 59.91 59.72 59.53 59.44 59.31 59.16 59.00 58.81 58.66 58.47 58.25 58.16 58.06 57.94 57.81 57.69 57.47 57.34 57.16 56.91 56.69 56.47 56.28 56.06 55.84 55.47 54.72 54.34 54.34 54.38 54.75 55.28 55.47 55.66 55.84 56.12 56.47 56.91 57.34 57.78 58.25 58.56 58.88 59.09 59.28 59.38 59.44 59.41 59.34 59.31 59.28 59.28 59.34 59.44 59.53 59.69 59.84 59.97 60.12 60.22
64.72 64.38 64.00 63.62 63.44 62.97 62.78 62.53 62.25 62.00 61.66 61.34 61.19 60.94 60.69 60.47 60.25 59.97 59.81 59.69 59.56 59.44 59.31 59.12 58.91 58.78 58.56 58.41 58.31 58.16 58.00 57.91 57.78 57.59 57.38 57.19 57.03 56.75 56.53 56.31 56.09 55.94 55.69 54.91 54.41 54.34 54.34 54.59 55.12 55.44 55.56 55.81 56.09 56.47 56.88 57.38 57.81 58.22 58.62 58.91 59.19 59.34 59.44 59.47 59.38 59.41 59.31 59.38 59.31 59.31 59.41 59.47 59.62 59.78 59.88 60.03 60.22
64.88 64.50 64.16 63.94 63.53 63.41 63.03 62.72 62.50 62.12 61.97 61.69 61.31 61.06 60.84 60.56 60.25 60.16 59.97 59.81 59.69 59.50 59.28 59.16 59.06 58.88 58.69 58.56 58.41 58.22 58.12 57.97 57.78 57.72 57.50 57.28 57.06 56.84 56.62 56.41 56.19 55.97 55.75 55.12 54.53 54.34 54.34 54.47 54.97 55.34 55.50 55.78 56.12 56.47 56.91 57.38 57.84 58.25 58.66 58.97 59.16 59.31 59.38 59.44 59.47 59.41 59.38 59.34 59.31 59.31 59.28 59.44 59.56 59.66 59.84 60.00 60.16
65.03 64.72 64.47 64.09 63.88 63.50 63.25 63.06 62.66 62.44 62.16 61.84 61.56 61.28 61.00 60.69 60.53 60.28 60.09 59.88 59.69 59.62 59.47 59.28 59.12 58.97 58.81 58.66 58.41 58.31 58.12 58.06 57.91 57.72 57.53 57.31 57.12 56.91 56.69 56.44 56.19 56.03 55.69 55.28 54.66 54.31 54.31 54.38 54.78 55.28 55.47 55.75 56.06 56.44 56.88 57.34 57.75 58.19 58.59 58.88 59.09 59.22 59.31 59.38 59.41 59.41 59.38 59.28 59.28 59.25 59.31 59.38 59.50 59.66 59.81 59.94 60.09
65.28 65.00 64.59 64.38 64.03 63.81 63.59 63.25 63.03 62.78 62.44 62.12 61.81 61.50 61.19 60.94 60.66 60.47 60.25 60.00 59.88 59.66 59.50 59.38 59.16 59.06 58.81 58.62 58.47 58.28 58.25 58.09 57.94 57.75 57.50 57.31 57.12 56.88 56.59 56.41 56.28 56.00 55.78 55.66 54.84 54.38 54.31 54.31 54.62 55.12 55.47 55.72 56.03 56.41 56.84 57.25 57.66 58.06 58.41 58.72 58.94 59.09 59.19 59.28 59.31 59.31 59.31 59.31 59.28 59.28 59.28 59.31 59.47 59.59 59.72 59.88 60.06
65.53 65.12 64.91 64.56 64.34 64.09 63.75 63.59 63.38 63.09 62.72 62.44 62.09 61.72 61.41 61.12 60.88 60.62 60.34 60.19 59.97 59.88 59.62 59.38 59.19 58.97 58.84 58.66 58.53 58.44 58.28 58.12 57.94 57.72 57.53 57.34 57.12 56.91 56.81 56.56 56.28 56.16 56.00 55.78 55.03 54.47 54.31 54.31 54.44 54.94 55.44 55.69 56.00 56.34 56.75 57.16 57.56 57.91 58.31 58.56 58.75 58.91 59.03 59.12 59.19 59.22 59.25 59.28 59.25 59.19 59.28 59.31 59.44 59.56 59.69 59.84 60.00
65.75 65.47 65.09 64.88 64.62 64.31 64.06 63.94 63.66 63.38 63.06 62.72 62.31 61.91 61.66 61.34 61.06 60.72 60.56 60.38 60.16 59.84 59.69 59.56 59.38 59.16 58.94 58.81 58.62 58.44 58.28 58.16 57.97 57.84 57.66 57.44 57.28 57.12 56.94 56.66 56.50 56.34 56.12 55.97 55.38 54.62 54.28 54.28 54.34 54.75 55.34 55.66 55.97 56.34 56.69 57.03 57.44 57.88 58.16 58.41 58.59 58.72 58.84 58.97 59.03 59.09 59.16 59.19 59.22 59.22 59.25 59.34 59.34 59.47 59.69 59.78 59.88
66.09 65.75 65.50 65.19 64.91 64.62 64.38 64.19 63.94 63.66 63.31 62.94 62.62 62.28 61.88 61.59 61.19 61.03 60.75 60.47 60.25 60.12 59.94 59.69 59.47 59.25 59.06 58.81 58.62 58.47 58.34 58.19 58.03 57.91 57.72 57.50 57.25 57.12 57.03 56.94 56.81 56.59 56.34 56.06 55.81 54.84 54.34 54.28 54.28 54.56 55.16 55.59 55.97 56.28 56.72 57.03 57.44 57.78 58.03 58.22 58.41 58.56 58.69 58.81 58.91 58.97 59.03 59.16 59.09 59.16 59.25 59.22 59.41 59.44 59.56 59.69 59.91
66.34 66.12 65.78 65.47 65.19 64.91 64.66 64.47 64.12 63.88 63.53 63.25 62.84 62.44 62.12 61.69 61.44 61.16 60.94 60.66 60.50 60.31 60.06 59.81 59.59 59.41 59.19 58.94 58.78 58.56 58.41 58.25 58.09 57.94 57.72 57.59 57.47 57.44 57.34 57.25 57.06 56.91 56.69 56.38 56.09 55.19 54.47 54.28 54.28 54.41 54.97 55.66 56.06 56.38 56.72 57.06 57.31 57.66 57.88 58.09 58.28 58.41 58.53 58.66 58.75 58.84 58.97 59.00 59.12 59.19 59.16 59.28 59.38 59.53 59.66 59.81 60.00
66.75 66.34 66.03 65.78 65.47 65.22 64.94 64.59 64.38 64.06 63.75 63.44 63.09 62.66 62.28 61.94 61.66 61.47 61.09 60.91 60.69 60.44 60.22 59.97 59.75 59.53 59.28 59.09 58.81 58.66 58.47 58.38 58.19 58.00 57.91 57.81 57.75 57.69 57.69 57.59 57.50 57.28 57.06 56.72 56.41 55.78 54.69 54.28 54.25 54.28 54.78 55.62 56.00 56.38 56.72 57.06 57.34 57.56 57.78 57.97 58.16 58.28 58.44 58.53 58.66 58.75 58.88 59.03 59.09 59.06 59.22 59.28 59.38 59.47 59.62 59.78 59.91
66.97 66.69 66.38 66.06 65.75 65.41 65.12 64.88 64.53 64.25 63.94 63.59 63.19 62.84 62.56 62.22 61.97 61.53 61.41 61.12 60.88 60.66 60.41 60.22 59.97 59.66 59.41 59.16 58.97 58.75 58.59 58.38 58.28 58.16 58.09 58.00 57.97 58.03 58.06 58.03 57.94 57.78 57.53 57.16 56.81 56.34 55.00 54.34 54.25 54.25 54.56 55.41 56.12 56.47 56.78 57.03 57.28 57.50 57.69 57.88 58.03 58.19 58.31 58.44 58.56 58.69 58.84 58.97 58.97 59.16 59.19 59.31 59.41 59.50 59.59 59.75 59.88
67.28 66.94 66.62 66.34 65.97 65.69 65.38 65.09 64.75 64.44 64.09 63.72 63.38 63.12 62.81 62.47 62.12 61.84 61.56 61.34 61.03 60.91 60.62 60.41 60.09 59.84 59.62 59.34 59.09 58.97 58.75 58.62 58.47 58.31 58.22 58.19 58.25 58.38 58.47 58.50 58.47 58.28 58.00 57.66 57.22 56.72 55.53 54.53 54.25 54.25 54.38 55.12 56.09 56.53 56.84 57.09 57.28 57.47 57.66 57.81 57.94 58.09 58.25 58.38 58.47 58.59 58.75 58.84 59.03 59.09 59.25 59.31 59.41 59.50 59.62 59.72 59.81
67.50 67.19 66.91 66.50 66.22 65.94 65.62 65.31 64.91 64.56 64.25 63.94 63.66 63.31 62.97 62.69 62.41 62.12 61.84 61.50 61.34 61.09 60.84 60.62 60.34 60.03 59.78 59.50 59.31 59.12 58.94 58.78 58.59 58.47 58.38 58.44 58.56 58.72 58.84 58.97 58.91 58.75 58.47 58.12 57.62 57.09 56.28 54.84 54.28 54.25 54.25 54.78 55.91 56.69 57.06 57.22 57.34 57.47 57.59 57.72 57.88 58.03 58.16 58.28 58.38 58.50 58.62 58.84 59.00 59.16 59.25 59.34 59.47 59.56 59.59 59.72 59.88
67.75 67.44 67.06 66.81 66.44 66.16 65.84 65.47 65.12 64.81 64.47 64.12 63.75 63.50 63.22 62.94 62.66 62.28 62.00 61.75 61.50 61.31 61.06 60.81 60.50 60.25 59.94 59.72 59.50 59.31 59.12 58.97 58.78 58.66 58.59 58.69 58.88 59.06 59.28 59.34 59.31 59.12 58.88 58.50 58.12 57.56 56.94 55.38 54.44 54.25 54.25 54.50 55.59 56.84 57.19 57.31 57.34 57.44 57.53 57.66 57.81 57.94 58.09 58.22 58.34 58.38 58.59 58.81 58.94 59.12 59.19 59.34 59.44 59.47 59.62 59.72 59.84
67.88 67.62 67.34 67.00 66.75 66.34 66.00 65.66 65.41 65.03 64.66 64.34 64.03 63.72 63.44 63.16 62.72 62.50 62.25 61.94 61.72 61.47 61.25 60.91 60.69 60.44 60.19 59.97 59.75 59.56 59.34 59.19 59.00 58.84 58.81 58.94 59.12 59.38 59.56 59.66 59.62 59.50 59.25 58.94 58.50 57.97 57.28 56.19 54.75 54.28 54.28 54.31 55.19 56.81 57.34 57.34 57.34 57.41 57.50 57.62 57.75 57.88 58.03 58.16 58.28 58.44 58.59 58.72 58.94 59.06 59.22 59.31 59.38 59.50 59.59 59.69 59.81
68.09 67.84 67.56 67.25 66.88 66.59 66.28 65.94 65.56 65.25 64.94 64.62 64.28 63.97 63.62 63.25 63.06 62.75 62.44 62.16 61.91 61.66 61.38 61.19 60.91 60.66 60.41 60.16 60.00 59.78 59.59 59.38 59.16 59.00 58.97 59.09 59.34 59.59 59.84 59.94 59.91 59.75 59.56 59.25 58.88 58.31 57.69 57.09 55.41 54.41 54.28 54.28 54.75 56.31 57.31 57.28 57.31 57.38 57.47 57.56 57.69 57.81 57.94 58.06 58.22 58.38 58.50 58.69 58.84 59.03 59.16 59.25 59.34 59.47 59.59 59.66 59.78
68.31 68.03 67.72 67.41 67.16 66.84 66.47 66.16 65.81 65.50 65.19 64.88 64.53 64.19 63.81 63.56 63.22 62.91 62.62 62.34 62.09 61.81 61.59 61.34 61.09 60.81 60.62 60.44 60.25 60.03 59.81 59.59 59.34 59.09 59.06 59.25 59.47 59.72 60.00 60.16 60.09 60.00 59.78 59.56 59.12 58.59 57.97 57.50 56.66 55.03 54.28 54.31 54.41 55.53 57.00 57.22 57.25 57.31 57.41 57.53 57.62 57.75 57.88 57.97 58.09 58.25 58.41 58.56 58.75 58.91 59.06 59.22 59.31 59.41 59.50 59.62 59.75
68.53 68.25 67.94 67.66 67.34 66.97 66.69 66.38 66.09 65.75 65.44 65.03 64.78 64.44 64.09 63.78 63.50 63.16 62.84 62.56 62.25 62.00 61.75 61.50 61.25 61.03 60.88 60.72 60.56 60.38 60.16 59.88 59.56 59.22 59.12 59.34 59.50 59.81 60.03 60.25 60.28 60.16 59.94 59.62 59.25 58.69 58.09 57.53 56.69 55.03 54.34 54.28 54.31 54.91 56.38 57.12 57.19 57.25 57.34 57.47 57.56 57.69 57.78 57.88 58.00 58.12 58.28 58.41 58.62 58.75 58.94 59.09 59.22 59.34 59.44 59.56 59.66
68.66 68.41 68.09 67.84 67.50 67.28 66.94 66.66 66.34 66.00 65.66 65.34 65.00 64.66 64.38 64.03 63.72 63.41 63.06 62.72 62.50 62.22 61.94 61.66 61.44 61.28 61.12 61.03 60.91 60.69 60.50 60.19 59.81 59.44 59.28 59.31 59.53 59.75 60.03 60.22 60.22 60.09 59.88 59.56 59.16 58.66 58.03 57.34 56.59 55.34 54.53 54.28 54.28 54.50 55.72 56.97 57.09 57.16 57.25 57.38 57.50 57.59 57.69 57.78 57.88 57.97 58.09 58.28 58.41 58.62 58.78 58.94 59.09 59.25 59.34 59.44 59.59
68.88 68.62 68.34 68.03 67.75 67.47 67.22 66.88 66.53 66.25 65.94 65.62 65.31 64.97 64.62 64.31 63.97 63.62 63.31 63.00 62.69 62.41 62.12 61.88 61.66 61.47 61.34 61.25 61.09 60.94 60.75 60.50 60.12 59.78 59.50 59.38 59.53 59.72 59.91 60.03 60.03 59.91 59.66 59.34 58.97 58.47 57.91 57.28 56.59 55.78 54.78 54.34 54.25 54.34 55.06 56.53 56.97 57.06 57.16 57.28 57.38 57.50 57.59 57.69 57.78 57.84 57.97 58.12 58.28 58.47 58.66 58.81 58.97 59.12 59.25 59.38 59.53
69.06 68.78 68.56 68.25 67.97 67.75 67.41 67.12 66.84 66.50 66.22 65.91 65.59 65.25 64.91 64.59 64.25 63.91 63.59 63.25 62.97 62.66 62.38 62.09 61.88 61.69 61.53 61.38 61.25 61.12 60.97 60.75 60.50 60.16 59.84 59.69 59.59 59.66 59.75 59.81 59.81 59.69 59.47 59.16 58.78 58.34 57.81 57.25 56.62 56.03 55.16 54.50 54.25 54.34 54.62 55.84 56.88 56.94 57.03 57.16 57.28 57.38 57.50 57.59 57.66 57.75 57.84 58.00 58.19 58.34 58.53 58.72 58.88 59.03 59.16 59.31 59.47
69.22 69.00 68.75 68.47 68.25 67.94 67.66 67.34 67.09 66.78 66.50 66.19 65.88 65.53 65.19 64.88 64.53 64.22 63.88 63.56 63.25 62.94 62.62 62.34 62.12 61.91 61.72 61.53 61.41 61.28 61.16 61.03 60.88 60.62 60.28 60.00 59.81 59.72 59.66 59.66 59.62 59.50 59.28 59.00 58.66 58.22 57.75 57.25 56.72 56.19 55.53 54.75 54.31 54.28 54.41 55.19 56.50 56.78 56.91 57.03 57.12 57.25 57.38 57.47 57.56 57.66 57.78 57.91 58.09 58.25 58.44 58.62 58.81 58.97 59.12 59.28 59.41
69.41 69.19 68.91 68.69 68.44 68.19 67.88 67.62 67.31 67.06 66.78 66.47 66.12 65.81 65.50 65.19 64.88 64.53 64.19 63.88 63.53 63.22 62.91 62.62 62.34 62.12 61.91 61.72 61.56 61.47 61.38 61.28 61.19 61.00 60.72 60.41 60.16 59.88 59.66 59.56 59.50 59.38 59.16 58.91 58.56 58.19 57.75 57.28 56.81 56.34 55.88 55.09 54.50 54.25 54.38 54.72 55.84 56.62 56.75 56.88 57.00 57.09 57.22 57.31 57.44 57.53 57.69 57.84 58.00 58.19 58.38 58.56 58.75 58.91 59.06 59.22 59.34
69.62 69.34 69.16 68.91 68.62 68.41 68.16 67.88 67.62 67.34 67.03 66.75 66.47 66.12 65.78 65.50 65.19 64.84 64.53 64.19 63.84 63.50 63.19 62.88 62.59 62.34 62.09 61.91 61.75 61.66 61.56 61.50 61.44 61.34 61.09 60.81 60.50 60.16 59.88 59.66 59.47 59.31 59.09 58.84 58.53 58.16 57.78 57.34 56.91 56.47 56.06 55.47 54.72 54.41 54.28 54.47 55.22 56.34 56.59 56.72 56.84 56.94 57.06 57.19 57.31 57.44 57.59 57.75 57.91 58.09 58.28 58.47 58.66 58.84 59.00 59.16 59.28
