everonasctiles/Tile[29,44].asc
ncols 128
nrows 128
xllcorner 0
yllcorner 0
cellsize 2.0
NODATA_value  -9999
[rows 96 to 127 of 128, columns 0 to 71 of 128]
-17.12 -16.97 -16.88 -16.72 -16.66 -16.56 -16.50 -16.41 -16.34 -16.25 -16.16 -16.06 -15.97 -15.91 -15.81 -15.75 -15.66 -15.59 -15.53 -15.44 -15.38 -15.28 -15.19 -15.09 -15.00 -14.91 -14.81 -14.72 -14.62 -14.53 -14.47 -14.38 -14.31 -14.19 -14.09 -14.00 -13.94 -13.91 -13.84 -13.78 -13.72 -13.66 -13.56 -13.47 -13.38 -13.31 -13.22 -13.16 -13.06 -12.97 -12.88 -12.78 -12.69 -12.59 -12.50 -12.41 -12.28 -12.19 -12.06 -11.94 -11.84 -11.75 -11.66 -11.59 -11.56 -11.50 -11.47 -11.44 -11.41 -11.38 -11.41 -11.44
-17.03 -16.91 -16.78 -16.53 -16.53 -16.53 -16.44 -16.41 -16.31 -16.25 -16.19 -16.06 -15.97 -15.88 -15.81 -15.72 -15.69 -15.66 -15.59 -15.50 -15.44 -15.34 -15.25 -15.16 -15.06 -14.97 -14.91 -14.81 -14.72 -14.62 -14.56 -14.47 -14.38 -14.28 -14.19 -14.12 -14.06 -14.03 -13.97 -13.91 -13.84 -13.75 -13.69 -13.59 -13.50 -13.41 -13.34 -13.25 -13.16 -13.06 -12.94 -12.88 -12.78 -12.66 -12.56 -12.44 -12.31 -12.19 -12.06 -11.97 -11.88 -11.78 -11.72 -11.66 -11.56 -11.50 -11.44 -11.41 -11.38 -11.38 -11.41 -11.44
-17.03 -16.91 -16.78 -16.62 -16.56 -16.56 -16.44 -16.41 -16.31 -16.25 -16.19 -16.09 -16.00 -15.91 -15.72 -15.78 -15.78 -15.75 -15.66 -15.59 -15.50 -15.44 -15.34 -15.25 -15.16 -15.06 -14.97 -14.88 -14.81 -14.72 -14.66 -14.56 -14.47 -14.41 -14.31 -14.25 -14.19 -14.16 -14.09 -14.03 -13.94 -13.88 -13.78 -13.72 -13.62 -13.53 -13.44 -13.34 -13.25 -13.16 -13.06 -12.97 -12.84 -12.72 -12.56 -12.44 -12.34 -12.22 -12.12 -12.03 -11.94 -11.84 -11.75 -11.66 -11.59 -11.50 -11.41 -11.38 -11.38 -11.34 -11.38 -11.41
-16.97 -16.84 -16.72 -16.62 -16.50 -16.47 -16.44 -16.47 -16.31 -16.16 -16.06 -16.12 -16.12 -15.94 -15.88 -15.91 -15.88 -15.81 -15.72 -15.69 -15.62 -15.56 -15.41 -15.31 -15.22 -15.16 -15.06 -14.97 -14.91 -14.81 -14.75 -14.66 -14.59 -14.50 -14.44 -14.41 -14.31 -14.28 -14.22 -14.16 -14.09 -14.00 -13.91 -13.84 -13.75 -13.66 -13.56 -13.47 -13.38 -13.28 -13.16 -13.06 -12.91 -12.75 -12.62 -12.56 -12.41 -12.34 -12.22 -12.12 -12.00 -11.88 -11.78 -11.72 -11.62 -11.53 -11.47 -11.41 -11.38 -11.34 -11.38 -11.38
-16.88 -16.81 -16.69 -16.62 -16.56 -16.50 -16.44 -16.38 -16.31 -16.22 -15.97 -15.97 -16.12 -16.00 -16.00 -16.00 -16.00 -15.91 -15.84 -15.75 -15.69 -15.59 -15.50 -15.41 -15.31 -15.22 -15.16 -15.06 -15.00 -14.91 -14.84 -14.75 -14.69 -14.66 -14.59 -14.53 -14.47 -14.41 -14.34 -14.28 -14.22 -14.16 -14.06 -14.00 -13.91 -13.81 -13.72 -13.62 -13.50 -13.41 -13.28 -13.16 -13.00 -12.88 -12.78 -12.66 -12.53 -12.41 -12.31 -12.19 -12.06 -11.94 -11.81 -11.75 -11.66 -11.56 -11.53 -11.44 -11.38 -11.28 -11.34 -11.41
-16.84 -16.66 -16.62 -16.66 -16.62 -16.53 -16.47 -16.41 -16.34 -16.28 -16.19 -16.28 -16.19 -16.12 -16.09 -16.06 -16.03 -16.06 -16.00 -15.91 -15.81 -15.69 -15.56 -15.50 -15.41 -15.31 -15.25 -15.16 -15.09 -15.00 -14.94 -14.88 -14.81 -14.78 -14.72 -14.66 -14.59 -14.53 -14.47 -14.44 -14.38 -14.28 -14.22 -14.12 -14.03 -13.97 -13.88 -13.75 -13.66 -13.53 -13.38 -13.25 -13.12 -13.03 -12.91 -12.78 -12.62 -12.53 -12.41 -12.28 -12.12 -12.03 -11.88 -11.78 -11.66 -11.59 -11.53 -11.50 -11.47 -11.41 -11.41 -11.47
-16.62 -16.66 -16.53 -16.62 -16.59 -16.53 -16.50 -16.38 -16.34 -16.34 -16.31 -16.28 -16.25 -16.22 -16.19 -16.16 -16.16 -16.19 -16.12 -16.09 -15.94 -15.78 -15.66 -15.56 -15.50 -15.41 -15.34 -15.25 -15.19 -15.12 -15.06 -15.00 -14.94 -14.91 -14.84 -14.78 -14.72 -14.69 -14.62 -14.56 -14.50 -14.44 -14.38 -14.28 -14.19 -14.12 -14.03 -13.88 -13.78 -13.66 -13.50 -13.41 -13.28 -13.16 -13.09 -12.91 -12.72 -12.59 -12.50 -12.38 -12.22 -12.12 -11.94 -11.84 -11.66 -11.56 -11.56 -11.50 -11.41 -11.44 -11.47 -11.50
-16.69 -16.75 -16.72 -16.66 -16.62 -16.59 -16.56 -16.50 -16.44 -16.41 -16.38 -16.34 -16.31 -16.28 -16.25 -16.19 -16.16 -16.12 -16.09 -16.00 -15.97 -15.84 -15.72 -15.66 -15.59 -15.50 -15.44 -15.34 -15.28 -15.22 -15.16 -15.09 -15.06 -15.00 -14.94 -14.91 -14.88 -14.81 -14.78 -14.72 -14.66 -14.59 -14.53 -14.44 -14.34 -14.25 -14.16 -14.06 -13.91 -13.81 -13.66 -13.53 -13.47 -13.34 -13.25 -13.03 -12.84 -12.72 -12.62 -12.47 -12.31 -12.16 -12.00 -12.00 -11.81 -11.59 -11.53 -11.50 -11.50 -11.50 -11.53 -11.53
-16.59 -16.72 -16.69 -16.59 -16.62 -16.66 -16.62 -16.56 -16.53 -16.50 -16.44 -16.41 -16.34 -16.31 -16.31 -16.25 -16.22 -16.19 -16.12 -16.06 -16.00 -15.91 -15.84 -15.75 -15.69 -15.59 -15.50 -15.44 -15.38 -15.31 -15.25 -15.22 -15.16 -15.12 -15.06 -15.03 -15.00 -14.97 -14.91 -14.88 -14.81 -14.75 -14.69 -14.62 -14.50 -14.44 -14.38 -14.22 -14.00 -13.91 -13.84 -13.78 -13.59 -13.47 -13.44 -13.22 -13.00 -12.88 -12.75 -12.59 -12.44 -12.28 -12.12 -12.03 -11.94 -11.72 -11.62 -11.53 -11.44 -11.47 -11.53 -11.56
-16.94 -16.94 -16.81 -16.81 -16.75 -16.72 -16.69 -16.66 -16.59 -16.56 -16.50 -16.47 -16.44 -16.41 -16.38 -16.34 -16.31 -16.25 -16.22 -16.16 -16.09 -16.00 -15.94 -15.88 -15.78 -15.69 -15.62 -15.56 -15.47 -15.41 -15.38 -15.31 -15.28 -15.22 -15.19 -15.16 -15.12 -15.09 -15.03 -15.00 -14.94 -14.88 -14.84 -14.78 -14.75 -14.69 -14.62 -14.28 -14.16 -14.12 -14.09 -13.97 -13.81 -13.69 -13.62 -13.38 -13.16 -13.03 -12.88 -12.66 -12.44 -12.31 -12.22 -12.06 -11.88 -11.72 -11.59 -11.53 -11.56 -11.56 -11.66 -11.75
-17.06 -17.00 -16.94 -16.88 -16.81 -16.78 -16.75 -16.72 -16.69 -16.62 -16.59 -16.56 -16.53 -16.50 -16.47 -16.44 -16.41 -16.34 -16.28 -16.22 -16.16 -16.09 -16.03 -15.97 -15.88 -15.81 -15.72 -15.66 -15.59 -15.53 -15.47 -15.41 -15.38 -15.34 -15.31 -15.28 -15.25 -15.22 -15.16 -15.12 -15.09 -15.03 -15.00 -14.94 -14.91 -14.81 -14.62 -14.44 -14.47 -14.41 -14.38 -14.19 -14.09 -13.91 -13.75 -13.56 -13.34 -13.12 -12.94 -12.72 -12.56 -12.38 -12.22 -12.16 -11.75 -11.59 -11.78 -11.69 -11.69 -11.69 -11.62 -11.81
-17.09 -17.00 -16.97 -16.91 -16.88 -16.88 -16.81 -16.78 -16.72 -16.69 -16.66 -16.62 -16.62 -16.59 -16.56 -16.50 -16.47 -16.44 -16.38 -16.34 -16.28 -16.22 -16.12 -16.06 -16.00 -15.91 -15.84 -15.75 -15.69 -15.62 -15.59 -15.53 -15.47 -15.44 -15.41 -15.38 -15.38 -15.31 -15.28 -15.25 -15.25 -15.22 -15.16 -15.06 -15.03 -15.09 -14.81 -14.84 -14.94 -14.62 -14.47 -14.31 -14.22 -14.09 -13.84 -13.56 -13.38 -13.19 -13.03 -12.88 -12.78 -12.59 -12.09 -11.88 -11.50 -11.84 -12.03 -12.12 -12.09 -11.91 -11.78 -11.91
-17.19 -17.16 -17.06 -17.00 -17.00 -16.91 -16.88 -16.81 -16.78 -16.78 -16.78 -16.72 -16.69 -16.69 -16.62 -16.59 -16.56 -16.50 -16.47 -16.44 -16.38 -16.31 -16.25 -16.19 -16.09 -16.03 -15.94 -15.88 -15.78 -15.75 -15.69 -15.62 -15.56 -15.53 -15.50 -15.47 -15.47 -15.44 -15.41 -15.41 -15.38 -15.34 -15.22 -15.22 -15.31 -15.62 -15.25 -15.12 -15.38 -14.84 -14.62 -14.47 -14.38 -14.25 -13.88 -13.59 -13.44 -13.28 -13.09 -13.09 -13.09 -12.62 -11.69 -11.97 -11.97 -12.09 -12.25 -12.34 -12.34 -12.19 -12.19 -12.22
-17.25 -17.22 -17.09 -17.12 -17.06 -16.94 -16.91 -16.88 -16.84 -16.84 -16.84 -16.81 -16.81 -16.78 -16.75 -16.69 -16.66 -16.59 -16.59 -16.53 -16.50 -16.44 -16.38 -16.31 -16.22 -16.12 -16.06 -15.97 -15.88 -15.81 -15.78 -15.72 -15.69 -15.62 -15.59 -15.59 -15.56 -15.56 -15.59 -15.50 -15.47 -15.38 -15.34 -15.50 -15.44 -15.41 -15.38 -15.22 -15.28 -15.03 -14.75 -14.59 -14.47 -14.31 -14.06 -13.78 -13.41 -13.25 -13.12 -13.16 -13.09 -12.84 -12.53 -12.28 -12.16 -12.41 -12.47 -12.56 -12.66 -12.62 -12.50 -12.34
-17.22 -17.19 -17.12 -17.19 -17.09 -17.06 -17.03 -16.94 -16.94 -16.91 -16.91 -16.91 -16.88 -16.88 -16.84 -16.78 -16.69 -16.72 -16.69 -16.69 -16.62 -16.56 -16.50 -16.44 -16.34 -16.25 -16.16 -16.06 -15.97 -15.91 -15.84 -15.81 -15.75 -15.72 -15.72 -15.69 -15.66 -15.66 -15.75 -15.69 -15.75 -15.50 -15.72 -15.53 -15.16 -15.28 -15.28 -15.56 -15.62 -15.00 -14.69 -14.62 -14.41 -14.34 -14.19 -14.06 -13.62 -13.34 -13.28 -13.19 -12.81 -12.72 -13.09 -12.44 -12.44 -12.72 -12.78 -13.00 -12.88 -12.94 -13.00 -13.03
-17.31 -17.25 -17.28 -17.25 -17.22 -17.16 -17.09 -17.03 -17.03 -16.94 -16.97 -17.00 -17.00 -17.00 -16.91 -16.91 -16.88 -16.84 -16.84 -16.81 -16.78 -16.72 -16.62 -16.56 -16.47 -16.38 -16.25 -16.16 -16.09 -16.00 -15.94 -15.88 -15.84 -15.81 -15.78 -15.75 -15.75 -15.72 -15.84 -15.75 -15.53 -15.44 -15.50 -15.50 -15.25 -15.31 -15.75 -15.56 -15.34 -15.06 -14.84 -14.53 -14.50 -14.28 -14.12 -14.12 -13.81 -13.56 -13.56 -13.62 -13.25 -13.28 -12.69 -12.78 -12.75 -13.00 -13.12 -13.12 -13.25 -13.22 -13.09 -13.12
-17.34 -17.28 -17.31 -17.28 -17.28 -17.25 -17.19 -17.12 -17.16 -17.09 -17.06 -17.09 -17.09 -17.12 -17.00 -17.06 -17.06 -17.00 -17.00 -16.94 -16.91 -16.88 -16.81 -16.69 -16.59 -16.50 -16.41 -16.31 -16.25 -16.12 -16.00 -16.00 -15.94 -15.81 -15.81 -15.88 -15.84 -15.88 -15.75 -15.66 -15.56 -16.16 -15.84 -15.72 -15.53 -15.22 -15.66 -15.59 -15.47 -15.09 -14.88 -14.44 -14.38 -14.25 -14.03 -13.97 -13.84 -13.75 -13.69 -13.06 -13.50 -13.53 -13.28 -13.62 -13.28 -13.25 -13.31 -13.34 -13.53 -13.41 -13.38 -13.38
-17.31 -17.31 -17.31 -17.31 -17.38 -17.41 -17.28 -17.22 -17.16 -17.12 -17.19 -17.22 -17.16 -17.16 -17.12 -17.16 -17.16 -17.16 -17.16 -17.16 -17.09 -17.03 -16.97 -16.84 -16.75 -16.62 -16.56 -16.41 -16.28 -16.12 -16.12 -16.16 -16.06 -15.91 -15.81 -15.84 -15.81 -15.91 -15.88 -15.66 -15.59 -15.84 -15.72 -15.62 -15.72 -15.16 -15.19 -15.44 -15.44 -15.12 -14.88 -14.53 -14.34 -14.09 -14.09 -13.94 -13.94 -13.47 -13.22 -12.75 -13.19 -13.66 -13.78 -13.38 -13.66 -13.81 -13.69 -13.69 -13.69 -13.72 -13.69 -13.19
-17.44 -17.38 -17.44 -17.41 -17.50 -17.56 -17.50 -17.28 -17.25 -17.31 -17.34 -17.34 -17.34 -17.31 -17.34 -17.38 -17.31 -17.34 -17.34 -17.31 -17.28 -17.19 -17.12 -17.00 -16.88 -16.81 -16.75 -16.56 -16.44 -16.41 -16.34 -16.22 -16.16 -16.12 -16.03 -15.94 -15.91 -16.09 -16.19 -16.06 -15.81 -15.16 -15.00 -15.25 -15.66 -15.31 -15.22 -14.94 -15.19 -15.00 -14.72 -14.31 -14.22 -14.03 -13.72 -13.59 -13.75 -14.00 -13.28 -13.25 -13.59 -14.06 -13.88 -13.69 -13.94 -14.16 -14.16 -14.09 -14.00 -13.97 -14.25 -13.81
-17.53 -17.50 -17.53 -17.50 -17.44 -17.47 -17.53 -17.41 -17.16 -17.31 -17.47 -17.47 -17.44 -17.41 -17.53 -17.53 -17.56 -17.56 -17.53 -17.50 -17.50 -17.44 -17.34 -17.19 -17.06 -16.97 -16.91 -16.75 -16.44 -16.66 -16.66 -16.31 -16.25 -16.19 -16.12 -16.00 -15.97 -16.03 -16.22 -16.31 -16.00 -15.44 -14.78 -15.06 -14.94 -14.81 -15.00 -14.94 -14.81 -14.72 -14.53 -14.25 -14.34 -14.19 -13.47 -13.34 -13.53 -13.75 -13.41 -13.66 -13.78 -14.06 -13.88 -14.28 -14.12 -14.12 -14.28 -14.41 -14.34 -14.41 -14.22 -14.06
-17.69 -17.66 -17.59 -17.59 -17.47 -17.47 -17.50 -17.59 -17.41 -17.44 -17.47 -17.44 -17.44 -17.53 -17.59 -17.62 -17.66 -17.75 -17.72 -17.72 -17.75 -17.59 -17.50 -17.41 -17.22 -17.09 -16.91 -16.88 -16.75 -16.75 -16.72 -16.44 -16.19 -16.34 -16.00 -15.97 -15.72 -16.38 -16.34 -16.00 -15.81 -15.84 -15.44 -15.19 -15.34 -15.22 -15.09 -14.31 -14.72 -14.91 -14.69 -14.44 -14.16 -13.62 -13.62 -13.94 -13.81 -13.75 -13.31 -13.66 -13.75 -13.81 -14.47 -14.47 -14.41 -14.31 -14.41 -14.56 -14.66 -14.06 -14.00 -14.41
-17.69 -17.66 -17.72 -17.72 -17.62 -17.47 -17.44 -17.62 -17.69 -17.56 -17.56 -17.59 -17.56 -17.62 -17.72 -17.78 -17.88 -17.91 -17.91 -17.97 -17.97 -17.88 -17.66 -17.56 -17.34 -17.09 -16.94 -16.81 -16.81 -16.75 -16.69 -16.50 -16.12 -16.22 -16.03 -16.12 -15.91 -16.28 -16.44 -16.09 -16.06 -15.97 -16.00 -16.09 -15.66 -14.88 -14.56 -14.84 -14.97 -15.00 -14.88 -14.81 -14.44 -14.09 -14.38 -14.44 -14.12 -14.19 -14.12 -14.16 -13.91 -13.78 -14.75 -14.47 -14.31 -14.44 -14.66 -14.75 -14.81 -14.53 -14.22 -14.31
-17.81 -17.75 -17.72 -17.72 -17.66 -17.50 -17.66 -18.03 -17.72 -17.38 -17.66 -17.72 -17.72 -17.81 -17.84 -18.00 -18.06 -18.16 -18.16 -18.16 -18.09 -18.00 -17.94 -17.75 -17.59 -17.19 -17.06 -16.91 -17.06 -16.91 -16.62 -16.41 -16.38 -16.41 -16.34 -16.06 -15.69 -15.69 -15.81 -16.25 -16.19 -15.50 -15.84 -16.09 -16.22 -15.56 -14.97 -14.91 -15.03 -14.97 -14.78 -14.78 -14.09 -14.81 -14.75 -14.25 -14.00 -13.75 -13.31 -13.81 -14.25 -14.03 -14.56 -14.56 -14.69 -14.84 -15.25 -15.06 -14.72 -14.38 -14.59 -14.53
-17.84 -17.78 -17.78 -17.56 -17.94 -17.94 -17.78 -17.62 -17.00 -17.41 -17.88 -17.91 -17.91 -17.97 -18.12 -18.31 -18.38 -18.28 -18.34 -18.41 -18.19 -18.28 -18.28 -18.00 -17.78 -17.44 -17.19 -16.91 -16.97 -17.09 -16.66 -16.72 -16.78 -16.59 -16.84 -16.84 -16.56 -15.91 -15.69 -16.00 -16.22 -15.91 -15.72 -15.66 -16.00 -15.84 -15.53 -15.56 -15.31 -15.22 -14.78 -14.38 -13.53 -14.12 -14.56 -14.12 -13.69 -13.38 -13.09 -13.22 -14.25 -14.69 -14.72 -14.44 -14.69 -14.91 -14.84 -15.06 -14.56 -14.59 -15.00 -14.53
-17.91 -17.97 -17.78 -17.56 -17.59 -17.66 -17.38 -17.47 -17.03 -17.44 -17.97 -18.00 -18.03 -18.28 -18.53 -18.53 -18.47 -18.34 -18.41 -18.53 -18.41 -18.50 -18.34 -18.16 -18.03 -17.94 -17.44 -17.12 -17.19 -16.91 -16.59 -16.88 -16.91 -16.88 -17.00 -16.56 -16.19 -16.25 -15.81 -16.12 -15.78 -15.75 -15.59 -15.59 -15.91 -15.75 -15.22 -15.28 -15.31 -15.50 -15.31 -15.50 -15.69 -14.69 -14.47 -14.09 -13.59 -13.44 -13.62 -13.75 -14.12 -14.84 -14.91 -14.59 -14.78 -15.25 -15.41 -15.12 -15.34 -15.28 -14.91 -14.84
-18.28 -18.19 -17.84 -17.78 -17.81 -17.84 -17.59 -17.97 -17.81 -17.94 -18.09 -18.06 -18.16 -18.44 -18.66 -18.88 -18.81 -18.62 -18.66 -18.81 -18.91 -18.72 -18.50 -18.47 -18.38 -18.06 -17.91 -17.19 -17.31 -17.12 -17.38 -17.16 -17.22 -17.38 -17.31 -17.12 -16.31 -16.16 -15.97 -16.38 -16.31 -15.66 -15.22 -15.16 -15.47 -15.66 -15.59 -15.12 -15.12 -15.31 -15.66 -15.41 -15.72 -15.47 -14.91 -14.75 -14.56 -13.91 -14.16 -14.59 -14.56 -14.84 -14.84 -14.94 -14.78 -14.91 -15.44 -15.53 -15.66 -15.78 -14.97 -14.84
-18.34 -18.16 -18.12 -18.19 -18.16 -17.94 -17.91 -17.88 -17.97 -18.25 -18.38 -18.28 -18.25 -18.56 -19.03 -18.94 -18.84 -18.88 -19.12 -19.09 -19.38 -18.66 -18.50 -18.50 -18.47 -18.31 -18.28 -17.78 -17.50 -17.38 -17.91 -17.69 -17.56 -17.59 -17.59 -17.19 -16.97 -16.97 -16.06 -16.12 -16.44 -15.91 -15.44 -15.44 -15.12 -15.41 -15.75 -15.28 -15.12 -15.28 -15.78 -15.66 -15.56 -15.50 -15.31 -15.12 -14.69 -14.66 -14.69 -14.91 -14.38 -14.41 -14.78 -14.84 -15.09 -15.19 -15.38 -15.44 -15.34 -15.59 -15.31 -15.03
-18.38 -18.47 -18.41 -17.78 -17.91 -17.78 -18.09 -18.09 -18.09 -18.09 -18.28 -18.44 -18.66 -18.91 -19.19 -19.25 -19.00 -19.06 -19.31 -19.41 -19.22 -18.66 -18.53 -18.47 -18.56 -18.56 -18.53 -18.03 -17.28 -17.38 -17.53 -17.69 -17.31 -17.28 -17.50 -17.09 -16.59 -16.69 -16.41 -16.38 -16.22 -15.78 -15.78 -15.88 -15.91 -15.59 -15.31 -14.97 -15.22 -15.38 -15.88 -15.78 -16.12 -16.41 -16.22 -16.09 -15.72 -15.78 -15.69 -14.78 -14.38 -14.28 -15.06 -15.25 -15.31 -15.19 -15.44 -15.25 -14.75 -14.91 -14.84 -14.34
-18.16 -18.34 -18.41 -18.09 -17.75 -17.78 -17.88 -17.75 -18.16 -18.38 -18.50 -18.50 -18.66 -19.16 -19.03 -19.38 -19.28 -19.38 -19.53 -19.59 -19.44 -19.16 -18.81 -18.62 -18.59 -18.84 -18.56 -18.28 -18.00 -17.44 -18.00 -18.09 -17.62 -17.62 -17.62 -17.34 -16.88 -16.75 -16.75 -16.56 -16.31 -16.16 -16.38 -15.88 -15.91 -15.47 -15.59 -15.50 -15.84 -15.66 -16.00 -16.06 -16.50 -16.94 -16.81 -16.44 -16.44 -16.25 -16.00 -15.38 -15.12 -14.66 -14.81 -14.91 -15.03 -15.38 -15.25 -15.47 -14.56 -14.34 -14.34 -13.88
-18.47 -18.38 -17.94 -17.97 -17.94 -17.81 -17.97 -18.19 -18.28 -18.50 -18.47 -18.53 -19.06 -19.22 -19.19 -19.50 -19.31 -19.31 -19.59 -19.56 -19.38 -19.00 -18.62 -18.78 -18.47 -18.47 -18.41 -18.22 -18.31 -18.31 -18.16 -17.81 -17.78 -18.00 -17.62 -17.28 -17.09 -16.81 -16.62 -16.28 -15.84 -15.69 -15.81 -15.56 -15.72 -15.81 -15.78 -16.00 -16.00 -16.22 -16.41 -16.81 -16.91 -17.03 -17.12 -17.09 -16.66 -16.59 -16.16 -16.12 -15.81 -15.34 -15.12 -15.25 -15.59 -15.59 -15.59 -15.66 -14.97 -14.88 -14.50 -14.28
-18.44 -18.56 -18.50 -18.06 -17.94 -18.00 -18.47 -18.69 -18.38 -18.34 -18.78 -18.88 -19.28 -19.41 -19.47 -19.56 -19.56 -19.31 -19.31 -19.22 -19.00 -18.78 -18.81 -18.81 -18.59 -18.22 -18.47 -18.16 -18.19 -18.22 -18.34 -17.97 -17.94 -18.03 -17.66 -17.66 -17.41 -17.03 -17.00 -16.91 -16.16 -15.91 -15.72 -15.94 -16.25 -16.16 -16.50 -16.31 -16.56 -16.72 -17.31 -17.41 -17.50 -17.62 -17.62 -17.25 -16.97 -16.75 -16.44 -16.16 -16.03 -16.09 -15.22 -15.03 -15.38 -15.41 -15.38 -15.28 -15.06 -15.00 -14.53 -14.50
-18.50 -18.62 -18.59 -18.34 -18.50 -18.31 -18.06 -18.34 -18.31 -18.62 -19.03 -19.31 -19.41 -19.81 -19.94 -19.88 -19.44 -19.34 -19.03 -18.78 -19.03 -18.72 -18.94 -18.97 -18.47 -18.31 -18.34 -18.22 -18.28 -18.00 -18.22 -18.09 -18.00 -18.34 -18.00 -17.94 -17.31 -17.09 -17.41 -17.53 -16.81 -16.31 -16.34 -16.66 -16.62 -16.56 -16.56 -16.91 -17.62 -17.47 -17.88 -18.06 -17.84 -17.62 -17.47 -17.62 -17.50 -17.22 -16.72 -16.19 -16.00 -16.25 -16.25 -15.69 -15.44 -16.12 -15.66 -15.06 -15.22 -15.00 -15.00 -14.84
