arlandasctiles/Tile[14,8].asc
ncols 128
nrows 128
xllcorner 0
yllcorner 0
cellsize 2.0
NODATA_value  -9999
[rows 0 to 31 of 128, columns 0 to 70 of 128]
-13.56 -13.84 -14.12 -14.41 -14.66 -14.91 -15.12 -15.34 -15.56 -15.75 -15.91 -16.06 -16.22 -16.34 -16.47 -16.78 -16.88 -16.97 -17.06 -17.12 -17.22 -17.31 -17.41 -17.47 -17.56 -17.66 -17.72 -17.81 -17.88 -17.94 -18.00 -18.06 -18.12 -18.19 -18.25 -18.28 -18.34 -18.38 -18.53 -18.50 -18.56 -18.62 -18.72 -18.75 -18.94 -18.91 -18.88 -18.88 -18.91 -18.91 -18.91 -18.81 -18.75 -18.81 -18.88 -19.16 -19.12 -18.91 -19.03 -19.22 -19.34 -19.41 -19.53 -19.78 -19.97 -20.22 -20.47 -20.34 -20.50 -20.88 -21.16
-13.62 -13.91 -14.16 -14.44 -14.69 -14.94 -15.16 -15.38 -15.59 -15.75 -15.94 -16.09 -16.22 -16.38 -16.50 -16.78 -16.88 -16.97 -17.06 -17.16 -17.25 -17.31 -17.41 -17.50 -17.59 -17.69 -17.75 -17.84 -17.91 -17.97 -18.06 -18.12 -18.19 -18.22 -18.28 -18.44 -18.50 -18.41 -18.44 -18.59 -18.56 -18.59 -18.66 -18.66 -18.72 -18.78 -18.88 -18.97 -18.97 -18.94 -18.94 -18.91 -18.81 -18.88 -18.97 -19.12 -19.44 -19.03 -19.09 -19.19 -19.31 -19.41 -19.59 -19.75 -19.84 -20.09 -20.09 -20.28 -20.62 -20.84 -21.00
-13.66 -13.94 -14.22 -14.47 -14.72 -14.97 -15.19 -15.41 -15.59 -15.78 -15.94 -16.09 -16.25 -16.38 -16.72 -16.81 -16.91 -17.00 -17.09 -17.19 -17.25 -17.34 -17.44 -17.53 -17.69 -17.69 -17.84 -17.88 -17.94 -18.03 -18.09 -18.16 -18.22 -18.28 -18.41 -18.38 -18.44 -18.50 -18.62 -18.56 -18.72 -18.62 -18.59 -18.62 -18.62 -18.69 -18.78 -18.78 -19.09 -19.12 -18.91 -18.97 -19.12 -19.22 -19.31 -19.38 -19.47 -19.62 -19.78 -19.91 -19.94 -19.81 -19.69 -19.72 -19.78 -19.91 -20.06 -20.19 -20.41 -20.62 -21.41
-13.72 -14.00 -14.25 -14.53 -14.75 -15.00 -15.22 -15.44 -15.62 -15.81 -15.97 -16.12 -16.28 -16.41 -16.72 -16.81 -16.94 -17.03 -17.12 -17.19 -17.28 -17.38 -17.47 -17.56 -17.72 -17.84 -17.97 -17.91 -18.00 -18.16 -18.19 -18.19 -18.28 -18.34 -18.38 -18.47 -18.50 -18.53 -18.78 -18.59 -18.66 -18.91 -18.81 -18.62 -18.78 -18.62 -18.69 -18.78 -18.97 -19.22 -18.91 -18.97 -18.84 -18.84 -18.94 -19.16 -19.28 -19.41 -19.47 -19.56 -19.75 -20.16 -20.19 -20.16 -20.16 -20.19 -20.16 -20.19 -20.56 -21.56 -21.75
-13.78 -14.03 -14.31 -14.56 -14.81 -15.03 -15.25 -15.47 -15.66 -15.81 -16.00 -16.16 -16.28 -16.44 -16.75 -16.84 -16.94 -17.06 -17.16 -17.25 -17.34 -17.44 -17.50 -17.59 -17.72 -17.81 -17.88 -17.94 -18.09 -18.12 -18.34 -18.28 -18.31 -18.50 -18.44 -18.50 -18.59 -18.59 -18.84 -18.69 -18.69 -18.81 -19.00 -18.81 -18.94 -18.69 -18.78 -18.94 -18.88 -19.34 -18.84 -19.03 -19.09 -18.91 -19.00 -19.03 -19.09 -19.09 -19.22 -19.44 -19.53 -19.66 -20.12 -20.25 -20.34 -20.56 -20.94 -21.22 -21.25 -20.69 -20.72
-13.81 -14.09 -14.34 -14.59 -14.84 -15.06 -15.28 -15.50 -15.69 -15.88 -16.03 -16.19 -16.34 -16.47 -16.78 -16.88 -16.97 -17.09 -17.19 -17.28 -17.38 -17.47 -17.56 -17.62 -17.72 -17.91 -17.97 -18.00 -18.09 -18.22 -18.25 -18.34 -18.47 -18.47 -18.53 -18.56 -18.69 -18.75 -18.84 -18.81 -18.81 -18.88 -19.12 -18.88 -19.12 -18.91 -18.88 -19.09 -18.97 -19.47 -18.94 -19.06 -18.91 -19.31 -19.38 -19.00 -19.12 -19.06 -19.22 -19.38 -19.56 -19.75 -19.84 -19.97 -20.25 -20.31 -20.25 -20.12 -20.34 -20.50 -20.69
-13.88 -14.12 -14.41 -14.66 -14.88 -15.12 -15.31 -15.53 -15.72 -15.88 -16.03 -16.19 -16.41 -16.66 -16.78 -16.91 -17.03 -17.12 -17.22 -17.31 -17.44 -17.53 -17.62 -17.72 -17.81 -18.03 -18.06 -18.12 -18.22 -18.31 -18.34 -18.41 -18.53 -18.53 -18.59 -18.75 -18.78 -18.91 -18.91 -19.03 -19.00 -19.09 -19.12 -19.03 -19.38 -18.97 -18.97 -18.94 -19.25 -19.59 -19.16 -19.12 -18.97 -18.97 -19.06 -19.50 -19.22 -19.12 -19.19 -19.31 -19.38 -19.53 -19.72 -19.84 -19.91 -19.97 -20.09 -20.12 -20.28 -20.34 -20.56
-13.94 -14.19 -14.44 -14.69 -14.94 -15.16 -15.38 -15.56 -15.75 -15.94 -16.09 -16.28 -16.44 -16.56 -16.69 -16.97 -17.06 -17.16 -17.25 -17.34 -17.47 -17.56 -17.66 -17.75 -17.91 -18.03 -18.12 -18.09 -18.16 -18.25 -18.41 -18.47 -18.59 -18.66 -18.75 -18.78 -18.88 -18.91 -19.06 -19.00 -19.16 -19.16 -19.06 -19.09 -19.41 -19.06 -19.16 -19.06 -19.09 -19.72 -19.16 -19.25 -19.00 -19.09 -19.25 -19.34 -19.72 -19.22 -19.38 -19.72 -19.91 -20.03 -20.22 -20.41 -20.53 -20.59 -20.66 -20.50 -20.28 -20.38 -20.50
-14.00 -14.25 -14.50 -14.75 -14.97 -15.19 -15.41 -15.59 -15.78 -15.97 -16.12 -16.28 -16.44 -16.56 -16.88 -17.00 -17.16 -17.28 -17.38 -17.47 -17.56 -17.62 -17.72 -17.81 -17.84 -18.06 -18.19 -18.31 -18.34 -18.41 -18.47 -18.53 -18.56 -18.72 -18.88 -18.78 -18.94 -18.91 -19.09 -19.16 -19.12 -19.25 -19.16 -19.19 -19.53 -19.22 -19.28 -19.03 -19.03 -20.00 -19.25 -19.38 -19.00 -19.00 -19.00 -19.19 -19.66 -19.91 -19.50 -19.50 -19.53 -19.69 -19.69 -19.69 -19.84 -20.00 -20.12 -20.81 -21.00 -20.62 -20.50
-14.06 -14.31 -14.56 -14.78 -15.03 -15.25 -15.44 -15.66 -15.84 -16.03 -16.19 -16.34 -16.50 -16.62 -16.75 -17.03 -17.16 -17.28 -17.41 -17.53 -17.62 -17.69 -17.78 -17.88 -17.88 -18.09 -18.09 -18.28 -18.38 -18.44 -18.53 -18.59 -18.66 -18.88 -18.84 -18.84 -19.00 -19.16 -19.12 -19.22 -19.28 -19.28 -19.28 -19.25 -19.59 -19.50 -19.31 -19.12 -19.22 -19.97 -20.03 -19.31 -19.09 -19.09 -19.06 -19.12 -19.19 -19.84 -20.22 -20.34 -19.72 -19.81 -19.88 -19.88 -20.03 -20.06 -20.19 -20.34 -20.56 -21.19 -20.91
-14.12 -14.38 -14.59 -14.84 -15.06 -15.28 -15.47 -15.69 -15.84 -16.03 -16.19 -16.38 -16.53 -16.66 -16.81 -16.94 -17.06 -17.19 -17.47 -17.56 -17.66 -17.75 -17.84 -17.94 -18.03 -18.12 -18.25 -18.38 -18.41 -18.50 -18.56 -18.62 -18.72 -18.78 -18.88 -18.97 -19.03 -19.06 -19.12 -19.28 -19.31 -19.44 -19.53 -19.34 -19.69 -19.50 -19.44 -19.25 -19.47 -19.69 -20.09 -19.31 -19.28 -19.12 -19.12 -19.09 -19.28 -19.31 -19.59 -20.09 -20.53 -20.25 -20.09 -20.19 -20.25 -20.25 -20.38 -20.66 -20.50 -20.84 -21.38
-14.19 -14.44 -14.66 -14.91 -15.12 -15.34 -15.56 -15.75 -15.94 -16.09 -16.25 -16.41 -16.56 -16.72 -16.88 -17.00 -17.28 -17.22 -17.50 -17.62 -17.72 -17.78 -17.88 -17.97 -18.06 -18.16 -18.25 -18.34 -18.44 -18.50 -18.59 -18.69 -18.75 -18.81 -18.91 -19.00 -19.06 -19.12 -19.22 -19.31 -19.38 -19.47 -19.53 -19.53 -19.81 -19.47 -19.69 -19.41 -19.62 -19.81 -20.25 -19.50 -19.44 -19.28 -19.16 -19.28 -19.22 -19.44 -19.59 -19.91 -19.88 -20.75 -20.62 -20.41 -20.59 -20.44 -20.56 -20.84 -20.66 -20.75 -21.12
-14.25 -14.50 -14.72 -14.97 -15.19 -15.38 -15.59 -15.78 -16.00 -16.16 -16.28 -16.44 -16.59 -16.75 -16.88 -17.06 -17.19 -17.25 -17.38 -17.47 -17.75 -17.84 -17.91 -18.00 -18.09 -18.19 -18.28 -18.38 -18.47 -18.56 -18.62 -18.72 -18.78 -18.88 -18.97 -19.03 -19.12 -19.19 -19.28 -19.38 -19.44 -19.50 -19.62 -19.72 -19.81 -19.66 -19.81 -19.56 -19.59 -20.41 -20.41 -19.88 -19.62 -19.44 -19.41 -19.50 -19.50 -19.56 -19.66 -20.03 -20.19 -20.38 -21.00 -20.50 -20.75 -20.72 -20.53 -20.62 -21.12 -21.31 -21.25
-14.31 -14.56 -14.78 -15.03 -15.25 -15.44 -15.66 -15.88 -16.03 -16.19 -16.34 -16.47 -16.62 -16.78 -16.94 -17.06 -17.19 -17.28 -17.41 -17.50 -17.78 -17.88 -17.94 -18.03 -18.12 -18.22 -18.31 -18.41 -18.50 -18.56 -18.66 -18.75 -18.84 -18.91 -19.00 -19.09 -19.16 -19.25 -19.34 -19.41 -19.50 -19.59 -19.69 -19.75 -19.84 -19.91 -19.88 -19.81 -19.78 -20.44 -19.81 -20.66 -19.75 -19.69 -19.56 -19.78 -19.62 -19.78 -20.00 -20.06 -20.28 -20.44 -20.97 -21.03 -20.50 -20.94 -20.88 -20.75 -20.78 -20.91 -21.56
-14.38 -14.62 -14.84 -15.09 -15.28 -15.50 -15.69 -15.88 -16.09 -16.25 -16.38 -16.53 -16.69 -16.81 -16.94 -17.09 -17.22 -17.34 -17.47 -17.56 -17.81 -17.91 -17.97 -18.06 -18.16 -18.25 -18.34 -18.44 -18.53 -18.62 -18.69 -18.78 -18.88 -18.97 -19.03 -19.12 -19.22 -19.31 -19.41 -19.47 -19.56 -19.66 -19.75 -19.84 -19.97 -20.03 -20.06 -20.03 -20.16 -20.69 -19.97 -20.84 -19.91 -19.66 -19.84 -19.88 -19.81 -19.81 -20.12 -20.31 -20.53 -20.56 -20.56 -21.28 -20.88 -20.72 -21.16 -20.88 -20.97 -21.03 -21.09
-14.47 -14.69 -14.94 -15.16 -15.34 -15.56 -15.78 -15.97 -16.12 -16.28 -16.44 -16.59 -16.72 -16.88 -17.00 -17.12 -17.22 -17.53 -17.66 -17.75 -17.84 -17.91 -18.00 -18.09 -18.19 -18.28 -18.38 -18.47 -18.56 -18.66 -18.72 -18.81 -18.91 -19.00 -19.09 -19.19 -19.28 -19.38 -19.44 -19.53 -19.69 -19.75 -19.81 -19.94 -20.03 -20.12 -20.25 -20.28 -20.53 -20.50 -20.25 -20.94 -19.97 -19.97 -20.03 -20.06 -20.00 -20.00 -20.31 -20.44 -20.78 -20.81 -20.75 -21.19 -21.44 -20.81 -21.19 -21.38 -21.28 -21.38 -21.28
-14.53 -14.75 -15.00 -15.22 -15.41 -15.62 -15.81 -16.00 -16.16 -16.31 -16.50 -16.62 -16.75 -16.88 -17.00 -17.12 -17.25 -17.38 -17.50 -17.81 -17.88 -17.94 -18.03 -18.12 -18.22 -18.31 -18.41 -18.50 -18.59 -18.69 -18.78 -18.84 -18.94 -19.03 -19.12 -19.22 -19.31 -19.41 -19.50 -19.59 -19.69 -19.81 -19.91 -20.00 -20.09 -20.19 -20.34 -20.50 -20.59 -20.47 -20.53 -20.88 -20.31 -20.38 -20.28 -20.28 -20.16 -20.34 -20.44 -20.84 -21.12 -21.00 -21.00 -21.12 -21.72 -21.00 -20.91 -21.53 -21.47 -21.72 -21.59
-14.59 -14.84 -15.06 -15.28 -15.50 -15.69 -15.88 -16.06 -16.22 -16.38 -16.53 -16.66 -16.78 -16.91 -17.03 -17.34 -17.47 -17.56 -17.69 -17.78 -17.88 -17.97 -18.06 -18.16 -18.25 -18.34 -18.44 -18.53 -18.62 -18.72 -18.81 -18.91 -19.00 -19.09 -19.19 -19.28 -19.38 -19.47 -19.56 -19.66 -19.78 -19.88 -19.97 -20.06 -20.16 -20.28 -20.34 -20.62 -20.62 -20.75 -20.72 -20.97 -20.66 -20.69 -20.38 -20.47 -20.47 -20.53 -20.56 -20.75 -21.31 -21.41 -21.28 -21.78 -21.66 -21.16 -21.12 -21.22 -21.94 -21.84 -22.12
-14.69 -14.91 -15.12 -15.34 -15.56 -15.75 -15.94 -16.09 -16.25 -16.41 -16.56 -16.69 -16.81 -16.94 -17.25 -17.38 -17.47 -17.59 -17.69 -17.81 -17.91 -18.00 -18.09 -18.19 -18.28 -18.38 -18.47 -18.56 -18.66 -18.75 -18.84 -18.94 -19.03 -19.12 -19.25 -19.34 -19.44 -19.53 -19.62 -19.72 -19.84 -19.94 -20.03 -20.16 -20.25 -20.34 -20.47 -20.62 -20.66 -20.91 -20.88 -21.03 -20.91 -20.84 -20.69 -20.72 -20.78 -20.97 -20.91 -20.88 -21.19 -21.66 -21.56 -21.94 -21.25 -21.69 -21.31 -21.34 -21.78 -22.53 -22.66
-14.75 -14.97 -15.19 -15.41 -15.62 -15.81 -15.97 -16.12 -16.28 -16.44 -16.59 -16.72 -16.84 -16.97 -17.28 -17.38 -17.50 -17.59 -17.72 -17.81 -17.94 -18.03 -18.12 -18.22 -18.31 -18.41 -18.50 -18.59 -18.69 -18.78 -18.88 -19.00 -19.09 -19.19 -19.28 -19.38 -19.50 -19.59 -19.69 -19.81 -19.91 -20.00 -20.12 -20.22 -20.34 -20.44 -20.53 -20.62 -20.75 -20.94 -21.03 -21.16 -21.03 -21.09 -21.06 -21.03 -20.97 -21.28 -21.22 -21.16 -21.12 -21.81 -21.88 -22.22 -21.34 -22.00 -21.53 -21.69 -21.84 -22.41 -22.94
-14.81 -15.06 -15.28 -15.47 -15.69 -15.84 -16.03 -16.19 -16.34 -16.47 -16.59 -16.75 -16.88 -17.19 -17.28 -17.41 -17.50 -17.62 -17.72 -17.84 -17.97 -18.06 -18.16 -18.25 -18.34 -18.44 -18.53 -18.62 -18.72 -18.84 -18.94 -19.03 -19.12 -19.25 -19.34 -19.44 -19.56 -19.66 -19.75 -19.88 -19.97 -20.06 -20.19 -20.28 -20.41 -20.53 -20.62 -20.75 -20.91 -20.97 -21.00 -21.16 -21.12 -21.25 -21.25 -21.19 -21.22 -21.50 -21.50 -21.28 -21.28 -21.59 -22.12 -22.47 -21.59 -22.03 -22.16 -21.84 -22.16 -22.41 -22.75
-14.88 -15.12 -15.31 -15.53 -15.72 -15.91 -16.06 -16.22 -16.38 -16.50 -16.62 -16.78 -17.09 -17.19 -17.31 -17.41 -17.53 -17.62 -17.72 -17.84 -17.94 -18.06 -18.16 -18.25 -18.34 -18.47 -18.56 -18.66 -18.78 -18.88 -18.97 -19.09 -19.19 -19.28 -19.41 -19.50 -19.62 -19.72 -19.81 -19.94 -20.03 -20.16 -20.25 -20.38 -20.47 -20.59 -20.72 -20.81 -20.94 -21.03 -21.12 -21.22 -21.25 -21.47 -21.44 -21.53 -21.31 -21.62 -21.81 -21.50 -21.47 -21.56 -22.16 -22.69 -21.91 -22.03 -22.44 -22.34 -22.44 -22.66 -22.94
-14.97 -15.19 -15.41 -15.59 -15.78 -15.94 -16.09 -16.25 -16.41 -16.53 -16.66 -16.78 -17.09 -17.19 -17.31 -17.41 -17.53 -17.62 -17.75 -17.88 -17.97 -18.09 -18.19 -18.28 -18.38 -18.50 -18.59 -18.72 -18.81 -18.91 -19.03 -19.12 -19.25 -19.34 -19.47 -19.56 -19.66 -19.78 -19.88 -20.00 -20.09 -20.22 -20.34 -20.44 -20.56 -20.69 -20.78 -20.91 -21.00 -21.09 -21.19 -21.31 -21.44 -21.59 -21.69 -21.75 -21.81 -21.75 -21.94 -21.56 -21.75 -21.81 -22.09 -22.81 -23.03 -22.38 -22.44 -22.84 -22.84 -23.03 -23.25
-15.03 -15.25 -15.44 -15.62 -15.81 -15.97 -16.12 -16.28 -16.44 -16.56 -16.69 -17.00 -17.09 -17.22 -17.31 -17.44 -17.53 -17.66 -17.75 -17.88 -18.00 -18.09 -18.19 -18.31 -18.41 -18.53 -18.62 -18.75 -18.88 -18.97 -19.06 -19.19 -19.28 -19.41 -19.50 -19.62 -19.72 -19.84 -19.97 -20.06 -20.19 -20.28 -20.41 -20.53 -20.62 -20.75 -20.88 -20.97 -21.09 -21.19 -21.28 -21.41 -21.50 -21.66 -21.81 -21.94 -21.97 -21.91 -22.31 -21.78 -21.81 -22.03 -22.16 -22.69 -23.03 -23.47 -22.53 -22.97 -23.38 -23.41 -23.66
-15.09 -15.31 -15.53 -15.69 -15.84 -16.00 -16.16 -16.31 -16.44 -16.59 -16.91 -17.00 -17.12 -17.22 -17.34 -17.44 -17.56 -17.66 -17.78 -17.88 -18.00 -18.12 -18.22 -18.34 -18.44 -18.56 -18.69 -18.78 -18.91 -19.03 -19.12 -19.25 -19.34 -19.47 -19.56 -19.69 -19.81 -19.91 -20.03 -20.12 -20.25 -20.38 -20.47 -20.59 -20.72 -20.84 -20.94 -21.06 -21.19 -21.28 -21.41 -21.50 -21.59 -21.72 -21.91 -22.16 -22.22 -22.09 -22.34 -22.31 -22.12 -22.19 -22.38 -22.69 -22.97 -23.88 -23.09 -23.03 -23.56 -23.81 -24.06
-15.16 -15.38 -15.56 -15.72 -15.91 -16.06 -16.19 -16.34 -16.47 -16.81 -16.91 -17.03 -17.12 -17.22 -17.34 -17.47 -17.56 -17.69 -17.78 -17.91 -18.03 -18.12 -18.25 -18.38 -18.50 -18.59 -18.72 -18.84 -18.97 -19.06 -19.19 -19.31 -19.41 -19.53 -19.62 -19.75 -19.88 -19.97 -20.09 -20.22 -20.31 -20.44 -20.56 -20.69 -20.78 -20.91 -21.03 -21.16 -21.28 -21.38 -21.50 -21.62 -21.72 -21.84 -21.97 -22.19 -22.22 -22.28 -22.38 -22.56 -22.72 -22.47 -22.62 -23.00 -22.78 -23.62 -24.38 -23.50 -23.56 -24.12 -24.16
-15.22 -15.44 -15.62 -15.78 -15.94 -16.09 -16.22 -16.38 -16.50 -16.81 -16.91 -17.03 -17.12 -17.25 -17.38 -17.47 -17.59 -17.69 -17.81 -17.94 -18.06 -18.16 -18.28 -18.41 -18.53 -18.66 -18.78 -18.91 -19.00 -19.12 -19.25 -19.34 -19.47 -19.59 -19.69 -19.81 -19.94 -20.03 -20.16 -20.28 -20.41 -20.53 -20.66 -20.75 -20.88 -21.00 -21.12 -21.25 -21.38 -21.50 -21.62 -21.75 -21.88 -21.97 -22.09 -22.22 -22.47 -22.53 -22.53 -22.44 -22.97 -23.12 -22.88 -23.25 -23.19 -23.34 -24.38 -24.62 -23.81 -24.31 -24.34
-15.25 -15.47 -15.66 -15.81 -15.97 -16.12 -16.25 -16.41 -16.72 -16.81 -16.94 -17.03 -17.16 -17.25 -17.38 -17.50 -17.59 -17.72 -17.84 -17.97 -18.09 -18.22 -18.34 -18.47 -18.56 -18.69 -18.81 -18.94 -19.06 -19.19 -19.31 -19.41 -19.53 -19.66 -19.75 -19.88 -20.00 -20.12 -20.25 -20.34 -20.47 -20.59 -20.72 -20.84 -20.97 -21.09 -21.22 -21.34 -21.50 -21.62 -21.75 -21.88 -22.00 -22.12 -22.25 -22.34 -22.59 -22.69 -22.78 -22.75 -22.91 -23.34 -23.53 -23.38 -23.47 -23.56 -24.00 -24.94 -24.59 -24.59 -24.56
-15.34 -15.53 -15.69 -15.84 -16.00 -16.16 -16.28 -16.62 -16.72 -16.84 -16.94 -17.06 -17.16 -17.28 -17.41 -17.53 -17.62 -17.75 -17.88 -18.00 -18.12 -18.25 -18.38 -18.50 -18.62 -18.75 -18.88 -19.00 -19.12 -19.25 -19.38 -19.47 -19.59 -19.72 -19.84 -19.94 -20.06 -20.19 -20.31 -20.44 -20.56 -20.69 -20.81 -20.94 -21.06 -21.19 -21.34 -21.47 -21.59 -21.72 -21.88 -22.00 -22.12 -22.28 -22.41 -22.53 -22.69 -22.84 -23.00 -23.12 -22.94 -23.25 -23.78 -23.91 -23.91 -23.97 -24.16 -24.91 -25.38 -25.22 -24.97
-15.38 -15.56 -15.72 -15.88 -16.03 -16.19 -16.31 -16.62 -16.75 -16.84 -16.97 -17.06 -17.19 -17.31 -17.44 -17.56 -17.69 -17.81 -17.94 -18.06 -18.19 -18.31 -18.44 -18.56 -18.69 -18.81 -18.94 -19.06 -19.19 -19.31 -19.44 -19.53 -19.66 -19.78 -19.91 -20.03 -20.16 -20.28 -20.41 -20.53 -20.66 -20.78 -20.91 -21.03 -21.16 -21.31 -21.44 -21.56 -21.72 -21.84 -22.00 -22.12 -22.28 -22.41 -22.56 -22.69 -22.84 -23.03 -23.19 -23.38 -23.50 -23.44 -23.94 -24.00 -24.25 -24.50 -24.47 -24.72 -25.44 -25.78 -25.44
-15.41 -15.59 -15.78 -15.91 -16.06 -16.22 -16.53 -16.62 -16.75 -16.88 -16.97 -17.09 -17.22 -17.34 -17.47 -17.59 -17.72 -17.84 -17.97 -18.09 -18.22 -18.34 -18.47 -18.59 -18.72 -18.88 -19.00 -19.12 -19.25 -19.38 -19.50 -19.62 -19.72 -19.84 -19.97 -20.09 -20.22 -20.34 -20.47 -20.59 -20.72 -20.84 -21.00 -21.12 -21.25 -21.41 -21.53 -21.69 -21.81 -21.97 -22.12 -22.25 -22.41 -22.56 -22.72 -22.88 -23.03 -23.19 -23.38 -23.56 -23.75 -23.94 -24.09 -24.31 -23.84 -24.56 -24.94 -25.34 -25.56 -25.88 -26.28
-15.47 -15.62 -15.81 -15.94 -16.09 -16.25 -16.53 -16.66 -16.78 -16.91 -17.00 -17.12 -17.25 -17.38 -17.50 -17.62 -17.75 -17.88 -18.03 -18.16 -18.28 -18.41 -18.53 -18.66 -18.78 -18.91 -19.03 -19.16 -19.34 -19.50 -19.62 -19.72 -19.81 -19.91 -20.03 -20.16 -20.28 -20.44 -20.56 -20.69 -20.81 -20.94 -21.09 -21.22 -21.34 -21.50 -21.66 -21.78 -21.94 -22.09 -22.25 -22.41 -22.56 -22.72 -22.88 -23.03 -23.19 -23.38 -23.50 -23.72 -23.97 -24.12 -24.28 -24.62 -24.16 -24.25 -24.56 -25.00 -25.66 -26.03 -26.59
