arlandasctiles/Tile[5,1].asc
ncols 128
nrows 128
xllcorner 0
yllcorner 0
cellsize 2.0
NODATA_value  -9999
[rows 96 to 127 of 128, columns 0 to 70 of 128]
-101.84 -101.91 -102.00 -102.06 -102.16 -102.25 -102.31 -102.41 -102.50 -102.59 -102.69 -102.75 -102.84 -102.91 -103.00 -103.06 -103.16 -103.19 -103.28 -103.31 -103.41 -103.44 -103.53 -103.56 -103.56 -103.69 -103.62 -103.53 -103.62 -103.56 -103.53 -103.56 -103.50 -103.47 -103.44 -103.41 -103.38 -103.38 -103.31 -103.31 -103.28 -103.25 -103.22 -103.19 -103.19 -103.16 -103.12 -103.09 -103.06 -103.06 -103.03 -103.00 -103.00 -102.97 -102.97 -102.94 -102.94 -102.91 -102.91 -102.88 -102.88 -102.88 -102.88 -102.88 -102.88 -102.81 -102.78 -102.78 -102.78 -102.78 -102.78
-102.09 -102.16 -102.25 -102.31 -102.41 -102.47 -102.56 -102.66 -102.75 -102.84 -102.91 -103.00 -103.06 -103.16 -103.22 -103.31 -103.38 -103.44 -103.53 -103.59 -103.69 -103.72 -103.78 -103.84 -103.84 -103.97 -103.91 -103.84 -103.97 -103.94 -103.88 -103.84 -103.81 -103.97 -103.78 -103.81 -103.75 -103.72 -103.69 -103.66 -103.62 -103.59 -103.56 -103.53 -103.53 -103.47 -103.47 -103.44 -103.41 -103.38 -103.34 -103.34 -103.31 -103.31 -103.31 -103.25 -103.28 -103.25 -103.25 -103.22 -103.22 -103.22 -103.22 -103.22 -103.22 -103.16 -103.12 -103.12 -103.12 -103.09 -103.12
-102.34 -102.41 -102.50 -102.56 -102.66 -102.72 -102.81 -102.91 -103.00 -103.06 -103.16 -103.22 -103.31 -103.41 -103.47 -103.56 -103.62 -103.72 -103.78 -103.84 -103.94 -103.97 -104.06 -104.12 -104.12 -104.28 -104.19 -104.16 -104.25 -104.22 -104.28 -104.16 -104.22 -104.19 -104.19 -104.16 -104.09 -104.06 -104.03 -104.00 -103.97 -103.94 -103.91 -103.88 -103.84 -103.81 -103.81 -103.78 -103.75 -103.72 -103.69 -103.69 -103.66 -103.62 -103.62 -103.59 -103.59 -103.56 -103.56 -103.56 -103.56 -103.56 -103.53 -103.53 -103.53 -103.50 -103.44 -103.44 -103.44 -103.44 -103.44
-102.59 -102.66 -102.72 -102.81 -102.91 -102.97 -103.06 -103.16 -103.22 -103.31 -103.41 -103.47 -103.56 -103.66 -103.72 -103.81 -103.88 -103.97 -104.06 -104.12 -104.19 -104.25 -104.34 -104.41 -104.41 -104.56 -104.50 -104.47 -104.53 -104.50 -104.56 -104.56 -104.59 -104.50 -104.53 -104.50 -104.44 -104.44 -104.38 -104.34 -104.31 -104.28 -104.25 -104.22 -104.19 -104.16 -104.12 -104.09 -104.06 -104.06 -104.00 -104.00 -103.97 -103.97 -103.94 -103.91 -103.91 -103.91 -103.88 -103.88 -103.88 -103.88 -103.84 -103.88 -103.84 -103.84 -103.75 -103.78 -103.78 -103.75 -103.75
-102.81 -102.91 -102.97 -103.06 -103.16 -103.22 -103.31 -103.38 -103.47 -103.56 -103.62 -103.72 -103.81 -103.91 -103.97 -104.06 -104.16 -104.25 -104.31 -104.38 -104.47 -104.53 -104.59 -104.69 -104.69 -104.88 -104.78 -104.75 -104.84 -104.78 -104.88 -104.91 -104.84 -104.84 -104.91 -104.81 -104.81 -104.78 -104.72 -104.69 -104.66 -104.59 -104.56 -104.53 -104.53 -104.47 -104.47 -104.44 -104.44 -104.41 -104.34 -104.34 -104.31 -104.28 -104.25 -104.25 -104.22 -104.22 -104.19 -104.19 -104.19 -104.19 -104.19 -104.19 -104.19 -104.19 -104.06 -104.16 -104.12 -104.06 -104.06
-103.06 -103.16 -103.22 -103.31 -103.38 -103.47 -103.56 -103.62 -103.72 -103.81 -103.88 -103.97 -104.06 -104.16 -104.25 -104.34 -104.41 -104.50 -104.59 -104.66 -104.75 -104.81 -104.88 -105.00 -105.00 -105.16 -105.06 -105.06 -105.16 -105.25 -105.22 -105.22 -105.25 -105.16 -105.09 -105.16 -105.16 -105.09 -105.06 -105.00 -104.97 -104.94 -104.91 -104.84 -104.84 -104.81 -104.78 -104.75 -104.75 -104.72 -104.66 -104.66 -104.62 -104.59 -104.56 -104.56 -104.53 -104.53 -104.53 -104.50 -104.50 -104.50 -104.50 -104.50 -104.50 -104.50 -104.41 -104.50 -104.44 -104.38 -104.38
-103.31 -103.41 -103.47 -103.56 -103.62 -103.72 -103.78 -103.88 -103.97 -104.06 -104.16 -104.22 -104.31 -104.41 -104.50 -104.59 -104.69 -104.78 -104.84 -104.94 -105.00 -105.09 -105.16 -105.28 -105.28 -105.44 -105.38 -105.50 -105.47 -105.53 -105.53 -105.44 -105.47 -105.47 -105.44 -105.53 -105.53 -105.44 -105.44 -105.34 -105.34 -105.25 -105.25 -105.19 -105.16 -105.12 -105.09 -105.06 -105.03 -105.00 -104.97 -104.94 -104.94 -104.91 -104.88 -104.88 -104.84 -104.84 -104.81 -104.81 -104.81 -104.81 -104.81 -104.81 -104.78 -104.81 -104.78 -104.81 -104.75 -104.69 -104.66
-103.56 -103.62 -103.72 -103.78 -103.88 -103.97 -104.03 -104.12 -104.22 -104.31 -104.41 -104.50 -104.59 -104.69 -104.78 -104.88 -104.94 -105.03 -105.12 -105.19 -105.28 -105.41 -105.44 -105.59 -105.56 -105.72 -105.69 -105.81 -105.78 -105.91 -105.84 -105.94 -105.75 -105.78 -105.75 -105.88 -105.69 -105.81 -105.78 -105.69 -105.69 -105.56 -105.59 -105.50 -105.50 -105.44 -105.41 -105.38 -105.34 -105.31 -105.28 -105.25 -105.22 -105.22 -105.19 -105.16 -105.16 -105.12 -105.12 -105.09 -105.12 -105.12 -105.12 -105.12 -105.09 -105.00 -105.06 -105.09 -105.00 -105.00 -104.97
-103.81 -103.88 -103.97 -104.03 -104.12 -104.19 -104.28 -104.38 -104.47 -104.56 -104.66 -104.75 -104.84 -104.94 -105.03 -105.12 -105.22 -105.31 -105.38 -105.47 -105.56 -105.69 -105.72 -105.88 -105.88 -106.00 -105.97 -106.12 -106.09 -106.06 -106.22 -106.06 -106.06 -106.09 -106.06 -106.03 -106.00 -106.16 -106.12 -106.00 -106.03 -105.91 -105.94 -105.81 -105.84 -105.75 -105.72 -105.69 -105.66 -105.62 -105.59 -105.56 -105.53 -105.50 -105.50 -105.47 -105.47 -105.44 -105.44 -105.41 -105.41 -105.44 -105.41 -105.44 -105.41 -105.31 -105.34 -105.41 -105.31 -105.28 -105.25
-104.03 -104.12 -104.19 -104.28 -104.34 -104.44 -104.53 -104.62 -104.72 -104.81 -104.91 -105.00 -105.09 -105.19 -105.28 -105.38 -105.47 -105.56 -105.66 -105.75 -105.84 -105.97 -106.00 -106.12 -106.16 -106.28 -106.28 -106.44 -106.41 -106.34 -106.53 -106.38 -106.38 -106.41 -106.38 -106.34 -106.31 -106.47 -106.41 -106.31 -106.31 -106.22 -106.09 -106.12 -106.16 -106.06 -106.03 -105.97 -105.94 -105.91 -105.88 -105.84 -105.84 -105.81 -105.78 -105.78 -105.75 -105.72 -105.72 -105.72 -105.72 -105.75 -105.69 -105.75 -105.69 -105.56 -105.62 -105.69 -105.59 -105.53 -105.53
-104.28 -104.34 -104.44 -104.50 -104.59 -104.69 -104.78 -104.88 -104.97 -105.06 -105.16 -105.25 -105.34 -105.44 -105.53 -105.66 -105.75 -105.81 -105.94 -106.03 -106.16 -106.25 -106.31 -106.41 -106.47 -106.56 -106.59 -106.72 -106.72 -106.62 -106.81 -106.66 -106.69 -106.72 -106.66 -106.66 -106.62 -106.59 -106.75 -106.62 -106.62 -106.53 -106.56 -106.44 -106.47 -106.38 -106.34 -106.28 -106.25 -106.22 -106.19 -106.16 -106.12 -106.09 -106.09 -106.06 -106.06 -106.03 -106.03 -106.00 -106.03 -106.03 -106.00 -106.00 -105.94 -105.94 -105.91 -105.94 -105.88 -106.00 -105.84
-104.53 -104.59 -104.69 -104.75 -104.84 -104.94 -105.00 -105.12 -105.22 -105.31 -105.41 -105.50 -105.59 -105.69 -105.81 -105.91 -106.00 -106.09 -106.19 -106.31 -106.44 -106.53 -106.62 -106.69 -106.75 -106.84 -106.88 -107.03 -107.00 -106.94 -107.09 -107.00 -106.97 -107.00 -106.97 -106.97 -106.94 -106.88 -106.88 -106.94 -106.91 -106.84 -106.81 -106.75 -106.72 -106.66 -106.62 -106.59 -106.53 -106.53 -106.47 -106.44 -106.44 -106.41 -106.38 -106.34 -106.34 -106.31 -106.31 -106.28 -106.31 -106.31 -106.28 -106.25 -106.22 -106.19 -106.16 -106.16 -106.16 -106.19 -106.19
-104.75 -104.84 -104.91 -105.00 -105.06 -105.16 -105.25 -105.34 -105.44 -105.56 -105.66 -105.75 -105.84 -105.97 -106.06 -106.16 -106.25 -106.34 -106.47 -106.59 -106.72 -106.81 -106.94 -106.97 -107.06 -107.16 -107.19 -107.31 -107.31 -107.22 -107.41 -107.28 -107.28 -107.28 -107.25 -107.25 -107.22 -107.19 -107.16 -107.22 -107.22 -107.12 -107.09 -107.03 -107.00 -106.97 -106.94 -106.88 -106.84 -106.81 -106.78 -106.75 -106.72 -106.69 -106.69 -106.66 -106.62 -106.59 -106.62 -106.59 -106.62 -106.59 -106.56 -106.53 -106.56 -106.47 -106.44 -106.44 -106.41 -106.41 -106.41
-105.00 -105.06 -105.16 -105.22 -105.31 -105.41 -105.50 -105.59 -105.69 -105.81 -105.91 -106.00 -106.09 -106.19 -106.31 -106.41 -106.50 -106.62 -106.75 -106.88 -107.00 -107.09 -107.03 -107.28 -107.19 -107.47 -107.34 -107.41 -107.59 -107.50 -107.50 -107.56 -107.56 -107.56 -107.53 -107.53 -107.50 -107.47 -107.44 -107.56 -107.53 -107.44 -107.41 -107.34 -107.31 -107.25 -107.22 -107.19 -107.16 -107.09 -107.06 -107.03 -107.00 -106.97 -106.97 -106.94 -106.94 -106.91 -106.94 -106.88 -106.91 -106.88 -106.88 -106.81 -106.84 -106.78 -106.72 -106.72 -106.69 -106.66 -106.66
-105.22 -105.31 -105.38 -105.47 -105.56 -105.66 -105.75 -105.84 -105.94 -106.03 -106.16 -106.25 -106.34 -106.44 -106.56 -106.66 -106.75 -106.91 -107.03 -107.12 -107.25 -107.34 -107.28 -107.38 -107.47 -107.53 -107.62 -107.66 -107.72 -107.78 -107.78 -107.81 -107.81 -107.81 -107.81 -107.81 -107.78 -107.75 -107.72 -107.69 -107.81 -107.75 -107.72 -107.66 -107.59 -107.53 -107.50 -107.47 -107.44 -107.38 -107.38 -107.31 -107.31 -107.28 -107.25 -107.22 -107.25 -107.19 -107.25 -107.22 -107.22 -107.16 -107.16 -107.09 -107.12 -107.03 -107.03 -106.97 -106.97 -106.91 -106.91
-105.44 -105.53 -105.62 -105.69 -105.78 -105.88 -105.97 -106.09 -106.19 -106.28 -106.38 -106.50 -106.59 -106.69 -106.78 -106.91 -107.00 -107.16 -107.28 -107.38 -107.50 -107.62 -107.53 -107.62 -107.75 -107.81 -107.91 -107.94 -108.00 -108.03 -108.03 -108.06 -108.09 -108.09 -108.06 -108.06 -108.03 -108.03 -108.00 -107.97 -108.09 -108.03 -108.00 -107.94 -107.91 -107.84 -107.81 -107.75 -107.72 -107.69 -107.66 -107.62 -107.59 -107.56 -107.56 -107.50 -107.56 -107.50 -107.53 -107.50 -107.47 -107.44 -107.41 -107.38 -107.38 -107.31 -107.31 -107.25 -107.22 -107.19 -107.16
-105.69 -105.78 -105.84 -105.94 -106.03 -106.12 -106.22 -106.31 -106.41 -106.53 -106.62 -106.72 -106.81 -106.94 -107.03 -107.16 -107.25 -107.41 -107.50 -107.62 -107.75 -107.88 -107.78 -107.88 -107.97 -108.06 -108.12 -108.19 -108.25 -108.28 -108.28 -108.34 -108.34 -108.34 -108.31 -108.34 -108.31 -108.31 -108.25 -108.25 -108.41 -108.34 -108.31 -108.22 -108.19 -108.12 -108.09 -108.03 -108.00 -107.97 -107.94 -107.91 -107.88 -107.84 -107.84 -107.78 -107.81 -107.78 -107.78 -107.75 -107.72 -107.72 -107.69 -107.66 -107.66 -107.59 -107.56 -107.50 -107.50 -107.47 -107.44
-105.91 -106.00 -106.09 -106.19 -106.25 -106.34 -106.47 -106.56 -106.66 -106.75 -106.84 -106.97 -107.06 -107.16 -107.28 -107.41 -107.50 -107.62 -107.75 -107.88 -108.00 -108.09 -108.03 -108.12 -108.22 -108.28 -108.38 -108.44 -108.47 -108.53 -108.53 -108.59 -108.56 -108.59 -108.59 -108.59 -108.56 -108.56 -108.53 -108.53 -108.47 -108.62 -108.59 -108.50 -108.50 -108.41 -108.41 -108.31 -108.28 -108.25 -108.22 -108.19 -108.16 -108.12 -108.12 -108.09 -108.06 -108.06 -108.03 -108.03 -108.00 -107.97 -107.97 -107.94 -107.91 -107.88 -107.84 -107.78 -107.75 -107.72 -107.69
-106.16 -106.25 -106.31 -106.41 -106.50 -106.59 -106.69 -106.78 -106.88 -107.00 -107.09 -107.19 -107.28 -107.41 -107.50 -107.62 -107.75 -107.88 -108.00 -108.09 -108.22 -108.34 -108.25 -108.34 -108.44 -108.53 -108.59 -108.66 -108.72 -108.78 -108.78 -108.84 -108.84 -108.84 -108.84 -108.84 -108.81 -108.81 -108.78 -108.78 -108.75 -108.88 -108.88 -108.78 -108.75 -108.69 -108.66 -108.59 -108.56 -108.53 -108.50 -108.47 -108.44 -108.41 -108.41 -108.38 -108.34 -108.31 -108.31 -108.28 -108.25 -108.25 -108.22 -108.19 -108.19 -108.16 -108.12 -108.06 -108.03 -108.00 -107.94
-106.38 -106.47 -106.56 -106.66 -106.75 -106.81 -106.94 -107.03 -107.12 -107.22 -107.31 -107.44 -107.53 -107.62 -107.75 -107.88 -107.97 -108.09 -108.22 -108.34 -108.47 -108.56 -108.47 -108.56 -108.66 -108.75 -108.81 -108.91 -108.94 -109.00 -109.03 -109.06 -109.09 -109.06 -109.09 -109.09 -109.06 -109.06 -109.03 -109.03 -109.00 -109.16 -109.16 -109.03 -109.03 -108.94 -108.94 -108.88 -108.84 -108.81 -108.78 -108.75 -108.75 -108.69 -108.69 -108.66 -108.62 -108.59 -108.56 -108.56 -108.53 -108.50 -108.50 -108.47 -108.47 -108.41 -108.38 -108.34 -108.28 -108.28 -108.22
-106.62 -106.72 -106.78 -106.88 -106.97 -107.06 -107.16 -107.25 -107.34 -107.44 -107.56 -107.66 -107.75 -107.88 -107.97 -108.09 -108.22 -108.34 -108.44 -108.56 -108.69 -108.59 -108.69 -108.78 -108.88 -108.97 -109.03 -109.12 -109.16 -109.25 -109.25 -109.28 -109.31 -109.31 -109.31 -109.31 -109.31 -109.31 -109.28 -109.28 -109.44 -109.41 -109.38 -109.31 -109.28 -109.22 -109.19 -109.16 -109.12 -109.09 -109.06 -109.03 -109.03 -108.97 -108.94 -108.91 -108.91 -108.88 -108.84 -108.81 -108.81 -108.78 -108.78 -108.75 -108.75 -108.69 -108.66 -108.59 -108.56 -108.56 -108.47
-106.84 -106.94 -107.03 -107.12 -107.19 -107.28 -107.38 -107.47 -107.59 -107.69 -107.78 -107.88 -108.00 -108.09 -108.22 -108.34 -108.44 -108.56 -108.69 -108.78 -108.91 -109.00 -108.91 -109.00 -109.09 -109.16 -109.25 -109.31 -109.38 -109.44 -109.47 -109.50 -109.53 -109.53 -109.53 -109.53 -109.53 -109.53 -109.53 -109.50 -109.69 -109.66 -109.62 -109.59 -109.53 -109.50 -109.44 -109.41 -109.38 -109.34 -109.31 -109.31 -109.28 -109.25 -109.22 -109.19 -109.16 -109.16 -109.12 -109.09 -109.06 -109.06 -109.09 -109.00 -109.03 -108.97 -108.94 -108.88 -108.84 -108.81 -108.75
-107.09 -107.16 -107.25 -107.34 -107.44 -107.53 -107.62 -107.72 -107.81 -107.91 -108.00 -108.09 -108.22 -108.34 -108.44 -108.56 -108.69 -108.78 -108.91 -109.00 -109.12 -109.22 -109.12 -109.22 -109.28 -109.38 -109.47 -109.53 -109.59 -109.66 -109.69 -109.72 -109.75 -109.75 -109.78 -109.78 -109.78 -109.78 -109.75 -109.75 -109.91 -109.91 -109.84 -109.84 -109.78 -109.75 -109.72 -109.69 -109.66 -109.62 -109.59 -109.56 -109.53 -109.50 -109.50 -109.47 -109.44 -109.41 -109.38 -109.38 -109.34 -109.31 -109.34 -109.28 -109.28 -109.25 -109.22 -109.16 -109.12 -109.06 -109.03
-107.31 -107.41 -107.50 -107.56 -107.66 -107.75 -107.84 -107.94 -108.03 -108.12 -108.22 -108.34 -108.44 -108.56 -108.69 -108.78 -108.91 -109.00 -109.12 -109.22 -109.31 -109.41 -109.53 -109.59 -109.50 -109.56 -109.66 -109.72 -109.78 -109.84 -109.88 -109.94 -109.97 -109.97 -110.00 -110.00 -110.00 -110.00 -110.00 -110.00 -110.16 -110.16 -110.09 -110.09 -110.03 -110.03 -109.97 -109.94 -109.91 -109.91 -109.84 -109.84 -109.81 -109.78 -109.75 -109.72 -109.72 -109.69 -109.66 -109.62 -109.66 -109.59 -109.59 -109.56 -109.56 -109.53 -109.50 -109.41 -109.41 -109.34 -109.31
-107.56 -107.62 -107.72 -107.81 -107.91 -107.97 -108.06 -108.16 -108.25 -108.34 -108.47 -108.56 -108.69 -108.78 -108.91 -109.00 -109.12 -109.22 -109.34 -109.44 -109.53 -109.62 -109.72 -109.81 -109.88 -109.97 -110.06 -109.91 -109.97 -110.03 -110.09 -110.12 -110.16 -110.19 -110.22 -110.22 -110.22 -110.22 -110.22 -110.22 -110.41 -110.19 -110.34 -110.38 -110.28 -110.31 -110.22 -110.25 -110.16 -110.16 -110.12 -110.09 -110.06 -110.03 -110.03 -109.97 -109.97 -109.94 -109.97 -109.88 -109.94 -109.84 -109.88 -109.81 -109.84 -109.81 -109.78 -109.69 -109.72 -109.62 -109.59
-107.78 -107.88 -107.94 -108.03 -108.12 -108.22 -108.31 -108.41 -108.50 -108.59 -108.69 -108.78 -108.91 -109.00 -109.12 -109.22 -109.34 -109.44 -109.53 -109.62 -109.72 -109.81 -109.91 -110.00 -110.06 -110.16 -110.22 -110.31 -110.38 -110.44 -110.47 -110.31 -110.38 -110.38 -110.44 -110.41 -110.44 -110.44 -110.44 -110.44 -110.44 -110.44 -110.59 -110.41 -110.53 -110.56 -110.47 -110.50 -110.44 -110.41 -110.38 -110.38 -110.34 -110.31 -110.31 -110.25 -110.25 -110.19 -110.22 -110.16 -110.22 -110.12 -110.19 -110.09 -110.12 -110.09 -110.06 -110.00 -109.97 -109.94 -109.88
-108.00 -108.09 -108.19 -108.25 -108.34 -108.44 -108.53 -108.62 -108.72 -108.81 -108.91 -109.03 -109.12 -109.22 -109.34 -109.44 -109.56 -109.66 -109.75 -109.84 -109.94 -110.00 -110.09 -110.19 -110.25 -110.34 -110.41 -110.47 -110.53 -110.59 -110.66 -110.72 -110.56 -110.59 -110.62 -110.62 -110.66 -110.66 -110.66 -110.66 -110.66 -110.66 -110.81 -110.66 -110.78 -110.81 -110.72 -110.72 -110.69 -110.66 -110.62 -110.62 -110.59 -110.59 -110.56 -110.50 -110.53 -110.47 -110.50 -110.41 -110.47 -110.38 -110.47 -110.38 -110.25 -110.38 -110.34 -110.34 -110.22 -110.28 -110.16
-108.25 -108.31 -108.41 -108.50 -108.56 -108.66 -108.75 -108.84 -108.94 -109.03 -109.12 -109.25 -109.34 -109.44 -109.56 -109.66 -109.75 -109.84 -109.94 -110.03 -110.12 -110.22 -110.28 -110.38 -110.44 -110.50 -110.59 -110.66 -110.72 -110.78 -110.84 -110.88 -110.94 -110.97 -110.81 -110.84 -110.88 -110.88 -110.88 -110.88 -110.88 -110.88 -111.06 -110.88 -111.00 -111.03 -110.97 -110.97 -110.94 -110.91 -110.88 -110.88 -110.84 -110.84 -110.81 -110.78 -110.78 -110.72 -110.75 -110.69 -110.75 -110.66 -110.53 -110.66 -110.50 -110.47 -110.62 -110.41 -110.50 -110.34 -110.31
-108.47 -108.56 -108.62 -108.72 -108.81 -108.88 -108.97 -109.06 -109.16 -109.25 -109.34 -109.47 -109.56 -109.66 -109.78 -109.88 -109.97 -110.06 -110.16 -110.22 -110.31 -110.41 -110.47 -110.56 -110.62 -110.69 -110.78 -110.84 -110.91 -110.97 -111.03 -111.06 -111.12 -111.16 -111.00 -111.03 -111.06 -111.06 -111.09 -111.09 -111.09 -111.09 -111.06 -111.09 -111.25 -111.06 -111.22 -111.22 -111.19 -111.16 -111.12 -111.12 -111.09 -111.09 -111.06 -111.03 -111.03 -110.97 -111.00 -110.94 -111.00 -110.91 -110.78 -110.91 -110.72 -110.69 -110.88 -110.66 -110.75 -110.75 -110.72
-108.69 -108.78 -108.88 -108.94 -109.03 -109.12 -109.19 -109.28 -109.38 -109.47 -109.56 -109.69 -109.78 -109.88 -109.97 -110.06 -110.16 -110.25 -110.34 -110.44 -110.50 -110.59 -110.66 -110.75 -110.81 -110.88 -110.97 -111.03 -111.09 -111.16 -111.19 -111.25 -111.31 -111.34 -111.38 -111.41 -111.25 -111.25 -111.28 -111.28 -111.31 -111.31 -111.31 -111.31 -111.28 -111.28 -111.47 -111.25 -111.41 -111.41 -111.38 -111.38 -111.34 -111.34 -111.31 -111.28 -111.28 -111.25 -111.25 -111.19 -111.22 -111.16 -111.00 -111.16 -110.97 -110.94 -110.91 -110.88 -111.00 -111.00 -110.91
-108.94 -109.00 -109.09 -109.16 -109.25 -109.34 -109.44 -109.50 -109.59 -109.69 -109.81 -109.91 -110.00 -110.09 -110.19 -110.28 -110.38 -110.47 -110.56 -110.62 -110.72 -110.78 -110.88 -110.94 -111.00 -111.06 -111.12 -111.19 -111.25 -111.31 -111.38 -111.44 -111.47 -111.53 -111.56 -111.59 -111.44 -111.44 -111.47 -111.47 -111.50 -111.50 -111.50 -111.53 -111.50 -111.50 -111.47 -111.50 -111.47 -111.47 -111.62 -111.41 -111.59 -111.59 -111.53 -111.53 -111.50 -111.50 -111.50 -111.44 -111.28 -111.41 -111.22 -111.41 -111.19 -111.16 -111.12 -111.12 -111.06 -111.03 -111.16
-109.16 -109.22 -109.31 -109.41 -109.47 -109.56 -109.66 -109.75 -109.81 -109.94 -110.03 -110.12 -110.22 -110.31 -110.41 -110.50 -110.59 -110.66 -110.75 -110.84 -110.91 -111.00 -111.06 -111.12 -111.19 -111.25 -111.31 -111.38 -111.44 -111.50 -111.56 -111.59 -111.66 -111.69 -111.75 -111.78 -111.62 -111.62 -111.66 -111.66 -111.69 -111.69 -111.72 -111.72 -111.72 -111.72 -111.72 -111.72 -111.69 -111.69 -111.66 -111.62 -111.59 -111.59 -111.56 -111.56 -111.56 -111.53 -111.53 -111.69 -111.50 -111.66 -111.47 -111.44 -111.41 -111.38 -111.38 -111.34 -111.28 -111.28 -111.41
