arlandasctiles/Tile3,4.asc
ncols 128
nrows 128
xllcorner 0
yllcorner 0
cellsize 2.0
NODATA_value  -9999
[rows 64 to 95 of 128, columns 0 to 71 of 128]
-26.12 -26.06 -26.00 -25.94 -25.91 -25.84 -25.78 -25.72 -25.66 -25.59 -25.56 -25.50 -25.44 -25.38 -25.31 -25.25 -25.19 -25.12 -25.06 -25.00 -24.94 -24.88 -24.81 -24.75 -24.66 -24.59 -24.53 -24.44 -24.38 -24.28 -24.22 -24.12 -24.03 -23.97 -23.88 -23.78 -23.66 -23.53 -23.47 -23.12 -22.84 -22.53 -22.19 -21.91 -21.69 -21.47 -21.28 -21.12 -20.94 -20.78 -20.59 -20.31 -20.12 -19.97 -19.75 -19.53 -19.34 -19.19 -19.03 -18.84 -18.69 -18.50 -18.31 -18.12 -17.94 -17.75 -17.56 -17.38 -17.19 -17.00 -16.84 -16.66
-26.19 -26.16 -26.09 -26.03 -25.97 -25.91 -25.88 -25.81 -25.75 -25.69 -25.62 -25.59 -25.53 -25.47 -25.41 -25.34 -25.28 -25.22 -25.16 -25.09 -25.03 -24.97 -24.91 -24.84 -24.78 -24.69 -24.62 -24.56 -24.47 -24.41 -24.31 -24.25 -24.16 -24.06 -23.97 -23.84 -23.53 -23.28 -23.06 -22.81 -22.56 -22.31 -22.28 -22.38 -22.06 -21.78 -21.62 -21.03 -20.72 -20.50 -20.28 -20.19 -20.00 -19.97 -19.78 -19.62 -19.47 -19.31 -19.16 -18.97 -18.81 -18.62 -18.44 -18.25 -18.06 -17.84 -17.66 -17.47 -17.31 -17.12 -16.94 -16.78
-26.28 -26.22 -26.19 -26.12 -26.06 -26.00 -25.94 -25.91 -25.84 -25.78 -25.72 -25.66 -25.62 -25.56 -25.50 -25.44 -25.38 -25.31 -25.28 -25.22 -25.16 -25.06 -25.00 -24.94 -24.88 -24.81 -24.72 -24.66 -24.59 -24.50 -24.44 -24.34 -24.25 -24.16 -24.06 -23.97 -23.88 -23.81 -23.84 -23.62 -23.41 -22.97 -22.69 -21.94 -21.62 -21.44 -21.47 -21.41 -21.28 -21.06 -20.78 -20.53 -20.28 -20.00 -19.72 -19.69 -19.56 -19.44 -19.28 -19.12 -18.94 -18.75 -18.56 -18.38 -18.19 -18.00 -17.78 -17.59 -17.41 -17.22 -17.06 -16.88
-26.38 -26.31 -26.25 -26.22 -26.16 -26.09 -26.03 -25.97 -25.94 -25.88 -25.81 -25.75 -25.72 -25.66 -25.59 -25.53 -25.47 -25.44 -25.38 -25.31 -25.25 -25.19 -25.12 -25.03 -24.97 -24.91 -24.84 -24.75 -24.69 -24.62 -24.53 -24.47 -24.38 -24.25 -24.12 -23.94 -23.72 -23.34 -22.94 -22.62 -22.41 -22.22 -21.91 -22.16 -22.00 -21.78 -21.25 -20.97 -20.66 -20.41 -20.28 -20.16 -20.03 -19.91 -19.84 -19.75 -19.50 -19.34 -19.19 -19.03 -18.84 -18.88 -18.69 -18.50 -18.31 -18.12 -17.94 -17.72 -17.53 -17.34 -17.16 -17.00
-26.47 -26.41 -26.34 -26.28 -26.25 -26.19 -26.12 -26.06 -26.03 -25.97 -25.91 -25.84 -25.81 -25.75 -25.69 -25.62 -25.59 -25.53 -25.47 -25.41 -25.34 -25.28 -25.22 -25.16 -25.06 -25.00 -24.94 -24.84 -24.78 -24.72 -24.66 -24.56 -24.50 -24.28 -24.00 -23.66 -23.66 -23.66 -23.59 -23.50 -23.25 -22.94 -22.38 -21.78 -21.34 -21.22 -21.12 -20.75 -20.66 -20.50 -20.31 -20.16 -20.03 -20.00 -19.88 -19.72 -19.59 -19.44 -19.28 -19.09 -18.94 -18.78 -18.59 -18.44 -18.25 -18.25 -18.06 -17.84 -17.66 -17.47 -17.28 -17.12
-26.53 -26.50 -26.44 -26.38 -26.31 -26.28 -26.22 -26.16 -26.09 -26.06 -26.00 -25.94 -25.91 -25.84 -25.78 -25.72 -25.69 -25.62 -25.56 -25.50 -25.44 -25.38 -25.31 -25.25 -25.16 -25.09 -25.03 -24.97 -24.88 -24.81 -24.75 -24.66 -24.56 -24.47 -24.38 -24.28 -23.78 -23.22 -22.94 -22.62 -22.31 -22.06 -21.84 -21.75 -21.34 -21.16 -21.00 -20.88 -20.59 -20.38 -20.22 -20.22 -20.19 -20.09 -19.94 -19.81 -19.72 -19.56 -19.41 -19.19 -19.03 -18.88 -18.69 -18.53 -18.34 -18.19 -18.19 -17.97 -17.78 -17.59 -17.41 -17.25
-26.62 -26.59 -26.53 -26.47 -26.41 -26.38 -26.31 -26.25 -26.19 -26.16 -26.09 -26.03 -26.00 -25.94 -25.88 -25.84 -25.78 -25.72 -25.66 -25.59 -25.53 -25.47 -25.41 -25.34 -25.28 -25.19 -25.12 -25.06 -24.97 -24.91 -24.84 -24.69 -24.62 -24.31 -24.09 -23.75 -23.41 -23.16 -22.94 -22.72 -22.34 -22.06 -21.88 -21.72 -21.78 -21.59 -21.22 -20.88 -20.66 -20.59 -20.53 -20.59 -20.31 -20.19 -20.03 -19.88 -19.75 -19.56 -19.41 -19.25 -19.09 -18.94 -18.78 -18.62 -18.44 -18.28 -18.28 -18.09 -17.91 -17.72 -17.56 -17.38
-26.72 -26.66 -26.62 -26.56 -26.50 -26.47 -26.41 -26.34 -26.28 -26.25 -26.19 -26.12 -26.09 -26.03 -25.97 -25.94 -25.88 -25.81 -25.78 -25.72 -25.66 -25.56 -25.50 -25.44 -25.38 -25.28 -25.22 -25.16 -25.06 -25.00 -24.94 -24.84 -24.62 -24.22 -23.88 -23.88 -23.75 -23.62 -23.47 -23.34 -23.25 -23.06 -22.88 -22.47 -21.59 -21.12 -20.91 -20.94 -21.03 -21.00 -20.66 -20.50 -20.34 -20.22 -20.06 -19.91 -19.75 -19.62 -19.47 -19.34 -19.19 -19.03 -18.88 -18.69 -18.53 -18.38 -18.41 -18.22 -18.03 -17.84 -17.69 -17.53
-26.81 -26.75 -26.72 -26.66 -26.59 -26.53 -26.50 -26.44 -26.38 -26.34 -26.28 -26.22 -26.19 -26.12 -26.09 -26.03 -25.97 -25.94 -25.88 -25.81 -25.75 -25.69 -25.59 -25.53 -25.47 -25.38 -25.31 -25.22 -25.16 -25.06 -24.97 -25.03 -24.81 -24.84 -24.31 -23.59 -23.25 -23.06 -22.88 -22.53 -22.34 -22.09 -21.84 -21.72 -21.78 -21.75 -21.66 -21.47 -21.25 -21.06 -20.69 -20.53 -20.41 -20.25 -20.12 -20.00 -19.88 -19.75 -19.59 -19.41 -19.25 -19.09 -18.94 -18.78 -18.62 -18.47 -18.50 -18.31 -18.16 -17.97 -17.81 -17.66
-26.91 -26.84 -26.78 -26.75 -26.69 -26.62 -26.59 -26.53 -26.47 -26.44 -26.38 -26.31 -26.28 -26.22 -26.19 -26.12 -26.09 -26.03 -25.97 -25.91 -25.84 -25.78 -25.72 -25.62 -25.56 -25.47 -25.41 -25.31 -25.22 -25.16 -25.06 -24.88 -24.59 -24.31 -24.00 -24.09 -24.00 -23.66 -23.16 -22.97 -22.91 -22.78 -22.62 -22.44 -22.12 -21.88 -21.69 -21.47 -21.28 -21.09 -20.75 -20.59 -20.44 -20.28 -20.16 -20.03 -19.91 -19.75 -19.62 -19.47 -19.34 -19.19 -19.00 -18.84 -18.69 -18.53 -18.38 -18.44 -18.25 -18.09 -17.94 -17.78
-27.00 -26.94 -26.88 -26.84 -26.78 -26.72 -26.69 -26.62 -26.56 -26.53 -26.47 -26.44 -26.38 -26.31 -26.28 -26.22 -26.19 -26.12 -26.09 -26.03 -25.97 -25.88 -25.81 -25.72 -25.66 -25.56 -25.47 -25.38 -25.28 -25.28 -25.12 -25.03 -24.91 -24.62 -24.38 -23.94 -23.62 -23.53 -23.47 -23.31 -23.06 -22.88 -22.66 -22.44 -22.16 -21.91 -21.69 -21.47 -21.31 -21.12 -20.97 -20.62 -20.47 -20.31 -20.19 -20.06 -19.91 -19.78 -19.62 -19.50 -19.34 -19.19 -19.03 -18.91 -18.75 -18.62 -18.47 -18.34 -18.38 -18.22 -18.06 -17.94
-27.06 -27.03 -26.97 -26.94 -26.88 -26.81 -26.78 -26.72 -26.66 -26.62 -26.56 -26.53 -26.47 -26.44 -26.38 -26.34 -26.28 -26.25 -26.19 -26.12 -26.06 -26.00 -25.91 -25.81 -25.75 -25.66 -25.56 -25.47 -25.34 -25.25 -25.00 -24.66 -24.44 -24.25 -24.31 -24.25 -24.03 -23.78 -23.53 -23.34 -23.12 -22.94 -22.69 -22.44 -22.16 -21.88 -21.66 -21.47 -21.31 -21.16 -21.00 -20.81 -20.47 -20.34 -20.19 -20.06 -19.94 -19.78 -19.66 -19.53 -19.44 -19.28 -19.12 -18.97 -18.81 -18.69 -18.56 -18.41 -18.47 -18.34 -18.19 -18.03
-27.16 -27.12 -27.06 -27.00 -26.97 -26.91 -26.88 -26.81 -26.75 -26.72 -26.66 -26.62 -26.56 -26.53 -26.47 -26.44 -26.41 -26.34 -26.28 -26.25 -26.19 -26.09 -26.03 -25.94 -25.84 -25.75 -25.66 -25.53 -25.38 -25.28 -25.22 -25.09 -24.88 -24.81 -24.50 -24.25 -24.03 -23.78 -23.56 -23.31 -23.03 -22.44 -21.97 -21.78 -21.62 -21.62 -21.56 -21.47 -21.31 -21.16 -21.00 -20.81 -20.66 -20.34 -20.25 -20.09 -19.94 -19.81 -19.66 -19.53 -19.38 -19.25 -19.12 -19.00 -18.88 -18.75 -18.62 -18.50 -18.38 -18.25 -18.31 -18.16
-27.25 -27.19 -27.16 -27.09 -27.06 -27.00 -26.97 -26.91 -26.84 -26.81 -26.75 -26.72 -26.69 -26.62 -26.59 -26.53 -26.50 -26.44 -26.41 -26.34 -26.31 -26.22 -26.16 -26.06 -25.97 -25.84 -25.75 -25.66 -25.53 -25.56 -25.19 -24.91 -24.75 -24.53 -24.22 -23.88 -23.78 -23.47 -23.12 -22.84 -22.50 -22.62 -22.47 -22.09 -21.41 -21.12 -20.97 -20.78 -20.62 -20.53 -20.50 -20.56 -20.56 -20.47 -20.19 -20.06 -20.06 -19.81 -19.72 -19.56 -19.44 -19.28 -19.12 -19.00 -18.91 -18.81 -18.72 -18.59 -18.47 -18.34 -18.22 -18.09
-27.34 -27.28 -27.25 -27.19 -27.16 -27.09 -27.06 -27.00 -26.94 -26.91 -26.88 -26.81 -26.78 -26.72 -26.69 -26.66 -26.59 -26.56 -26.53 -26.47 -26.44 -26.34 -26.25 -26.19 -26.06 -25.88 -25.88 -25.72 -25.53 -25.31 -25.12 -24.97 -24.75 -24.47 -24.31 -24.06 -23.53 -23.22 -23.00 -22.88 -22.78 -22.34 -21.91 -21.72 -21.31 -20.94 -20.81 -20.75 -20.56 -20.44 -20.25 -20.09 -20.16 -20.06 -19.97 -19.88 -19.72 -19.66 -19.66 -19.50 -19.44 -19.38 -19.22 -19.06 -19.00 -18.91 -18.78 -18.69 -18.56 -18.44 -18.34 -18.22
-27.44 -27.38 -27.34 -27.28 -27.25 -27.19 -27.16 -27.09 -27.06 -27.00 -26.97 -26.91 -26.88 -26.81 -26.78 -26.75 -26.72 -26.66 -26.62 -26.59 -26.56 -26.50 -26.41 -26.34 -26.25 -26.22 -26.16 -26.06 -25.84 -25.75 -25.59 -25.38 -25.19 -24.94 -24.69 -24.50 -24.06 -23.62 -23.41 -23.09 -22.66 -22.28 -21.94 -21.59 -21.34 -21.09 -20.91 -20.75 -20.62 -20.44 -20.22 -20.09 -19.94 -19.84 -19.72 -19.81 -19.75 -19.56 -19.31 -19.28 -19.41 -19.44 -19.22 -19.16 -19.06 -18.97 -18.88 -18.75 -18.66 -18.53 -18.44 -18.31
-27.53 -27.47 -27.44 -27.38 -27.31 -27.28 -27.22 -27.19 -27.16 -27.09 -27.06 -27.00 -26.97 -26.94 -26.88 -26.84 -26.81 -26.78 -26.75 -26.69 -26.66 -26.62 -26.56 -26.50 -26.41 -26.41 -26.09 -25.91 -25.88 -25.59 -25.22 -25.00 -24.84 -24.53 -24.16 -24.00 -24.03 -24.03 -23.62 -23.28 -23.00 -22.59 -22.31 -21.97 -21.62 -21.28 -20.97 -20.62 -20.47 -20.25 -20.19 -20.12 -20.19 -20.09 -19.94 -19.69 -19.59 -19.41 -19.34 -19.12 -19.12 -19.25 -19.22 -19.22 -19.22 -18.97 -18.91 -18.84 -18.75 -18.62 -18.53 -18.41
-27.59 -27.56 -27.50 -27.47 -27.41 -27.38 -27.31 -27.28 -27.22 -27.19 -27.16 -27.09 -27.06 -27.03 -27.00 -26.94 -26.91 -26.88 -26.84 -26.81 -26.78 -26.75 -26.69 -26.59 -26.50 -26.41 -26.31 -26.09 -25.91 -25.38 -25.16 -25.06 -24.84 -24.50 -24.22 -24.00 -23.66 -23.25 -22.94 -23.06 -22.97 -22.81 -22.34 -21.81 -21.50 -21.19 -21.03 -20.84 -21.03 -20.91 -20.81 -20.53 -20.19 -19.81 -19.72 -19.59 -19.47 -19.38 -19.34 -19.19 -19.09 -19.16 -19.22 -19.31 -19.09 -19.06 -18.97 -18.91 -18.81 -18.72 -18.62 -18.53
-27.69 -27.66 -27.59 -27.56 -27.50 -27.47 -27.41 -27.38 -27.31 -27.28 -27.25 -27.19 -27.16 -27.12 -27.09 -27.06 -27.03 -27.00 -26.97 -26.94 -26.91 -26.88 -26.75 -26.75 -26.56 -26.47 -26.19 -26.00 -25.88 -25.78 -25.56 -25.22 -24.75 -24.47 -24.31 -24.09 -23.72 -23.41 -23.03 -22.66 -22.31 -22.06 -22.03 -21.81 -21.53 -21.28 -21.47 -21.38 -20.75 -20.31 -20.22 -20.22 -20.03 -19.81 -19.78 -19.66 -19.62 -19.66 -19.38 -19.16 -19.16 -19.28 -19.44 -19.22 -19.16 -19.09 -19.03 -18.94 -18.88 -18.78 -18.72 -18.62
-27.78 -27.72 -27.69 -27.62 -27.59 -27.53 -27.50 -27.47 -27.41 -27.38 -27.34 -27.28 -27.25 -27.22 -27.19 -27.16 -27.12 -27.09 -27.06 -27.03 -27.03 -27.00 -26.97 -26.94 -26.84 -26.66 -26.34 -26.00 -25.53 -25.25 -25.03 -24.88 -24.78 -24.59 -24.41 -23.94 -23.56 -23.22 -22.88 -22.66 -22.50 -22.28 -21.97 -21.66 -21.72 -22.03 -21.69 -21.03 -20.69 -20.53 -20.41 -20.25 -20.03 -20.00 -20.34 -20.25 -19.94 -19.56 -19.31 -19.25 -19.16 -19.56 -19.53 -19.28 -19.22 -19.16 -19.09 -19.00 -18.94 -18.84 -18.78 -18.69
-27.88 -27.81 -27.78 -27.72 -27.69 -27.62 -27.59 -27.53 -27.50 -27.47 -27.44 -27.38 -27.34 -27.31 -27.28 -27.25 -27.22 -27.19 -27.16 -27.12 -27.12 -27.09 -27.06 -27.06 -26.81 -26.53 -26.22 -25.97 -25.78 -25.47 -25.44 -25.38 -25.12 -24.78 -24.12 -23.81 -23.56 -23.25 -22.97 -22.84 -22.66 -22.41 -22.22 -22.28 -22.28 -21.62 -21.28 -21.06 -21.25 -21.41 -21.31 -21.22 -21.09 -20.78 -20.03 -19.81 -19.66 -19.47 -19.41 -19.31 -19.62 -19.66 -19.59 -19.53 -19.47 -19.19 -19.12 -19.06 -18.97 -18.91 -18.84 -18.75
-27.94 -27.91 -27.84 -27.81 -27.75 -27.72 -27.69 -27.62 -27.59 -27.56 -27.50 -27.47 -27.44 -27.41 -27.38 -27.34 -27.31 -27.28 -27.25 -27.22 -27.22 -27.19 -27.16 -27.16 -26.78 -26.56 -26.34 -26.16 -25.91 -26.03 -25.88 -25.59 -25.31 -24.84 -24.53 -24.34 -24.09 -23.69 -23.22 -23.00 -22.75 -22.69 -22.62 -22.56 -21.88 -21.66 -22.12 -22.09 -21.69 -20.62 -20.28 -20.12 -20.00 -19.88 -19.81 -19.62 -19.59 -19.56 -19.66 -19.75 -19.72 -19.72 -19.66 -19.59 -19.56 -19.28 -19.19 -19.09 -19.03 -18.94 -18.88 -18.81
-28.03 -28.00 -27.94 -27.91 -27.84 -27.81 -27.75 -27.72 -27.69 -27.62 -27.59 -27.56 -27.53 -27.50 -27.47 -27.44 -27.41 -27.38 -27.34 -27.31 -27.31 -27.28 -27.25 -27.09 -27.16 -27.19 -26.97 -26.84 -26.56 -26.22 -25.69 -25.31 -25.00 -24.75 -24.47 -24.09 -23.88 -23.59 -23.66 -23.81 -23.66 -23.41 -23.03 -22.75 -22.62 -22.41 -21.69 -21.09 -20.72 -20.50 -20.28 -20.19 -20.03 -20.00 -19.94 -19.78 -19.59 -20.09 -19.97 -19.62 -19.88 -19.81 -19.69 -19.66 -19.56 -19.41 -19.34 -19.31 -19.06 -19.00 -18.94 -18.88
-28.12 -28.06 -28.03 -27.97 -27.94 -27.88 -27.84 -27.81 -27.75 -27.72 -27.69 -27.66 -27.59 -27.56 -27.53 -27.50 -27.47 -27.47 -27.44 -27.41 -27.41 -27.38 -27.31 -27.34 -27.22 -27.00 -26.78 -26.47 -26.28 -26.19 -26.06 -25.62 -25.59 -25.62 -25.53 -25.31 -25.03 -24.69 -24.22 -23.38 -22.75 -22.44 -22.19 -22.03 -21.91 -21.72 -21.47 -21.34 -21.09 -20.72 -20.47 -20.31 -20.25 -19.91 -19.78 -19.66 -20.31 -19.66 -19.53 -19.94 -20.03 -19.91 -19.81 -19.69 -19.66 -19.44 -19.31 -19.31 -19.16 -19.19 -19.00 -18.94
-28.19 -28.16 -28.09 -28.06 -28.00 -27.97 -27.91 -27.88 -27.84 -27.81 -27.75 -27.72 -27.69 -27.66 -27.62 -27.59 -27.56 -27.53 -27.53 -27.50 -27.47 -27.44 -27.41 -27.38 -27.31 -27.25 -27.06 -26.91 -26.69 -26.59 -26.34 -26.19 -25.94 -25.41 -24.69 -24.38 -24.16 -23.66 -23.34 -23.16 -22.94 -22.69 -22.44 -22.19 -22.03 -21.91 -21.81 -21.34 -21.06 -20.78 -20.53 -20.53 -20.12 -20.06 -19.97 -19.97 -20.44 -19.78 -19.91 -20.22 -20.12 -20.00 -19.72 -19.75 -19.66 -19.25 -19.12 -19.16 -19.19 -19.28 -19.06 -19.03
-28.28 -28.22 -28.19 -28.12 -28.09 -28.03 -28.00 -27.97 -27.91 -27.88 -27.84 -27.81 -27.78 -27.72 -27.69 -27.69 -27.66 -27.62 -27.59 -27.59 -27.56 -27.53 -27.56 -27.44 -27.25 -27.00 -26.84 -26.66 -26.53 -26.34 -26.22 -25.88 -25.19 -24.94 -24.75 -24.53 -24.19 -23.97 -23.62 -23.25 -22.97 -22.81 -22.53 -22.31 -22.25 -22.16 -21.75 -21.50 -21.38 -21.19 -20.91 -20.38 -20.34 -20.22 -19.94 -20.66 -20.09 -20.09 -20.44 -20.38 -20.25 -20.12 -20.03 -19.78 -19.41 -19.19 -19.09 -19.12 -19.34 -19.34 -19.31 -19.09
-28.34 -28.31 -28.25 -28.22 -28.16 -28.12 -28.06 -28.03 -28.00 -27.94 -27.91 -27.88 -27.84 -27.81 -27.78 -27.75 -27.72 -27.69 -27.66 -27.66 -27.62 -27.62 -27.59 -27.56 -27.47 -27.16 -26.97 -26.69 -26.31 -26.00 -25.81 -25.56 -25.66 -25.59 -25.19 -24.62 -24.44 -24.06 -23.78 -23.47 -23.34 -22.88 -22.66 -22.59 -22.50 -22.31 -22.16 -21.91 -21.56 -21.06 -20.69 -20.59 -20.44 -20.31 -20.22 -20.88 -20.56 -20.66 -20.59 -20.50 -20.31 -20.00 -19.53 -19.38 -19.31 -19.16 -19.19 -19.19 -19.47 -19.41 -19.38 -19.34
-28.44 -28.38 -28.34 -28.28 -28.25 -28.19 -28.16 -28.09 -28.06 -28.03 -28.00 -27.94 -27.91 -27.88 -27.84 -27.81 -27.78 -27.75 -27.75 -27.72 -27.69 -27.69 -27.66 -27.62 -27.41 -27.34 -27.38 -27.34 -27.25 -27.16 -26.84 -26.56 -26.06 -25.25 -25.12 -24.91 -24.38 -24.09 -23.91 -23.69 -23.25 -23.25 -23.44 -23.09 -22.88 -22.56 -21.97 -21.53 -21.22 -21.03 -20.94 -20.88 -20.66 -20.59 -21.03 -20.97 -20.81 -20.78 -20.69 -20.50 -19.75 -19.69 -19.59 -19.38 -19.28 -19.34 -19.38 -19.47 -19.53 -19.47 -19.44 -19.41
-28.50 -28.47 -28.41 -28.38 -28.31 -28.28 -28.22 -28.19 -28.12 -28.09 -28.06 -28.03 -28.00 -27.94 -27.91 -27.88 -27.84 -27.81 -27.81 -27.78 -27.75 -27.75 -27.72 -27.66 -27.62 -27.44 -27.06 -26.66 -26.38 -26.16 -25.88 -25.59 -25.50 -25.44 -25.09 -24.72 -24.50 -24.88 -24.50 -24.50 -24.31 -23.81 -23.31 -22.78 -22.25 -21.97 -21.75 -21.59 -21.44 -21.28 -21.25 -21.16 -21.09 -21.25 -21.22 -20.53 -21.00 -20.91 -20.72 -20.12 -20.00 -20.00 -19.72 -19.38 -19.34 -19.53 -19.53 -19.62 -19.59 -19.56 -19.50 -19.47
-28.59 -28.53 -28.47 -28.44 -28.38 -28.34 -28.28 -28.25 -28.22 -28.16 -28.12 -28.09 -28.06 -28.03 -27.97 -27.94 -27.91 -27.91 -27.88 -27.84 -27.81 -27.78 -27.75 -27.72 -27.69 -27.66 -27.53 -27.53 -27.31 -27.12 -26.94 -26.75 -26.50 -26.25 -26.06 -25.75 -25.31 -24.41 -24.16 -24.03 -23.81 -23.16 -22.78 -22.56 -22.31 -22.00 -21.84 -21.62 -21.56 -21.66 -21.81 -21.78 -21.59 -21.34 -21.28 -21.25 -21.19 -20.97 -20.59 -20.50 -20.25 -19.78 -19.59 -19.44 -19.47 -19.69 -19.72 -19.69 -19.66 -19.59 -19.56 -19.53
-28.66 -28.59 -28.56 -28.50 -28.47 -28.41 -28.38 -28.31 -28.28 -28.25 -28.19 -28.16 -28.12 -28.09 -28.06 -28.03 -27.97 -27.94 -27.94 -27.91 -27.88 -27.84 -27.81 -27.81 -27.56 -27.25 -26.88 -26.50 -26.31 -26.06 -25.81 -25.47 -25.22 -25.03 -24.91 -24.84 -24.62 -24.94 -24.75 -24.25 -23.81 -23.31 -23.16 -22.94 -22.53 -22.19 -22.03 -21.78 -22.03 -22.06 -21.94 -21.31 -21.53 -21.53 -21.44 -21.34 -21.16 -20.38 -20.19 -19.91 -19.84 -19.66 -19.62 -19.59 -19.75 -19.78 -19.75 -19.72 -19.69 -19.66 -19.62 -19.59
-28.72 -28.69 -28.62 -28.56 -28.53 -28.47 -28.44 -28.38 -28.34 -28.31 -28.25 -28.22 -28.19 -28.16 -28.12 -28.06 -28.03 -28.00 -27.97 -27.97 -27.94 -27.91 -27.84 -27.91 -27.62 -27.38 -27.06 -26.81 -26.47 -26.09 -25.88 -25.59 -26.25 -26.25 -26.16 -25.78 -25.38 -24.66 -24.22 -24.00 -23.88 -23.66 -23.19 -22.75 -22.53 -22.44 -22.22 -22.19 -22.31 -22.22 -21.66 -21.88 -21.88 -21.69 -21.53 -21.34 -20.69 -20.53 -20.34 -19.97 -19.88 -19.78 -19.84 -19.62 -19.91 -19.81 -19.81 -19.78 -19.75 -19.75 -19.69 -19.66
