arlandasctiles/Tile[7,4].asc
ncols 128
nrows 128
xllcorner 0
yllcorner 0
cellsize 2.0
NODATA_value  -9999
[rows 68 to 101 of 128, columns 0 to 76 of 128]
44.62 44.69 44.72 44.81 44.91 45.03 45.19 45.34 45.53 45.69 45.81 45.91 46.00 46.12 46.31 46.50 46.66 46.84 47.00 47.19 47.38 47.56 47.75 47.91 48.09 48.25 48.41 48.56 48.72 48.88 49.00 49.16 49.28 49.44 49.53 49.66 49.75 49.84 49.97 50.06 50.16 50.25 50.34 50.47 50.56 50.72 50.91 51.25 51.72 52.53 53.44 53.94 54.09 54.09 54.12 54.16 54.22 54.25 54.28 54.38 54.50 54.69 54.97 55.28 55.59 55.81 56.00 56.19 56.34 56.53 56.72 56.91 57.09 57.28 57.53 57.78 58.09
44.78 44.84 44.88 44.97 45.06 45.19 45.34 45.53 45.78 46.00 46.16 46.25 46.34 46.50 46.72 46.94 47.16 47.34 47.47 47.66 47.88 48.06 48.22 48.38 48.53 48.69 48.88 49.03 49.19 49.34 49.47 49.59 49.72 49.84 49.97 50.06 50.19 50.28 50.38 50.47 50.59 50.69 50.78 50.91 51.03 51.22 51.47 51.84 52.44 53.31 53.84 54.03 54.06 54.06 54.09 54.16 54.19 54.25 54.31 54.41 54.53 54.72 54.94 55.19 55.41 55.56 55.75 55.94 56.06 56.25 56.44 56.62 56.81 57.03 57.28 57.56 57.84
45.12 45.19 45.28 45.34 45.47 45.62 45.78 45.94 46.09 46.28 46.44 46.53 46.66 46.84 47.06 47.28 47.50 47.66 47.78 48.00 48.22 48.41 48.53 48.69 48.84 49.00 49.19 49.38 49.56 49.72 49.88 50.00 50.12 50.25 50.34 50.47 50.56 50.66 50.78 50.88 50.97 51.09 51.19 51.31 51.47 51.66 51.97 52.50 53.22 53.78 53.97 54.00 54.03 54.06 54.06 54.12 54.19 54.25 54.28 54.34 54.41 54.50 54.72 54.94 55.16 55.31 55.50 55.66 55.81 56.00 56.22 56.41 56.59 56.81 57.06 57.31 57.62
45.53 45.66 45.75 45.84 45.94 46.12 46.28 46.44 46.53 46.69 46.81 46.97 47.12 47.28 47.44 47.62 47.81 48.00 48.16 48.38 48.53 48.69 48.84 48.97 49.12 49.28 49.44 49.62 49.81 50.03 50.19 50.31 50.47 50.59 50.69 50.81 50.91 51.03 51.12 51.22 51.34 51.44 51.56 51.69 51.88 52.09 52.53 53.16 53.69 53.88 53.94 53.97 54.00 54.03 54.06 54.12 54.12 54.12 54.12 54.09 54.12 54.25 54.44 54.66 54.88 55.09 55.28 55.44 55.59 55.81 56.03 56.22 56.41 56.62 56.88 57.12 57.41
45.69 45.81 45.91 46.03 46.16 46.31 46.44 46.56 46.69 46.84 47.00 47.19 47.34 47.50 47.66 47.81 48.00 48.16 48.31 48.53 48.72 48.88 49.06 49.22 49.38 49.53 49.69 49.88 50.06 50.25 50.44 50.62 50.75 50.91 51.00 51.12 51.22 51.31 51.44 51.53 51.66 51.78 51.91 52.09 52.31 52.69 53.19 53.56 53.78 53.84 53.88 53.94 53.97 54.00 54.06 54.03 53.88 53.81 53.84 53.84 53.84 53.94 54.16 54.41 54.69 54.91 55.09 55.28 55.47 55.66 55.88 56.06 56.25 56.47 56.69 56.94 57.22
45.69 45.81 45.91 46.03 46.16 46.31 46.44 46.56 46.72 46.88 47.03 47.19 47.34 47.50 47.69 47.84 48.00 48.16 48.34 48.53 48.72 48.91 49.09 49.28 49.44 49.62 49.81 50.00 50.19 50.41 50.59 50.78 50.97 51.12 51.28 51.41 51.53 51.66 51.75 51.88 52.03 52.19 52.38 52.62 52.91 53.28 53.41 53.44 53.56 53.75 53.84 53.88 53.94 54.00 53.97 53.88 53.69 53.59 53.59 53.59 53.59 53.75 54.03 54.38 54.69 54.94 55.09 55.25 55.41 55.56 55.75 55.94 56.12 56.31 56.53 56.75 57.03
45.69 45.78 45.91 46.03 46.16 46.28 46.44 46.56 46.72 46.88 47.03 47.19 47.38 47.53 47.69 47.84 48.00 48.19 48.38 48.56 48.75 48.91 49.09 49.28 49.47 49.66 49.81 50.00 50.19 50.41 50.59 50.78 50.97 51.16 51.34 51.53 51.72 51.88 52.03 52.19 52.38 52.56 52.75 52.94 53.22 53.38 53.41 53.44 53.47 53.53 53.66 53.81 53.91 53.91 53.81 53.69 53.62 53.56 53.50 53.44 53.50 53.75 54.09 54.47 54.84 55.12 55.25 55.34 55.41 55.53 55.66 55.81 56.00 56.19 56.38 56.59 56.84
45.69 45.78 45.91 46.03 46.16 46.28 46.44 46.56 46.72 46.88 47.06 47.22 47.38 47.53 47.69 47.88 48.03 48.22 48.41 48.56 48.75 48.94 49.12 49.31 49.50 49.66 49.84 50.03 50.22 50.41 50.59 50.78 50.97 51.16 51.34 51.53 51.75 51.91 52.09 52.28 52.47 52.62 52.81 52.97 53.28 53.41 53.41 53.44 53.47 53.53 53.56 53.62 53.75 53.88 53.78 53.75 53.66 53.50 53.44 53.50 53.62 53.94 54.31 54.75 55.09 55.31 55.44 55.44 55.47 55.53 55.62 55.78 55.91 56.09 56.28 56.47 56.72
45.66 45.78 45.91 46.06 46.19 46.31 46.47 46.59 46.78 46.94 47.09 47.25 47.41 47.56 47.72 47.88 48.06 48.25 48.41 48.59 48.78 48.97 49.16 49.34 49.50 49.69 49.88 50.06 50.25 50.44 50.62 50.81 51.00 51.19 51.38 51.56 51.75 51.94 52.09 52.28 52.47 52.62 52.78 52.94 53.25 53.41 53.44 53.47 53.50 53.56 53.59 53.66 53.69 53.78 53.91 54.00 53.84 53.56 53.50 53.62 53.91 54.22 54.62 55.03 55.31 55.47 55.53 55.56 55.53 55.56 55.62 55.75 55.88 56.03 56.19 56.41 56.62
45.91 46.00 46.12 46.22 46.34 46.44 46.59 46.75 46.91 47.03 47.19 47.31 47.47 47.62 47.78 47.97 48.16 48.34 48.50 48.69 48.84 49.00 49.19 49.34 49.53 49.72 49.91 50.09 50.28 50.44 50.66 50.81 51.03 51.19 51.41 51.56 51.75 51.94 52.09 52.28 52.44 52.62 52.75 52.91 53.09 53.41 53.44 53.47 53.53 53.56 53.62 53.66 53.72 53.81 53.91 53.97 54.06 54.00 53.91 53.97 54.16 54.47 54.81 55.12 55.38 55.53 55.56 55.59 55.59 55.62 55.69 55.78 55.88 56.00 56.16 56.38 56.62
46.31 46.31 46.34 46.38 46.47 46.53 46.72 46.84 46.97 47.09 47.22 47.34 47.50 47.66 47.81 48.00 48.25 48.50 48.72 48.91 49.09 49.25 49.41 49.56 49.72 49.84 50.00 50.16 50.31 50.50 50.69 50.84 51.03 51.22 51.41 51.59 51.75 51.94 52.12 52.28 52.44 52.59 52.75 52.88 53.00 53.22 53.44 53.50 53.56 53.59 53.66 53.69 53.75 53.84 53.94 54.00 54.12 54.22 54.41 54.53 54.66 54.78 54.94 55.12 55.28 55.44 55.47 55.50 55.62 55.72 55.75 55.81 55.91 56.03 56.19 56.41 56.69
46.56 46.53 46.50 46.50 46.56 46.66 46.81 46.94 47.03 47.16 47.25 47.34 47.47 47.62 47.78 48.00 48.28 48.62 48.94 49.19 49.44 49.62 49.81 49.97 50.09 50.22 50.34 50.47 50.56 50.69 50.81 50.94 51.06 51.22 51.41 51.59 51.78 51.97 52.19 52.34 52.50 52.69 52.88 53.06 53.28 53.53 53.78 53.91 53.84 53.66 53.66 53.72 53.78 53.88 53.97 54.03 54.16 54.25 54.44 54.59 54.75 54.91 55.06 55.22 55.34 55.47 55.53 55.56 55.66 55.75 55.78 55.84 55.94 56.06 56.28 56.53 56.84
46.72 46.69 46.69 46.72 46.75 46.88 46.97 47.09 47.19 47.28 47.38 47.44 47.53 47.69 47.88 48.09 48.38 48.72 49.06 49.34 49.62 49.88 50.09 50.25 50.41 50.53 50.62 50.72 50.81 50.88 50.91 50.97 51.03 51.12 51.28 51.47 51.81 52.16 52.47 52.72 53.00 53.28 53.56 53.78 53.97 54.19 54.34 54.47 54.53 54.44 54.09 53.84 53.81 53.91 54.00 54.06 54.19 54.31 54.47 54.62 54.78 54.94 55.09 55.25 55.41 55.56 55.72 55.88 56.03 56.16 56.22 56.28 56.28 56.34 56.50 56.72 57.03
46.91 46.94 46.94 46.97 47.03 47.12 47.22 47.31 47.41 47.50 47.59 47.69 47.78 47.94 48.09 48.31 48.59 48.91 49.22 49.53 49.78 50.03 50.22 50.34 50.47 50.59 50.69 50.75 50.84 50.88 50.94 50.97 51.00 51.06 51.19 51.34 51.75 52.31 52.84 53.31 53.72 54.12 54.25 54.28 54.34 54.44 54.50 54.56 54.66 54.72 54.81 54.78 54.53 54.16 54.03 54.09 54.22 54.34 54.50 54.66 54.81 54.97 55.12 55.28 55.44 55.59 55.75 55.91 56.06 56.22 56.38 56.53 56.72 56.88 57.03 57.16 57.31
47.06 47.12 47.19 47.22 47.28 47.38 47.47 47.56 47.69 47.78 47.88 48.00 48.12 48.28 48.47 48.66 48.91 49.16 49.44 49.72 49.97 50.16 50.28 50.44 50.53 50.62 50.72 50.78 50.84 50.88 50.91 50.94 50.97 51.03 51.16 51.31 51.62 52.31 52.97 53.53 53.84 54.06 54.19 54.28 54.38 54.50 54.56 54.66 54.75 54.81 54.91 55.00 55.09 55.09 54.72 54.41 54.28 54.38 54.53 54.69 54.84 55.00 55.16 55.31 55.47 55.62 55.78 55.94 56.09 56.25 56.41 56.56 56.75 56.91 57.06 57.22 57.41
47.25 47.31 47.41 47.47 47.56 47.66 47.75 47.84 47.97 48.06 48.19 48.31 48.44 48.59 48.78 48.97 49.19 49.41 49.66 49.88 50.06 50.22 50.38 50.47 50.56 50.66 50.72 50.78 50.84 50.88 50.91 50.94 50.97 51.03 51.12 51.28 51.53 52.25 52.94 53.56 53.75 53.94 54.12 54.25 54.41 54.53 54.62 54.72 54.81 54.91 54.97 55.06 55.12 55.16 55.00 54.72 54.41 54.16 54.06 54.22 54.56 54.91 55.16 55.34 55.50 55.66 55.81 55.97 56.12 56.28 56.44 56.62 56.78 56.94 57.09 57.25 57.44
47.41 47.53 47.62 47.72 47.84 47.94 48.03 48.16 48.28 48.41 48.53 48.66 48.78 48.91 49.06 49.25 49.44 49.62 49.81 50.00 50.16 50.31 50.41 50.53 50.62 50.69 50.75 50.78 50.84 50.88 50.91 50.94 50.97 51.03 51.12 51.28 51.53 52.22 52.91 53.53 53.69 53.81 54.03 54.22 54.41 54.56 54.69 54.78 54.88 54.97 55.03 55.09 55.16 55.16 55.00 54.75 54.44 54.12 53.81 53.72 53.81 54.09 54.50 54.94 55.28 55.53 55.75 55.97 56.16 56.31 56.47 56.66 56.81 56.97 57.12 57.28 57.47
47.59 47.72 47.84 47.97 48.09 48.22 48.34 48.47 48.59 48.69 48.81 48.94 49.06 49.19 49.31 49.47 49.62 49.81 49.97 50.12 50.25 50.38 50.47 50.56 50.66 50.72 50.78 50.81 50.84 50.88 50.91 50.94 50.97 51.03 51.12 51.28 51.56 52.19 52.91 53.47 53.62 53.78 54.00 54.22 54.44 54.62 54.78 54.88 54.97 55.03 55.06 55.09 55.16 55.12 55.00 54.78 54.53 54.19 53.75 53.59 53.62 53.78 54.03 54.31 54.56 54.75 54.91 55.22 55.66 56.12 56.41 56.62 56.81 57.00 57.16 57.31 57.50
47.75 47.91 48.06 48.19 48.38 48.50 48.66 48.75 48.88 48.97 49.09 49.22 49.31 49.44 49.56 49.69 49.81 49.97 50.09 50.22 50.34 50.44 50.53 50.59 50.69 50.75 50.78 50.84 50.88 50.91 50.94 50.97 51.03 51.09 51.19 51.34 51.66 52.25 53.00 53.53 53.69 53.88 54.06 54.28 54.50 54.69 54.88 54.97 55.06 55.09 55.12 55.09 55.12 55.12 55.03 54.88 54.62 54.25 53.72 53.38 53.34 53.47 53.69 53.94 54.19 54.41 54.59 54.84 55.12 55.41 55.69 56.03 56.31 56.56 56.75 57.09 57.41
47.91 48.09 48.25 48.44 48.62 48.78 48.94 49.03 49.12 49.25 49.34 49.44 49.53 49.66 49.75 49.88 50.00 50.09 50.22 50.31 50.41 50.50 50.56 50.66 50.72 50.78 50.81 50.88 50.91 50.94 51.00 51.03 51.06 51.16 51.25 51.47 51.78 52.44 53.22 53.62 53.81 54.00 54.22 54.44 54.69 54.91 55.06 55.16 55.22 55.22 55.19 55.19 55.19 55.19 55.12 54.97 54.72 54.28 53.69 53.19 53.06 53.25 53.47 53.69 53.94 54.16 54.41 54.62 54.91 55.19 55.44 55.69 55.88 56.03 56.19 56.38 56.72
48.06 48.25 48.47 48.66 48.88 49.06 49.22 49.28 49.38 49.47 49.56 49.66 49.75 49.81 49.94 50.03 50.12 50.22 50.31 50.41 50.47 50.56 50.62 50.69 50.75 50.81 50.88 50.91 50.97 51.00 51.03 51.09 51.16 51.25 51.38 51.59 51.94 52.66 53.41 53.78 53.97 54.22 54.44 54.72 54.97 55.25 55.47 55.56 55.53 55.47 55.38 55.28 55.22 55.22 55.19 55.03 54.75 54.28 53.66 53.09 53.03 53.12 53.28 53.50 53.72 53.94 54.19 54.44 54.69 54.94 55.22 55.47 55.69 55.91 56.09 56.34 56.66
48.22 48.44 48.66 48.88 49.09 49.31 49.44 49.50 49.59 49.66 49.75 49.81 49.91 49.97 50.06 50.16 50.25 50.31 50.41 50.47 50.53 50.62 50.69 50.75 50.81 50.84 50.91 50.97 51.00 51.06 51.12 51.19 51.25 51.34 51.50 51.75 52.16 52.91 53.56 53.94 54.22 54.50 54.78 55.06 55.44 55.72 55.94 55.97 55.88 55.72 55.53 55.34 55.22 55.16 55.12 54.97 54.69 54.19 53.50 53.06 52.94 52.97 53.09 53.28 53.47 53.72 53.97 54.22 54.47 54.75 55.00 55.28 55.53 55.78 56.06 56.34 56.62
48.38 48.59 48.84 49.06 49.31 49.50 49.59 49.66 49.72 49.81 49.88 49.94 50.03 50.09 50.19 50.25 50.34 50.41 50.47 50.53 50.59 50.66 50.72 50.78 50.84 50.91 50.97 51.00 51.06 51.12 51.19 51.28 51.34 51.47 51.66 51.91 52.38 53.12 53.75 54.19 54.47 54.81 55.19 55.59 55.91 56.12 56.31 56.38 56.19 55.94 55.66 55.38 55.16 55.00 54.94 54.78 54.44 53.88 53.25 52.88 52.78 52.78 52.91 53.06 53.25 53.50 53.72 54.00 54.25 54.53 54.84 55.12 55.41 55.69 56.00 56.28 56.56
48.50 48.75 49.03 49.28 49.50 49.62 49.72 49.78 49.84 49.91 49.97 50.03 50.12 50.19 50.28 50.34 50.41 50.47 50.53 50.59 50.66 50.69 50.75 50.81 50.88 50.94 51.00 51.06 51.12 51.22 51.28 51.38 51.47 51.62 51.84 52.12 52.66 53.41 54.00 54.53 54.97 55.38 55.72 56.00 56.22 56.34 56.44 56.47 56.44 56.19 55.75 55.31 54.97 54.69 54.47 54.28 53.88 53.38 52.88 52.59 52.50 52.53 52.66 52.81 53.03 53.25 53.50 53.78 54.06 54.34 54.66 54.97 55.28 55.59 55.88 56.19 56.47
48.62 48.91 49.19 49.44 49.66 49.72 49.78 49.84 49.91 49.97 50.03 50.12 50.19 50.25 50.34 50.41 50.47 50.53 50.56 50.62 50.69 50.72 50.78 50.84 50.91 50.97 51.06 51.12 51.19 51.28 51.38 51.50 51.62 51.78 52.03 52.38 52.91 53.75 54.53 55.16 55.59 55.91 56.16 56.31 56.41 56.44 56.03 56.47 56.47 56.38 55.78 55.16 54.66 54.25 53.91 53.59 53.19 52.75 52.38 52.22 52.19 52.25 52.38 52.53 52.75 53.00 53.25 53.53 53.84 54.16 54.47 54.78 55.12 55.44 55.75 56.06 56.34
48.75 49.06 49.38 49.59 49.69 49.75 49.81 49.88 49.94 50.00 50.09 50.16 50.22 50.31 50.38 50.44 50.50 50.56 50.59 50.66 50.72 50.75 50.81 50.88 50.94 51.03 51.09 51.19 51.28 51.38 51.47 51.59 51.75 51.94 52.19 52.53 53.47 54.38 55.16 55.72 56.06 56.28 56.41 56.47 56.47 56.22 56.47 56.47 56.44 56.31 55.66 54.84 54.25 53.75 53.31 52.88 52.50 52.16 51.84 51.78 51.81 51.91 52.03 52.25 52.47 52.72 53.00 53.31 53.62 53.94 54.25 54.59 54.94 55.28 55.59 55.91 56.22
48.88 49.19 49.47 49.59 49.69 49.75 49.84 49.91 49.97 50.03 50.09 50.16 50.22 50.31 50.38 50.47 50.53 50.56 50.62 50.66 50.72 50.78 50.84 50.91 50.97 51.06 51.12 51.22 51.34 51.44 51.56 51.69 51.88 52.09 52.34 53.09 54.00 54.88 55.62 56.12 56.41 56.47 56.44 56.47 56.47 56.47 56.44 56.38 56.19 55.91 55.09 54.34 53.78 53.19 52.69 52.25 51.88 51.56 51.34 51.31 51.38 51.50 51.69 51.91 52.16 52.44 52.75 53.03 53.38 53.72 54.03 54.41 54.75 55.09 55.41 55.75 56.06
48.94 49.28 49.47 49.56 49.66 49.75 49.81 49.88 49.94 50.00 50.06 50.16 50.22 50.28 50.38 50.44 50.50 50.56 50.59 50.66 50.72 50.78 50.84 50.91 51.00 51.06 51.16 51.28 51.38 51.50 51.62 51.78 51.97 52.25 52.56 53.56 54.41 55.25 55.91 56.31 56.47 56.44 56.44 56.34 56.47 56.47 56.34 56.03 55.47 54.56 54.03 53.78 53.34 52.69 52.09 51.62 51.28 51.00 50.81 50.81 50.94 51.09 51.31 51.56 51.84 52.12 52.44 52.78 53.09 53.47 53.81 54.16 54.53 54.88 55.22 55.56 55.88
48.94 49.25 49.41 49.53 49.62 49.69 49.78 49.84 49.91 49.97 50.03 50.12 50.19 50.25 50.34 50.41 50.47 50.53 50.59 50.62 50.69 50.75 50.81 50.91 51.00 51.09 51.19 51.31 51.44 51.56 51.72 51.88 52.06 52.31 53.03 53.97 54.84 55.59 56.16 56.41 56.47 56.44 56.34 56.47 56.47 56.41 56.03 55.38 54.56 53.84 53.53 53.50 53.16 52.25 51.53 51.00 50.66 50.44 50.31 50.28 50.44 50.66 50.91 51.19 51.50 51.81 52.16 52.47 52.81 53.19 53.56 53.94 54.28 54.66 55.00 55.34 55.69
48.88 49.19 49.34 49.47 49.56 49.62 49.72 49.78 49.84 49.91 49.97 50.06 50.12 50.19 50.28 50.38 50.44 50.47 50.53 50.59 50.66 50.72 50.78 50.88 50.97 51.09 51.19 51.34 51.47 51.62 51.78 51.94 52.09 52.28 52.47 54.03 55.19 55.94 56.34 56.47 56.47 56.38 56.47 56.47 56.47 56.28 55.56 54.59 53.75 53.25 53.16 53.38 53.09 51.66 50.84 50.34 50.03 49.84 49.78 49.81 49.97 50.22 50.50 50.81 51.12 51.47 51.81 52.16 52.53 52.91 53.28 53.66 54.03 54.41 54.78 55.12 55.47
48.78 49.09 49.25 49.38 49.47 49.53 49.62 49.69 49.75 49.81 49.91 49.97 50.03 50.12 50.19 50.28 50.34 50.41 50.47 50.53 50.59 50.66 50.75 50.84 50.94 51.06 51.19 51.34 51.50 51.66 51.81 51.97 52.16 52.25 52.38 53.78 55.31 56.25 56.44 56.47 56.47 56.47 56.47 56.47 56.47 56.09 54.94 53.75 52.97 52.59 52.56 52.81 51.78 50.69 50.03 49.59 49.34 49.22 49.22 49.31 49.53 49.78 50.09 50.41 50.75 51.09 51.47 51.81 52.22 52.59 52.97 53.38 53.75 54.16 54.53 54.88 55.25
48.66 48.97 49.12 49.25 49.34 49.44 49.50 49.56 49.66 49.72 49.78 49.88 49.94 50.03 50.09 50.19 50.25 50.31 50.38 50.44 50.50 50.59 50.69 50.78 50.91 51.03 51.19 51.31 51.50 51.66 51.84 52.03 52.22 52.44 52.97 53.94 55.09 56.22 56.28 56.22 56.28 56.44 56.47 56.47 56.44 56.03 53.84 52.91 52.25 51.78 51.47 50.94 50.12 49.53 49.09 48.81 48.62 48.59 48.66 48.81 49.06 49.34 49.66 50.00 50.34 50.72 51.09 51.47 51.88 52.28 52.66 53.09 53.47 53.88 54.25 54.62 55.00
48.50 48.81 48.97 49.09 49.19 49.28 49.38 49.44 49.50 49.59 49.66 49.75 49.81 49.91 49.97 50.03 50.09 50.19 50.25 50.31 50.38 50.47 50.59 50.69 50.84 50.97 51.12 51.31 51.50 51.69 51.88 52.06 52.28 52.62 53.22 54.00 54.84 55.59 55.75 55.66 55.75 56.03 56.44 56.47 56.38 53.56 52.94 52.25 51.53 50.72 49.91 49.34 48.88 48.53 48.25 48.06 48.00 48.00 48.09 48.31 48.56 48.88 49.19 49.56 49.94 50.31 50.69 51.09 51.50 51.94 52.34 52.75 53.19 53.59 54.00 54.38 54.75
48.34 48.62 48.81 48.91 49.03 49.09 49.19 49.28 49.34 49.44 49.50 49.59 49.66 49.75 49.81 49.91 49.97 50.03 50.09 50.16 50.25 50.34 50.47 50.59 50.75 50.91 51.06 51.25 51.47 51.69 51.91 52.12 52.38 52.78 53.31 53.94 54.56 54.88 54.97 54.84 54.84 55.03 55.84 53.81 53.66 53.25 52.59 51.59 50.38 49.34 48.59 48.12 47.84 47.59 47.44 47.34 47.34 47.41 47.56 47.78 48.06 48.38 48.72 49.09 49.50 49.88 50.28 50.72 51.12 51.56 52.00 52.44 52.84 53.28 53.69 54.09 54.50
