arlandasctiles/Tile8,7.asc
ncols 128
nrows 128
xllcorner 0
yllcorner 0
cellsize 2.0
NODATA_value  -9999
[rows 34 to 67 of 128, columns 0 to 76 of 128]
26.12 26.12 26.19 26.25 26.28 26.41 26.50 26.56 26.72 26.88 27.00 27.09 27.19 27.31 27.41 27.56 27.72 27.88 28.06 28.16 28.38 28.53 28.75 28.97 29.12 29.34 29.50 29.59 29.75 29.97 30.19 30.41 30.62 30.81 31.03 31.25 31.47 31.72 32.00 32.22 32.47 32.75 33.06 33.34 33.66 33.91 34.25 34.56 34.81 35.12 35.47 35.78 36.09 36.47 36.81 37.16 37.53 37.91 38.34 38.72 39.09 39.44 39.84 40.22 40.59 40.94 41.34 41.69 42.06 42.38 42.78 43.16 43.47 43.84 44.22 44.53 44.91
25.88 25.88 25.91 25.97 26.03 26.12 26.25 26.34 26.47 26.62 26.72 26.84 26.94 27.03 27.12 27.31 27.47 27.56 27.72 27.88 28.06 28.25 28.47 28.69 28.84 29.00 29.16 29.34 29.53 29.75 29.97 30.19 30.41 30.62 30.81 31.09 31.31 31.56 31.84 32.09 32.38 32.62 32.94 33.22 33.53 33.81 34.06 34.41 34.66 34.97 35.31 35.66 36.03 36.41 36.81 37.16 37.53 37.97 38.34 38.78 39.12 39.50 39.88 40.31 40.69 41.06 41.44 41.81 42.19 42.56 42.88 43.25 43.56 43.94 44.31 44.69 45.03
25.66 25.66 25.66 25.69 25.81 25.88 25.97 26.06 26.25 26.34 26.47 26.50 26.66 26.78 26.88 27.03 27.19 27.31 27.41 27.56 27.78 28.00 28.22 28.44 28.59 28.75 28.97 29.12 29.34 29.53 29.75 29.97 30.25 30.44 30.66 30.94 31.19 31.41 31.66 32.00 32.25 32.53 32.81 33.06 33.34 33.66 33.91 34.25 34.56 34.88 35.19 35.62 36.00 36.38 36.75 37.16 37.59 38.03 38.44 38.81 39.25 39.62 40.03 40.41 40.78 41.22 41.59 41.97 42.34 42.72 43.03 43.41 43.72 44.09 44.44 44.81 45.19
25.38 25.38 25.44 25.50 25.56 25.66 25.69 25.81 25.97 26.06 26.19 26.28 26.41 26.50 26.62 26.78 26.94 27.03 27.19 27.38 27.56 27.78 27.94 28.16 28.31 28.53 28.75 28.97 29.16 29.38 29.59 29.81 30.06 30.28 30.56 30.78 31.03 31.31 31.56 31.84 32.09 32.38 32.62 32.91 33.16 33.44 33.75 34.06 34.41 34.78 35.12 35.50 35.88 36.25 36.69 37.12 37.53 37.97 38.44 38.88 39.31 39.72 40.16 40.53 40.88 41.34 41.69 42.12 42.50 42.88 43.25 43.56 43.94 44.28 44.59 44.91 45.28
25.16 25.16 25.22 25.22 25.28 25.38 25.50 25.59 25.69 25.81 25.91 26.03 26.12 26.25 26.41 26.50 26.66 26.78 26.94 27.12 27.31 27.53 27.72 27.94 28.16 28.31 28.53 28.75 28.97 29.22 29.44 29.66 29.91 30.12 30.41 30.66 30.94 31.19 31.41 31.66 31.94 32.22 32.44 32.69 33.00 33.28 33.59 33.97 34.28 34.66 35.03 35.41 35.78 36.16 36.62 37.06 37.47 37.97 38.38 38.88 39.38 39.78 40.22 40.62 41.06 41.44 41.84 42.22 42.66 43.03 43.41 43.78 44.16 44.47 44.81 45.12 45.44
24.91 24.97 24.97 25.03 25.06 25.12 25.22 25.34 25.44 25.56 25.66 25.75 25.91 26.03 26.12 26.28 26.41 26.56 26.72 26.94 27.12 27.38 27.56 27.72 27.94 28.16 28.38 28.59 28.81 29.06 29.28 29.53 29.75 30.03 30.25 30.50 30.78 31.03 31.25 31.50 31.72 32.00 32.25 32.53 32.84 33.16 33.47 33.81 34.19 34.56 34.94 35.31 35.66 36.16 36.59 37.06 37.47 37.97 38.44 38.97 39.44 39.88 40.38 40.78 41.16 41.62 42.00 42.38 42.81 43.19 43.62 43.94 44.31 44.69 45.00 45.34 45.66
24.62 24.69 24.75 24.81 24.81 24.91 25.03 25.12 25.22 25.34 25.38 25.56 25.66 25.75 25.91 26.03 26.19 26.34 26.56 26.78 26.94 27.12 27.38 27.56 27.78 28.00 28.22 28.44 28.69 28.91 29.12 29.38 29.59 29.88 30.12 30.34 30.62 30.81 31.03 31.31 31.50 31.78 32.06 32.38 32.69 33.00 33.34 33.69 34.06 34.41 34.78 35.19 35.62 36.03 36.53 37.00 37.53 38.03 38.50 39.03 39.50 40.03 40.47 40.94 41.38 41.75 42.19 42.59 42.97 43.41 43.78 44.16 44.53 44.91 45.22 45.53 45.88
24.44 24.47 24.53 24.53 24.59 24.62 24.75 24.84 24.97 25.06 25.16 25.28 25.44 25.56 25.69 25.81 25.97 26.19 26.41 26.62 26.78 27.00 27.19 27.41 27.62 27.84 28.06 28.25 28.53 28.75 28.97 29.22 29.44 29.69 29.91 30.19 30.41 30.62 30.81 31.09 31.38 31.56 31.88 32.22 32.53 32.84 33.22 33.59 33.97 34.34 34.78 35.12 35.56 36.03 36.53 37.00 37.47 37.97 38.56 39.09 39.56 40.03 40.59 41.00 41.47 41.91 42.38 42.78 43.12 43.50 43.94 44.31 44.75 45.12 45.44 45.81 46.12
24.22 24.28 24.28 24.31 24.38 24.44 24.47 24.62 24.75 24.84 24.97 25.06 25.16 25.34 25.50 25.66 25.81 26.03 26.25 26.41 26.62 26.84 27.03 27.25 27.47 27.69 27.88 28.16 28.38 28.59 28.84 29.06 29.28 29.53 29.75 29.97 30.19 30.41 30.66 30.88 31.12 31.41 31.72 32.06 32.38 32.75 33.12 33.47 33.91 34.28 34.72 35.12 35.62 36.03 36.53 37.00 37.47 38.03 38.50 39.09 39.66 40.16 40.62 41.12 41.59 42.06 42.50 42.91 43.34 43.72 44.09 44.53 44.88 45.28 45.66 46.03 46.41
24.00 24.06 24.06 24.09 24.09 24.16 24.28 24.38 24.47 24.62 24.75 24.84 24.97 25.12 25.28 25.50 25.66 25.88 26.06 26.28 26.47 26.66 26.88 27.09 27.31 27.53 27.72 28.00 28.22 28.44 28.62 28.91 29.12 29.34 29.53 29.75 29.97 30.19 30.41 30.66 30.94 31.25 31.56 31.88 32.22 32.59 33.00 33.38 33.81 34.25 34.66 35.12 35.56 36.09 36.59 37.06 37.59 38.06 38.59 39.12 39.66 40.22 40.69 41.22 41.69 42.19 42.66 43.09 43.50 43.94 44.38 44.75 45.12 45.47 45.91 46.28 46.62
23.78 23.78 23.84 23.84 23.88 23.94 24.06 24.16 24.31 24.44 24.53 24.62 24.81 24.97 25.12 25.34 25.50 25.69 25.91 26.06 26.28 26.50 26.72 26.94 27.12 27.38 27.56 27.84 28.06 28.25 28.47 28.69 28.97 29.12 29.34 29.53 29.75 29.97 30.19 30.50 30.78 31.03 31.38 31.72 32.09 32.47 32.91 33.34 33.75 34.25 34.66 35.12 35.62 36.03 36.59 37.12 37.66 38.19 38.72 39.25 39.78 40.31 40.84 41.28 41.81 42.34 42.81 43.31 43.72 44.09 44.59 44.94 45.31 45.69 46.12 46.50 46.88
23.53 23.59 23.62 23.62 23.69 23.72 23.84 23.94 24.06 24.22 24.31 24.47 24.62 24.81 24.97 25.16 25.34 25.56 25.75 25.91 26.12 26.34 26.56 26.78 27.00 27.19 27.41 27.69 27.88 28.09 28.31 28.53 28.75 28.91 29.12 29.34 29.53 29.75 30.03 30.28 30.56 30.88 31.19 31.56 32.00 32.38 32.84 33.28 33.75 34.19 34.66 35.12 35.66 36.16 36.69 37.22 37.69 38.22 38.78 39.38 39.88 40.41 40.94 41.47 41.97 42.50 43.03 43.50 44.00 44.38 44.78 45.22 45.59 45.97 46.34 46.75 47.16
23.31 23.38 23.38 23.41 23.47 23.53 23.62 23.72 23.84 24.00 24.09 24.28 24.47 24.62 24.81 25.03 25.16 25.38 25.59 25.75 25.97 26.19 26.41 26.62 26.84 27.03 27.25 27.47 27.69 27.88 28.09 28.31 28.53 28.69 28.91 29.06 29.34 29.53 29.81 30.06 30.34 30.72 31.03 31.47 31.88 32.31 32.75 33.22 33.66 34.12 34.62 35.09 35.62 36.16 36.69 37.22 37.81 38.34 38.88 39.44 40.00 40.53 41.06 41.59 42.12 42.66 43.19 43.72 44.19 44.62 45.06 45.44 45.84 46.22 46.59 46.97 47.34
23.09 23.12 23.12 23.19 23.25 23.31 23.41 23.53 23.69 23.84 23.94 24.09 24.28 24.47 24.62 24.84 25.03 25.22 25.44 25.66 25.81 26.03 26.25 26.47 26.66 26.88 27.09 27.31 27.53 27.72 27.94 28.09 28.25 28.47 28.62 28.84 29.06 29.34 29.59 29.88 30.19 30.56 30.94 31.38 31.78 32.22 32.62 33.12 33.59 34.06 34.62 35.12 35.66 36.22 36.75 37.28 37.88 38.44 38.97 39.56 40.09 40.69 41.22 41.75 42.28 42.81 43.31 43.81 44.38 44.78 45.28 45.69 46.06 46.50 46.91 47.25 47.56
22.88 22.94 22.94 23.00 23.03 23.09 23.25 23.38 23.53 23.62 23.78 23.94 24.16 24.31 24.47 24.69 24.84 25.06 25.28 25.50 25.66 25.88 26.06 26.28 26.50 26.72 26.94 27.09 27.31 27.53 27.69 27.88 28.06 28.25 28.44 28.62 28.84 29.12 29.38 29.69 30.06 30.44 30.88 31.25 31.66 32.16 32.59 33.06 33.59 34.06 34.62 35.12 35.66 36.22 36.81 37.34 37.91 38.50 39.12 39.66 40.25 40.84 41.38 41.97 42.50 42.97 43.50 44.00 44.47 45.00 45.44 45.91 46.34 46.75 47.19 47.50 47.81
22.66 22.72 22.72 22.78 22.84 22.94 23.03 23.19 23.31 23.47 23.62 23.78 24.00 24.16 24.31 24.53 24.69 24.91 25.12 25.28 25.50 25.69 25.91 26.12 26.34 26.50 26.72 26.94 27.09 27.31 27.47 27.62 27.84 28.00 28.22 28.44 28.62 28.91 29.22 29.53 29.91 30.34 30.72 31.19 31.62 32.09 32.59 33.06 33.53 34.06 34.62 35.19 35.72 36.25 36.84 37.44 38.03 38.59 39.19 39.78 40.31 40.94 41.47 42.00 42.59 43.12 43.72 44.19 44.69 45.16 45.62 46.12 46.56 46.97 47.34 47.78 48.16
22.47 22.50 22.50 22.56 22.66 22.78 22.88 23.03 23.12 23.31 23.47 23.69 23.78 24.00 24.16 24.38 24.53 24.75 24.97 25.12 25.34 25.56 25.75 25.91 26.12 26.34 26.50 26.72 26.88 27.09 27.25 27.41 27.56 27.78 28.00 28.22 28.47 28.69 29.00 29.38 29.81 30.25 30.66 31.12 31.62 32.06 32.53 33.00 33.53 34.06 34.62 35.12 35.72 36.38 36.91 37.47 38.06 38.72 39.31 39.88 40.47 41.06 41.59 42.19 42.72 43.31 43.88 44.38 44.88 45.38 45.81 46.28 46.72 47.12 47.56 47.94 48.31
22.25 22.28 22.34 22.34 22.47 22.56 22.72 22.84 23.00 23.12 23.31 23.47 23.62 23.84 24.00 24.22 24.38 24.59 24.81 24.97 25.16 25.38 25.56 25.75 25.91 26.12 26.34 26.50 26.66 26.84 27.00 27.12 27.38 27.53 27.78 28.00 28.25 28.53 28.91 29.28 29.69 30.12 30.62 31.09 31.56 32.09 32.59 33.12 33.59 34.12 34.72 35.25 35.84 36.41 37.00 37.59 38.19 38.78 39.38 40.00 40.53 41.16 41.75 42.34 42.91 43.50 44.03 44.59 45.12 45.59 46.06 46.50 46.91 47.28 47.72 48.09 48.53
22.03 22.09 22.12 22.19 22.28 22.41 22.56 22.66 22.84 23.00 23.12 23.31 23.47 23.69 23.84 24.06 24.22 24.44 24.59 24.81 25.03 25.16 25.38 25.56 25.75 25.91 26.12 26.28 26.47 26.62 26.78 26.94 27.09 27.38 27.56 27.78 28.06 28.38 28.75 29.16 29.59 30.06 30.56 31.09 31.56 32.09 32.62 33.16 33.69 34.25 34.78 35.38 35.94 36.53 37.06 37.66 38.28 38.88 39.44 40.03 40.69 41.28 41.91 42.50 43.09 43.72 44.25 44.78 45.31 45.84 46.28 46.75 47.12 47.50 47.94 48.31 48.75
21.88 21.88 21.91 22.03 22.12 22.25 22.34 22.50 22.66 22.84 23.00 23.12 23.31 23.53 23.69 23.84 24.06 24.22 24.44 24.62 24.81 25.03 25.16 25.38 25.56 25.69 25.91 26.06 26.25 26.41 26.56 26.72 26.94 27.09 27.38 27.56 27.88 28.25 28.69 29.12 29.59 30.06 30.56 31.03 31.56 32.09 32.62 33.16 33.69 34.28 34.81 35.41 36.00 36.59 37.16 37.75 38.34 38.91 39.56 40.16 40.75 41.38 42.06 42.72 43.31 43.88 44.41 45.00 45.47 46.00 46.44 46.91 47.41 47.78 48.16 48.53 48.88
21.66 21.66 21.75 21.81 21.91 22.09 22.19 22.34 22.50 22.66 22.84 23.00 23.12 23.38 23.53 23.69 23.88 24.06 24.28 24.44 24.62 24.81 24.97 25.16 25.34 25.50 25.66 25.81 25.97 26.12 26.28 26.50 26.66 26.88 27.12 27.41 27.78 28.22 28.62 29.06 29.53 30.03 30.50 31.03 31.56 32.09 32.62 33.16 33.75 34.28 34.88 35.47 36.03 36.62 37.22 37.88 38.44 39.09 39.72 40.31 40.94 41.59 42.22 42.81 43.44 44.03 44.62 45.22 45.69 46.12 46.59 47.09 47.56 48.00 48.38 48.75 49.12
21.44 21.50 21.56 21.66 21.75 21.88 22.03 22.19 22.28 22.47 22.66 22.84 23.00 23.12 23.38 23.53 23.69 23.88 24.06 24.28 24.44 24.59 24.81 24.97 25.12 25.28 25.44 25.59 25.75 25.91 26.06 26.28 26.50 26.72 27.00 27.38 27.72 28.16 28.59 29.06 29.53 30.03 30.50 31.03 31.50 32.06 32.62 33.16 33.75 34.34 34.94 35.56 36.16 36.75 37.34 37.97 38.56 39.19 39.84 40.47 41.12 41.75 42.38 42.97 43.56 44.16 44.75 45.31 45.84 46.34 46.81 47.25 47.66 48.16 48.56 48.94 49.38
21.22 21.28 21.38 21.44 21.62 21.72 21.88 21.97 22.12 22.28 22.47 22.66 22.84 23.00 23.12 23.38 23.53 23.69 23.88 24.06 24.22 24.38 24.59 24.75 24.91 25.06 25.22 25.38 25.56 25.66 25.88 26.06 26.28 26.56 26.94 27.31 27.69 28.09 28.53 28.97 29.44 29.97 30.44 30.97 31.50 32.09 32.62 33.22 33.81 34.41 35.03 35.62 36.22 36.84 37.44 38.06 38.72 39.31 39.94 40.59 41.22 41.84 42.56 43.12 43.72 44.31 44.88 45.47 45.97 46.44 46.91 47.34 47.88 48.31 48.75 49.16 49.59
21.03 21.06 21.16 21.28 21.38 21.56 21.66 21.81 21.97 22.12 22.28 22.47 22.66 22.84 23.00 23.12 23.38 23.53 23.69 23.84 24.00 24.22 24.38 24.53 24.69 24.84 25.03 25.12 25.28 25.44 25.66 25.88 26.19 26.47 26.84 27.12 27.56 28.00 28.44 28.84 29.38 29.88 30.41 30.94 31.47 32.06 32.62 33.22 33.81 34.41 35.03 35.62 36.25 36.91 37.53 38.19 38.81 39.44 40.09 40.69 41.34 41.97 42.59 43.31 43.88 44.47 45.06 45.59 46.06 46.59 47.09 47.50 48.00 48.47 48.88 49.31 49.75
20.84 20.91 21.03 21.12 21.22 21.34 21.50 21.66 21.81 21.97 22.12 22.28 22.47 22.62 22.84 23.00 23.12 23.31 23.47 23.62 23.84 24.00 24.16 24.31 24.47 24.59 24.75 24.91 25.06 25.28 25.50 25.69 26.03 26.34 26.66 27.03 27.47 27.88 28.38 28.81 29.34 29.81 30.34 30.88 31.47 32.06 32.62 33.22 33.81 34.44 35.09 35.72 36.38 37.06 37.69 38.34 38.97 39.62 40.25 40.94 41.53 42.12 42.72 43.31 43.94 44.59 45.16 45.69 46.22 46.72 47.19 47.66 48.16 48.56 49.06 49.47 49.84
20.62 20.69 20.81 20.91 21.06 21.16 21.34 21.50 21.66 21.81 21.97 22.12 22.28 22.47 22.62 22.78 22.94 23.12 23.31 23.47 23.62 23.78 23.94 24.09 24.22 24.38 24.53 24.69 24.84 25.06 25.28 25.56 25.88 26.19 26.56 27.00 27.41 27.84 28.31 28.81 29.34 29.88 30.34 30.94 31.50 32.06 32.62 33.28 33.88 34.50 35.12 35.78 36.47 37.16 37.88 38.50 39.19 39.88 40.59 41.22 41.84 42.50 43.03 43.56 44.09 44.62 45.22 45.81 46.34 46.81 47.28 47.78 48.25 48.69 49.16 49.62 50.06
20.44 20.53 20.62 20.75 20.84 21.03 21.16 21.34 21.44 21.62 21.75 21.91 22.12 22.28 22.47 22.62 22.78 22.94 23.09 23.25 23.41 23.59 23.72 23.88 24.00 24.16 24.31 24.47 24.69 24.91 25.12 25.38 25.69 26.06 26.47 26.84 27.31 27.78 28.25 28.81 29.28 29.81 30.41 30.94 31.50 32.09 32.75 33.34 33.91 34.56 35.19 35.88 36.59 37.22 37.97 38.66 39.38 40.03 40.75 41.44 42.06 42.72 43.34 43.94 44.47 44.88 45.44 45.91 46.38 46.91 47.41 47.88 48.38 48.84 49.25 49.75 50.19
20.28 20.31 20.44 20.59 20.69 20.84 21.03 21.12 21.28 21.44 21.62 21.75 21.91 22.09 22.25 22.41 22.56 22.72 22.88 23.03 23.19 23.38 23.53 23.62 23.78 23.94 24.09 24.28 24.47 24.69 24.97 25.22 25.59 25.91 26.34 26.78 27.25 27.72 28.25 28.75 29.34 29.88 30.41 30.97 31.56 32.16 32.75 33.38 34.03 34.72 35.38 36.00 36.69 37.38 38.06 38.81 39.56 40.25 40.94 41.59 42.22 42.91 43.50 44.16 44.75 45.28 45.75 46.19 46.66 47.09 47.56 48.00 48.47 48.94 49.41 49.84 50.34
20.06 20.16 20.28 20.38 20.53 20.69 20.81 20.97 21.12 21.28 21.44 21.62 21.75 21.91 22.09 22.25 22.34 22.50 22.66 22.84 23.00 23.12 23.31 23.41 23.59 23.72 23.88 24.06 24.28 24.53 24.81 25.12 25.44 25.88 26.28 26.72 27.19 27.69 28.22 28.75 29.34 29.88 30.44 31.03 31.62 32.25 32.84 33.44 34.19 34.81 35.50 36.22 36.91 37.59 38.28 39.03 39.78 40.53 41.22 41.91 42.50 43.09 43.72 44.31 44.84 45.38 45.97 46.44 46.91 47.34 47.78 48.19 48.62 49.06 49.53 49.97 50.44
19.91 19.94 20.12 20.22 20.38 20.47 20.62 20.81 20.91 21.06 21.22 21.38 21.56 21.72 21.88 22.03 22.19 22.34 22.47 22.62 22.78 22.94 23.09 23.19 23.38 23.53 23.69 23.88 24.09 24.31 24.62 24.97 25.28 25.69 26.12 26.62 27.09 27.62 28.16 28.75 29.34 29.91 30.50 31.12 31.72 32.38 33.00 33.66 34.28 34.97 35.62 36.38 37.06 37.75 38.50 39.19 39.94 40.69 41.44 42.12 42.78 43.41 44.00 44.53 45.06 45.59 46.12 46.59 47.09 47.56 48.03 48.47 48.84 49.25 49.69 50.12 50.56
19.69 19.78 19.91 20.06 20.16 20.31 20.47 20.59 20.75 20.91 21.06 21.22 21.38 21.56 21.66 21.81 21.97 22.12 22.28 22.41 22.56 22.72 22.88 23.00 23.12 23.31 23.47 23.69 23.88 24.16 24.44 24.81 25.22 25.66 26.06 26.62 27.09 27.62 28.22 28.75 29.34 29.91 30.56 31.19 31.84 32.47 33.16 33.81 34.50 35.19 35.88 36.53 37.28 37.97 38.72 39.41 40.16 40.84 41.53 42.28 42.97 43.62 44.19 44.75 45.31 45.81 46.34 46.81 47.28 47.78 48.25 48.69 49.12 49.47 49.91 50.28 50.72
19.53 19.62 19.72 19.91 20.00 20.16 20.28 20.44 20.59 20.75 20.84 21.03 21.16 21.34 21.50 21.66 21.75 21.91 22.09 22.25 22.34 22.50 22.66 22.78 22.94 23.09 23.31 23.47 23.69 24.00 24.31 24.69 25.12 25.56 26.03 26.56 27.09 27.62 28.22 28.81 29.38 30.03 30.66 31.31 31.94 32.62 33.28 33.97 34.66 35.38 36.09 36.81 37.47 38.22 38.91 39.66 40.38 41.16 41.81 42.56 43.19 43.81 44.41 45.00 45.53 46.06 46.56 47.09 47.50 48.00 48.41 48.88 49.31 49.75 50.12 50.50 50.91
19.31 19.47 19.59 19.69 19.84 19.94 20.12 20.28 20.38 20.53 20.69 20.84 21.03 21.12 21.28 21.44 21.62 21.72 21.88 22.03 22.12 22.28 22.47 22.56 22.72 22.88 23.09 23.31 23.53 23.84 24.22 24.59 25.03 25.50 25.97 26.47 27.03 27.56 28.16 28.75 29.38 30.03 30.66 31.38 32.06 32.75 33.44 34.12 34.81 35.56 36.25 37.00 37.69 38.44 39.19 39.94 40.62 41.34 42.00 42.78 43.41 44.03 44.62 45.22 45.75 46.28 46.88 47.34 47.78 48.25 48.62 49.12 49.53 50.00 50.38 50.75 51.12
19.12 19.25 19.41 19.53 19.69 19.78 19.94 20.06 20.22 20.38 20.53 20.62 20.81 20.97 21.12 21.22 21.38 21.50 21.66 21.81 21.91 22.09 22.25 22.34 22.50 22.66 22.88 23.09 23.38 23.69 24.00 24.44 24.84 25.34 25.88 26.41 27.00 27.56 28.16 28.81 29.44 30.12 30.78 31.47 32.16 32.91 33.59 34.28 35.03 35.72 36.47 37.16 37.91 38.59 39.38 40.16 40.84 41.59 42.28 42.91 43.66 44.31 44.88 45.47 46.00 46.50 47.03 47.56 48.03 48.47 48.94 49.38 49.78 50.22 50.59 51.03 51.41
