arlandasctiles/Tile[11,14].asc
ncols 128
nrows 128
xllcorner 0
yllcorner 0
cellsize 2.0
NODATA_value  -9999
[rows 64 to 95 of 128, columns 0 to 70 of 128]
-40.56 -40.69 -40.94 -40.88 -40.97 -41.31 -41.91 -42.28 -42.56 -42.91 -42.78 -42.12 -42.38 -42.59 -42.97 -42.84 -43.09 -43.53 -43.94 -44.22 -44.41 -44.50 -44.69 -45.06 -45.56 -46.16 -46.72 -47.25 -48.16 -48.50 -48.84 -49.28 -49.78 -50.47 -51.31 -52.00 -52.62 -53.41 -54.38 -55.25 -55.94 -56.66 -56.88 -57.09 -57.31 -57.53 -57.72 -57.94 -58.12 -58.31 -58.47 -58.66 -58.81 -58.97 -59.12 -59.25 -59.38 -59.50 -59.62 -59.75 -59.88 -59.97 -59.88 -59.94 -60.00 -60.03 -60.06 -60.09 -60.06 -59.94 -59.94
-41.28 -41.41 -41.53 -41.50 -41.81 -41.88 -41.97 -41.84 -42.53 -42.56 -42.03 -42.06 -42.06 -42.31 -42.81 -42.66 -42.81 -42.97 -43.28 -43.75 -44.09 -44.50 -45.00 -45.28 -45.50 -45.91 -46.50 -47.41 -47.59 -47.91 -48.38 -48.88 -49.47 -50.25 -50.94 -51.56 -52.38 -53.19 -54.00 -54.78 -55.91 -56.19 -56.44 -56.66 -56.88 -57.09 -57.31 -57.50 -57.69 -57.88 -58.06 -58.22 -58.41 -58.56 -58.69 -58.84 -58.97 -59.09 -59.22 -59.34 -59.47 -59.56 -59.47 -59.53 -59.59 -59.66 -59.69 -59.69 -59.69 -59.62 -59.50
-40.53 -40.47 -40.62 -41.16 -41.16 -41.06 -41.41 -42.16 -42.28 -41.69 -41.69 -41.88 -42.38 -42.56 -42.44 -42.44 -42.78 -43.31 -43.94 -44.19 -44.44 -44.69 -45.03 -45.56 -46.09 -46.53 -46.91 -46.97 -47.19 -47.59 -48.16 -48.78 -49.44 -49.91 -50.59 -51.47 -52.31 -52.97 -53.75 -54.69 -55.56 -55.78 -56.00 -56.25 -56.47 -56.69 -56.88 -57.09 -57.28 -57.47 -57.66 -57.81 -57.97 -58.12 -58.28 -58.44 -58.56 -58.69 -58.81 -58.94 -59.06 -59.19 -59.06 -59.12 -59.19 -59.25 -59.28 -59.31 -59.25 -59.19 -58.56
-40.31 -40.59 -40.88 -41.00 -41.03 -41.28 -41.91 -42.00 -41.56 -41.59 -42.16 -42.25 -42.16 -42.16 -42.34 -42.72 -43.09 -43.31 -43.28 -43.56 -43.91 -44.19 -44.53 -44.97 -45.41 -45.81 -46.16 -46.56 -47.03 -47.59 -48.09 -48.75 -49.44 -50.22 -50.91 -51.47 -52.03 -52.81 -53.69 -54.72 -55.09 -55.34 -55.59 -55.81 -56.03 -56.25 -56.47 -56.66 -56.84 -57.03 -57.22 -57.41 -57.56 -57.72 -57.88 -58.00 -58.16 -58.28 -58.41 -58.53 -58.66 -58.75 -58.62 -58.72 -58.75 -58.81 -58.84 -58.84 -58.94 -58.38 -57.97
-40.56 -40.56 -40.69 -40.69 -40.75 -41.53 -41.47 -41.50 -41.50 -41.75 -41.56 -41.69 -41.97 -42.44 -42.69 -42.72 -42.84 -42.97 -43.09 -43.41 -43.62 -44.09 -44.50 -45.00 -45.88 -46.81 -47.41 -47.75 -48.00 -48.41 -48.66 -48.69 -49.16 -49.75 -50.44 -51.22 -52.12 -52.94 -53.72 -54.38 -54.69 -54.94 -55.19 -55.41 -55.62 -55.84 -56.06 -56.25 -56.44 -56.62 -56.81 -56.97 -57.16 -57.31 -57.44 -57.59 -57.72 -57.88 -58.00 -58.12 -58.25 -58.34 -58.22 -58.28 -58.34 -58.38 -58.38 -58.38 -58.34 -57.84 -57.03
-40.16 -40.81 -40.88 -41.00 -41.28 -40.88 -41.34 -41.28 -41.38 -41.47 -41.72 -42.09 -42.22 -42.28 -43.09 -43.72 -44.12 -44.47 -44.72 -44.97 -45.19 -45.41 -45.59 -45.81 -45.94 -45.66 -46.00 -46.53 -47.00 -47.56 -48.53 -49.72 -50.53 -51.09 -51.66 -52.22 -52.66 -53.19 -53.66 -54.00 -54.28 -54.53 -54.78 -55.00 -55.22 -55.44 -55.66 -55.84 -56.03 -56.22 -56.41 -56.56 -56.72 -56.88 -57.03 -57.19 -57.31 -57.47 -57.59 -57.72 -57.81 -57.94 -57.78 -57.84 -57.91 -57.94 -57.94 -58.06 -57.81 -57.19 -56.31
-40.38 -40.38 -40.28 -40.47 -40.84 -41.16 -41.19 -41.12 -41.44 -41.56 -41.53 -41.56 -41.75 -42.56 -42.66 -42.47 -42.72 -42.97 -43.19 -43.41 -43.62 -44.00 -44.50 -44.94 -45.44 -46.06 -46.62 -46.97 -47.28 -47.50 -48.03 -48.56 -49.09 -49.69 -50.41 -51.31 -52.31 -53.03 -53.38 -53.62 -53.91 -54.16 -54.38 -54.62 -54.81 -55.03 -55.25 -55.44 -55.62 -55.81 -56.00 -56.16 -56.31 -56.47 -56.62 -56.78 -56.91 -57.06 -57.19 -57.28 -57.41 -57.50 -57.38 -57.41 -57.47 -57.50 -57.47 -57.53 -57.31 -56.50 -55.75
-40.22 -40.31 -40.81 -40.94 -41.00 -40.47 -40.62 -40.88 -40.91 -41.09 -41.94 -42.25 -42.31 -42.22 -42.12 -42.41 -42.72 -43.16 -43.56 -44.06 -44.62 -44.94 -45.25 -45.25 -45.38 -45.66 -46.06 -46.50 -47.22 -48.53 -49.38 -49.91 -50.41 -50.94 -51.44 -51.88 -51.97 -52.62 -53.03 -53.28 -53.53 -53.75 -54.00 -54.22 -54.44 -54.66 -54.84 -55.03 -55.25 -55.41 -55.59 -55.75 -55.94 -56.09 -56.22 -56.38 -56.50 -56.66 -56.75 -56.88 -56.97 -57.06 -56.94 -56.97 -57.00 -57.06 -57.06 -57.00 -56.78 -56.22 -55.16
-40.38 -40.53 -40.28 -40.31 -40.28 -40.44 -40.62 -40.69 -40.94 -41.62 -41.53 -41.44 -41.59 -41.75 -41.94 -42.19 -42.50 -42.69 -43.09 -43.56 -43.88 -44.19 -44.81 -45.94 -46.75 -47.22 -47.50 -47.72 -47.94 -47.75 -48.16 -48.78 -49.28 -49.75 -50.25 -50.78 -51.56 -52.44 -52.69 -52.94 -53.16 -53.41 -53.62 -53.84 -54.06 -54.25 -54.47 -54.66 -54.84 -55.03 -55.19 -55.38 -55.53 -55.69 -55.84 -55.97 -56.12 -56.25 -56.34 -56.47 -56.56 -56.62 -56.47 -56.53 -56.56 -56.75 -56.56 -56.06 -55.94 -55.69 -54.72
-40.06 -39.84 -40.00 -40.28 -40.66 -41.09 -41.31 -41.41 -41.44 -41.31 -41.47 -42.16 -42.53 -42.72 -42.88 -43.03 -43.16 -43.25 -43.44 -43.44 -43.62 -44.00 -44.44 -44.78 -45.19 -45.66 -46.03 -46.47 -47.03 -47.53 -48.31 -48.94 -49.50 -49.97 -50.94 -51.44 -51.78 -52.06 -52.31 -52.56 -52.81 -53.03 -53.25 -53.47 -53.69 -53.88 -54.09 -54.28 -54.47 -54.62 -54.81 -54.97 -55.12 -55.28 -55.44 -55.59 -55.72 -55.84 -55.94 -56.03 -56.12 -56.00 -56.03 -56.06 -56.06 -56.22 -56.03 -55.34 -54.97 -55.03 -54.12
-39.59 -39.66 -39.84 -40.09 -40.19 -40.34 -40.47 -40.62 -40.81 -41.09 -41.38 -41.41 -41.44 -41.62 -41.78 -42.03 -42.41 -42.72 -43.03 -43.47 -43.94 -44.22 -44.41 -44.84 -45.25 -45.84 -47.38 -48.22 -48.97 -49.50 -49.94 -50.38 -50.75 -51.09 -51.16 -51.22 -51.44 -51.72 -51.97 -52.22 -52.44 -52.69 -52.91 -53.09 -53.31 -53.50 -53.69 -53.88 -54.06 -54.25 -54.41 -54.59 -54.75 -54.91 -55.06 -55.19 -55.31 -55.44 -55.53 -55.62 -55.72 -55.56 -55.59 -55.59 -55.59 -55.72 -55.44 -54.75 -54.16 -53.91 -53.75
-39.34 -39.47 -40.00 -40.44 -40.66 -40.84 -41.00 -41.16 -41.28 -41.44 -41.66 -41.94 -42.25 -42.50 -42.72 -42.88 -42.97 -43.00 -43.06 -43.28 -43.59 -44.00 -44.44 -44.97 -46.41 -46.97 -47.22 -46.56 -46.88 -47.38 -47.91 -48.47 -49.00 -49.56 -50.03 -50.97 -51.16 -51.41 -51.66 -51.88 -52.09 -52.31 -52.53 -52.75 -52.94 -53.12 -53.31 -53.50 -53.69 -53.88 -54.03 -54.22 -54.38 -54.53 -54.66 -54.78 -54.94 -55.03 -55.12 -55.22 -55.09 -55.12 -55.16 -55.16 -55.12 -55.12 -54.94 -54.12 -53.62 -52.94 -52.66
-39.25 -39.75 -40.12 -39.84 -40.00 -40.16 -40.44 -40.88 -41.09 -41.28 -41.34 -41.44 -41.56 -41.81 -42.16 -42.28 -42.94 -43.25 -43.75 -44.34 -44.91 -45.44 -45.84 -46.16 -46.25 -45.50 -45.91 -46.41 -47.03 -47.59 -48.03 -48.50 -49.03 -49.66 -50.34 -50.62 -50.88 -51.09 -51.31 -51.56 -51.75 -51.97 -52.19 -52.38 -52.59 -52.78 -52.97 -53.16 -53.31 -53.50 -53.66 -53.81 -53.97 -54.12 -54.28 -54.41 -54.53 -54.66 -54.75 -54.84 -54.69 -54.72 -54.72 -54.72 -54.66 -54.62 -54.44 -53.78 -52.69 -52.41 -51.88
-39.84 -39.91 -39.59 -39.84 -40.19 -40.47 -40.66 -40.81 -40.91 -41.06 -41.44 -41.88 -42.25 -42.50 -42.72 -42.91 -43.06 -43.19 -43.25 -43.31 -43.56 -43.84 -44.12 -44.47 -44.78 -45.16 -45.56 -46.00 -46.47 -46.97 -47.53 -48.09 -48.78 -49.69 -50.06 -50.31 -50.53 -50.78 -51.00 -51.22 -51.44 -51.62 -51.84 -52.03 -52.22 -52.41 -52.59 -52.78 -52.94 -53.12 -53.28 -53.44 -53.59 -53.75 -53.91 -54.03 -54.16 -54.25 -54.34 -54.22 -54.28 -54.31 -54.31 -54.28 -54.19 -54.16 -53.66 -53.19 -52.38 -51.44 -51.19
-39.16 -39.28 -39.72 -40.16 -40.34 -40.47 -40.69 -40.94 -41.06 -41.41 -41.44 -41.38 -41.44 -41.66 -41.94 -42.19 -42.47 -42.84 -43.34 -44.22 -45.09 -45.53 -45.78 -45.97 -46.16 -46.44 -46.75 -47.09 -47.50 -47.94 -48.38 -48.69 -49.12 -49.47 -49.75 -50.00 -50.22 -50.47 -50.69 -50.88 -51.09 -51.31 -51.50 -51.69 -51.88 -52.06 -52.25 -52.41 -52.59 -52.75 -52.94 -53.09 -53.25 -53.38 -53.53 -53.66 -53.75 -53.88 -53.75 -53.81 -53.88 -53.88 -53.88 -53.84 -53.75 -53.66 -53.22 -52.38 -51.88 -50.97 -50.16
-39.66 -39.81 -40.12 -40.06 -40.16 -40.50 -40.62 -40.66 -40.72 -40.84 -40.94 -41.22 -41.72 -42.09 -42.44 -42.59 -42.62 -42.59 -43.00 -43.12 -43.44 -43.69 -44.06 -44.47 -44.81 -45.25 -45.75 -46.19 -46.56 -47.09 -47.72 -48.59 -48.91 -49.19 -49.44 -49.69 -49.94 -50.16 -50.34 -50.56 -50.78 -50.97 -51.16 -51.34 -51.53 -51.69 -51.88 -52.06 -52.22 -52.41 -52.56 -52.72 -52.88 -53.00 -53.12 -53.25 -53.38 -53.47 -53.34 -53.41 -53.47 -53.47 -53.47 -53.47 -53.28 -53.09 -52.78 -52.25 -51.22 -50.59 -49.41
-39.56 -39.56 -39.66 -40.09 -40.41 -40.38 -40.28 -40.47 -40.69 -41.06 -41.41 -41.66 -41.72 -41.75 -41.81 -42.16 -42.97 -43.69 -44.16 -44.59 -44.97 -45.38 -45.78 -46.16 -46.53 -46.84 -47.19 -47.50 -47.81 -48.12 -48.28 -48.44 -48.69 -48.91 -49.16 -49.41 -49.62 -49.84 -50.03 -50.25 -50.44 -50.62 -50.81 -51.00 -51.19 -51.34 -51.53 -51.69 -51.88 -52.03 -52.19 -52.34 -52.50 -52.62 -52.75 -52.88 -53.00 -53.09 -52.97 -53.00 -53.06 -53.06 -53.06 -53.06 -52.94 -52.19 -52.09 -51.81 -51.22 -50.19 -49.22
-38.88 -39.22 -39.75 -39.88 -39.59 -39.88 -40.38 -40.62 -40.84 -41.03 -41.06 -41.25 -41.47 -41.69 -42.00 -42.28 -42.25 -42.50 -42.88 -43.25 -43.66 -44.03 -44.34 -44.72 -45.03 -45.41 -45.78 -46.28 -46.78 -47.28 -47.94 -48.19 -48.44 -48.66 -48.88 -49.09 -49.31 -49.53 -49.75 -49.94 -50.12 -50.31 -50.50 -50.66 -50.84 -51.00 -51.19 -51.34 -51.50 -51.69 -51.84 -51.97 -52.12 -52.25 -52.38 -52.50 -52.62 -52.50 -52.56 -52.62 -52.66 -52.69 -52.66 -52.78 -52.50 -51.62 -51.03 -50.75 -50.59 -50.09 -48.81
-39.19 -39.53 -39.62 -39.41 -39.75 -40.16 -40.38 -40.28 -40.44 -40.66 -41.03 -41.16 -41.19 -41.31 -41.50 -41.75 -42.47 -43.03 -43.47 -43.69 -43.88 -43.81 -44.16 -44.53 -44.94 -45.34 -45.91 -46.56 -47.12 -47.47 -47.72 -47.94 -48.16 -48.41 -48.62 -48.81 -49.03 -49.22 -49.44 -49.62 -49.81 -49.97 -50.16 -50.34 -50.50 -50.66 -50.84 -51.00 -51.16 -51.31 -51.47 -51.62 -51.75 -51.88 -52.00 -52.12 -52.22 -52.09 -52.16 -52.22 -52.25 -52.28 -52.25 -52.34 -52.03 -50.97 -50.00 -49.66 -49.41 -49.34 -48.81
-39.12 -39.09 -39.19 -39.59 -39.81 -40.03 -40.00 -40.41 -40.62 -40.69 -40.50 -40.59 -40.78 -40.94 -41.28 -41.88 -42.38 -42.38 -42.53 -42.81 -43.34 -44.12 -44.75 -44.91 -44.91 -45.28 -45.75 -46.44 -47.00 -47.25 -47.47 -47.69 -47.91 -48.12 -48.34 -48.53 -48.75 -48.94 -49.12 -49.31 -49.50 -49.66 -49.84 -50.00 -50.16 -50.31 -50.50 -50.66 -50.81 -50.97 -51.12 -51.25 -51.41 -51.53 -51.62 -51.75 -51.84 -51.72 -51.78 -51.81 -51.84 -51.84 -51.84 -51.78 -51.41 -50.50 -49.62 -48.91 -48.41 -48.03 -47.91
-38.94 -38.97 -39.22 -39.34 -39.28 -39.91 -39.97 -40.00 -39.91 -40.06 -40.31 -40.56 -41.12 -41.41 -41.78 -41.97 -41.84 -42.22 -42.72 -43.09 -43.38 -43.66 -44.16 -45.03 -45.62 -45.97 -46.28 -46.56 -46.84 -47.03 -47.25 -47.44 -47.66 -47.88 -48.06 -48.25 -48.47 -48.66 -48.81 -49.00 -49.19 -49.34 -49.50 -49.69 -49.84 -50.00 -50.16 -50.31 -50.47 -50.62 -50.75 -50.91 -51.03 -51.16 -51.25 -51.38 -51.25 -51.31 -51.38 -51.41 -51.44 -51.44 -51.53 -51.22 -50.50 -49.88 -49.03 -48.12 -47.47 -47.03 -46.81
-38.56 -38.81 -38.97 -39.06 -39.50 -39.81 -39.72 -39.62 -39.81 -40.34 -40.66 -40.91 -41.00 -41.00 -41.25 -41.59 -41.97 -42.28 -42.56 -43.12 -43.69 -44.19 -44.59 -45.00 -45.44 -45.81 -46.12 -46.53 -46.66 -46.81 -47.00 -47.22 -47.41 -47.59 -47.81 -48.00 -48.19 -48.34 -48.53 -48.69 -48.88 -49.03 -49.19 -49.34 -49.50 -49.66 -49.81 -49.97 -50.12 -50.25 -50.41 -50.53 -50.66 -50.78 -50.88 -50.97 -50.88 -50.94 -50.97 -51.00 -51.03 -51.03 -51.03 -50.75 -49.91 -49.19 -48.47 -47.66 -46.84 -46.31 -45.84
-38.62 -38.97 -39.03 -39.25 -39.50 -39.28 -39.16 -39.31 -39.56 -39.91 -40.12 -40.34 -40.66 -41.12 -41.41 -41.56 -41.84 -42.12 -42.44 -42.84 -43.34 -44.03 -44.66 -44.94 -45.56 -45.84 -46.12 -46.25 -46.53 -46.62 -46.78 -46.97 -47.16 -47.34 -47.53 -47.72 -47.88 -48.06 -48.22 -48.41 -48.56 -48.72 -48.88 -49.03 -49.19 -49.31 -49.47 -49.62 -49.78 -49.91 -50.03 -50.19 -50.28 -50.41 -50.50 -50.59 -50.47 -50.53 -50.56 -50.59 -50.62 -50.62 -50.56 -50.25 -49.44 -48.62 -47.97 -47.28 -46.38 -45.62 -45.00
-38.59 -38.69 -38.84 -38.91 -38.97 -38.91 -39.09 -39.34 -39.47 -39.66 -40.09 -40.62 -41.16 -41.59 -42.06 -42.53 -43.00 -43.44 -43.78 -44.00 -44.22 -44.56 -44.91 -45.31 -45.53 -45.66 -45.91 -46.06 -46.25 -46.41 -46.56 -46.72 -46.91 -47.09 -47.28 -47.44 -47.62 -47.78 -47.94 -48.09 -48.25 -48.41 -48.56 -48.69 -48.84 -49.00 -49.12 -49.28 -49.44 -49.56 -49.69 -49.81 -49.94 -50.03 -50.12 -50.22 -50.09 -50.12 -50.16 -50.19 -50.22 -50.22 -50.12 -49.53 -49.00 -48.22 -47.41 -46.94 -46.22 -45.03 -44.22
-38.31 -38.41 -38.53 -38.75 -38.84 -38.78 -38.94 -39.06 -39.38 -39.59 -39.91 -40.12 -40.38 -40.66 -41.03 -41.44 -41.81 -42.06 -42.50 -42.97 -43.44 -43.75 -44.19 -44.53 -44.88 -45.53 -45.66 -45.81 -46.00 -46.16 -46.31 -46.50 -46.66 -46.84 -47.00 -47.16 -47.34 -47.50 -47.66 -47.81 -47.94 -48.09 -48.25 -48.38 -48.53 -48.66 -48.81 -48.94 -49.06 -49.22 -49.34 -49.44 -49.56 -49.66 -49.75 -49.62 -49.69 -49.72 -49.75 -49.78 -49.78 -49.91 -49.62 -48.59 -47.91 -47.44 -46.88 -46.19 -45.78 -45.03 -43.84
-38.16 -38.19 -38.31 -38.38 -38.41 -38.59 -38.88 -39.16 -39.19 -39.59 -39.75 -40.00 -40.41 -40.97 -41.56 -41.94 -42.31 -42.53 -42.81 -43.06 -43.41 -43.72 -44.06 -44.66 -45.19 -45.34 -45.50 -45.62 -45.78 -45.94 -46.09 -46.25 -46.44 -46.59 -46.75 -46.91 -47.06 -47.22 -47.34 -47.50 -47.66 -47.78 -47.94 -48.06 -48.19 -48.34 -48.47 -48.59 -48.72 -48.84 -48.97 -49.09 -49.19 -49.28 -49.38 -49.25 -49.28 -49.31 -49.34 -49.34 -49.34 -49.38 -48.84 -48.09 -47.22 -46.53 -46.00 -45.38 -45.00 -44.59 -43.84
-37.97 -38.00 -37.91 -38.12 -38.47 -39.09 -39.34 -39.44 -39.34 -39.44 -39.75 -40.03 -40.34 -40.69 -41.09 -41.53 -42.28 -43.41 -44.00 -44.31 -44.56 -44.78 -44.97 -44.91 -45.00 -45.16 -45.28 -45.44 -45.56 -45.72 -45.88 -46.03 -46.19 -46.34 -46.50 -46.62 -46.78 -46.94 -47.06 -47.22 -47.34 -47.47 -47.62 -47.75 -47.88 -48.00 -48.12 -48.25 -48.38 -48.50 -48.62 -48.72 -48.81 -48.91 -49.00 -48.84 -48.88 -48.91 -48.94 -48.94 -48.91 -48.91 -48.44 -47.47 -46.75 -45.91 -45.12 -44.56 -44.09 -43.75 -43.44
-37.66 -37.69 -38.06 -38.62 -38.84 -38.75 -38.81 -39.56 -40.28 -40.88 -41.25 -41.72 -41.97 -42.25 -42.53 -42.72 -42.91 -42.59 -42.69 -43.00 -43.31 -43.69 -44.25 -44.72 -44.81 -44.94 -45.09 -45.22 -45.34 -45.50 -45.66 -45.78 -45.94 -46.09 -46.22 -46.38 -46.50 -46.66 -46.78 -46.91 -47.03 -47.19 -47.31 -47.44 -47.56 -47.69 -47.81 -47.94 -48.03 -48.16 -48.25 -48.38 -48.44 -48.53 -48.59 -48.47 -48.50 -48.50 -48.53 -48.50 -48.44 -48.38 -47.72 -47.06 -46.09 -45.41 -44.59 -43.91 -43.31 -42.81 -42.53
-37.94 -38.16 -38.28 -38.41 -38.41 -38.69 -39.12 -39.31 -39.38 -39.62 -39.78 -40.03 -40.41 -40.94 -41.06 -41.28 -41.66 -42.03 -42.78 -43.50 -44.06 -44.47 -44.56 -44.59 -44.66 -44.75 -44.88 -45.00 -45.16 -45.28 -45.41 -45.56 -45.69 -45.81 -45.97 -46.09 -46.22 -46.38 -46.50 -46.62 -46.75 -46.88 -47.00 -47.12 -47.22 -47.34 -47.47 -47.59 -47.69 -47.81 -47.91 -48.00 -48.09 -48.16 -48.22 -48.06 -48.09 -48.12 -48.12 -48.09 -48.00 -47.88 -47.16 -46.44 -45.88 -44.97 -44.16 -43.28 -42.59 -42.09 -41.50
-37.34 -37.66 -37.88 -38.25 -38.44 -38.66 -38.84 -39.06 -39.31 -39.66 -40.06 -40.38 -40.56 -40.69 -40.94 -41.22 -41.84 -42.47 -42.84 -42.88 -43.28 -43.78 -44.19 -44.38 -44.47 -44.56 -44.69 -44.81 -44.94 -45.06 -45.19 -45.31 -45.44 -45.56 -45.72 -45.84 -45.97 -46.09 -46.22 -46.31 -46.44 -46.56 -46.69 -46.78 -46.91 -47.03 -47.12 -47.25 -47.34 -47.44 -47.53 -47.62 -47.72 -47.78 -47.84 -47.69 -47.69 -47.72 -47.72 -47.69 -47.56 -47.44 -47.03 -45.84 -45.09 -44.69 -43.88 -42.94 -41.97 -41.34 -40.84
-37.59 -37.84 -38.00 -38.19 -38.38 -38.56 -38.78 -39.03 -39.25 -39.41 -39.66 -39.97 -40.19 -40.56 -40.84 -41.34 -41.72 -41.97 -42.41 -43.38 -43.91 -44.22 -44.25 -44.25 -44.28 -44.38 -44.47 -44.59 -44.69 -44.81 -44.94 -45.06 -45.19 -45.31 -45.44 -45.56 -45.69 -45.81 -45.94 -46.03 -46.16 -46.25 -46.38 -46.47 -46.59 -46.69 -46.81 -46.91 -47.00 -47.09 -47.19 -47.25 -47.34 -47.41 -47.44 -47.28 -47.31 -47.31 -47.31 -47.31 -47.22 -47.09 -46.72 -46.19 -44.72 -43.84 -43.34 -42.69 -41.78 -40.78 -40.28
-37.31 -37.75 -37.97 -38.25 -38.53 -38.81 -39.06 -39.28 -39.62 -39.56 -39.72 -39.97 -40.25 -40.56 -40.84 -41.31 -41.69 -42.31 -42.94 -43.06 -43.00 -43.50 -43.91 -44.00 -44.09 -44.19 -44.28 -44.38 -44.47 -44.59 -44.72 -44.84 -44.94 -45.06 -45.19 -45.31 -45.41 -45.53 -45.62 -45.75 -45.84 -45.97 -46.06 -46.16 -46.28 -46.38 -46.47 -46.56 -46.66 -46.75 -46.81 -46.91 -46.97 -47.00 -47.06 -46.91 -46.91 -46.91 -46.91 -46.91 -46.91 -46.41 -45.94 -45.84 -45.28 -43.59 -42.59 -42.16 -41.62 -40.72 -39.78
