arlandasctiles/Tile[5,5].asc
ncols 128
nrows 128
xllcorner 0
yllcorner 0
cellsize 2.0
NODATA_value  -9999
[rows 0 to 31 of 128, columns 0 to 70 of 128]
-33.62 -33.62 -33.66 -33.69 -33.69 -33.72 -33.75 -33.75 -33.78 -33.81 -33.81 -33.84 -33.88 -33.91 -33.94 -33.97 -34.00 -34.03 -34.09 -34.12 -34.19 -34.22 -34.28 -34.31 -34.38 -34.44 -34.50 -34.56 -34.59 -34.66 -34.75 -34.81 -34.91 -34.97 -35.06 -35.16 -35.25 -35.38 -35.47 -35.62 -35.53 -35.66 -35.75 -35.84 -35.84 -35.78 -35.72 -35.62 -35.72 -35.62 -35.53 -35.44 -35.34 -35.28 -35.22 -35.16 -35.06 -35.00 -34.94 -34.91 -34.84 -34.81 -34.75 -34.72 -34.66 -34.59 -34.56 -34.50 -34.44 -34.38 -34.34
-33.62 -33.62 -33.66 -33.69 -33.69 -33.72 -33.75 -33.75 -33.78 -33.81 -33.84 -33.84 -33.88 -33.91 -33.94 -34.00 -34.03 -34.06 -34.09 -34.16 -34.19 -34.25 -34.28 -34.34 -34.41 -34.44 -34.50 -34.56 -34.62 -34.69 -34.75 -34.81 -34.91 -34.97 -35.06 -35.16 -35.25 -35.34 -35.47 -35.62 -35.53 -35.62 -35.72 -35.75 -35.75 -35.72 -35.66 -35.75 -35.66 -35.56 -35.47 -35.41 -35.31 -35.25 -35.19 -35.12 -35.06 -35.00 -34.94 -34.88 -34.81 -34.78 -34.72 -34.69 -34.62 -34.59 -34.53 -34.47 -34.41 -34.38 -34.31
-33.62 -33.62 -33.66 -33.69 -33.72 -33.72 -33.75 -33.78 -33.78 -33.81 -33.84 -33.88 -33.91 -33.94 -33.97 -34.00 -34.03 -34.09 -34.12 -34.16 -34.22 -34.25 -34.31 -34.34 -34.41 -34.44 -34.50 -34.56 -34.62 -34.69 -34.75 -34.81 -34.91 -34.97 -35.06 -35.16 -35.25 -35.34 -35.47 -35.41 -35.50 -35.59 -35.66 -35.69 -35.69 -35.66 -35.78 -35.69 -35.59 -35.53 -35.44 -35.38 -35.28 -35.22 -35.16 -35.09 -35.03 -34.97 -34.91 -34.84 -34.81 -34.75 -34.72 -34.66 -34.62 -34.56 -34.50 -34.47 -34.41 -34.34 -34.31
-33.62 -33.66 -33.66 -33.69 -33.72 -33.72 -33.75 -33.78 -33.81 -33.84 -33.84 -33.88 -33.91 -33.94 -34.00 -34.03 -34.06 -34.09 -34.16 -34.19 -34.22 -34.28 -34.31 -34.38 -34.41 -34.47 -34.50 -34.56 -34.62 -34.69 -34.75 -34.81 -34.91 -34.97 -35.06 -35.16 -35.25 -35.34 -35.47 -35.38 -35.47 -35.53 -35.59 -35.59 -35.59 -35.56 -35.69 -35.62 -35.56 -35.47 -35.41 -35.34 -35.25 -35.19 -35.12 -35.06 -35.00 -34.94 -34.91 -34.84 -34.78 -34.75 -34.69 -34.66 -34.59 -34.53 -34.50 -34.44 -34.38 -34.34 -34.28
-33.62 -33.66 -33.66 -33.69 -33.72 -33.75 -33.75 -33.78 -33.81 -33.84 -33.88 -33.91 -33.94 -33.97 -34.00 -34.03 -34.09 -34.12 -34.16 -34.19 -34.25 -34.28 -34.31 -34.38 -34.41 -34.47 -34.50 -34.56 -34.62 -34.69 -34.75 -34.81 -34.91 -34.97 -35.06 -35.12 -35.25 -35.34 -35.47 -35.34 -35.44 -35.50 -35.53 -35.53 -35.53 -35.69 -35.62 -35.56 -35.50 -35.44 -35.38 -35.28 -35.22 -35.16 -35.09 -35.06 -35.00 -34.94 -34.88 -34.81 -34.78 -34.72 -34.69 -34.62 -34.56 -34.53 -34.47 -34.41 -34.38 -34.31 -34.28
-33.62 -33.66 -33.69 -33.69 -33.72 -33.75 -33.78 -33.81 -33.84 -33.88 -33.88 -33.94 -33.97 -34.00 -34.03 -34.06 -34.09 -34.12 -34.19 -34.22 -34.25 -34.28 -34.34 -34.38 -34.41 -34.47 -34.50 -34.56 -34.62 -34.69 -34.75 -34.81 -34.91 -34.97 -35.06 -35.12 -35.25 -35.34 -35.44 -35.31 -35.38 -35.41 -35.44 -35.66 -35.62 -35.59 -35.56 -35.50 -35.44 -35.38 -35.31 -35.25 -35.22 -35.16 -35.09 -35.03 -34.97 -34.91 -34.88 -34.81 -34.75 -34.72 -34.66 -34.59 -34.56 -34.50 -34.47 -34.41 -34.34 -34.31 -34.25
-33.66 -33.66 -33.69 -33.72 -33.75 -33.75 -33.78 -33.81 -33.84 -33.88 -33.91 -33.94 -33.97 -34.00 -34.03 -34.06 -34.12 -34.16 -34.19 -34.22 -34.25 -34.28 -34.34 -34.38 -34.41 -34.47 -34.53 -34.56 -34.62 -34.69 -34.75 -34.81 -34.91 -34.97 -35.06 -35.16 -35.25 -35.34 -35.41 -35.47 -35.50 -35.53 -35.56 -35.56 -35.53 -35.53 -35.47 -35.44 -35.38 -35.34 -35.28 -35.25 -35.19 -35.12 -35.09 -35.03 -34.97 -34.91 -34.84 -34.78 -34.75 -34.69 -34.66 -34.59 -34.53 -34.50 -34.44 -34.41 -34.34 -34.28 -34.25
-33.66 -33.69 -33.72 -33.72 -33.75 -33.78 -33.81 -33.84 -33.88 -33.91 -33.94 -33.97 -34.00 -34.03 -34.06 -34.09 -34.12 -34.16 -34.19 -34.22 -34.25 -34.31 -34.34 -34.38 -34.44 -34.47 -34.53 -34.59 -34.62 -34.69 -34.75 -34.81 -34.91 -34.97 -35.06 -35.16 -35.25 -35.31 -35.38 -35.41 -35.44 -35.44 -35.47 -35.47 -35.47 -35.44 -35.41 -35.38 -35.34 -35.31 -35.25 -35.22 -35.16 -35.12 -35.06 -35.00 -34.94 -34.91 -34.84 -34.78 -34.72 -34.69 -34.62 -34.56 -34.53 -34.47 -34.44 -34.38 -34.34 -34.28 -34.25
-33.66 -33.69 -33.72 -33.75 -33.78 -33.81 -33.84 -33.84 -33.88 -33.91 -33.94 -33.97 -34.00 -34.03 -34.06 -34.09 -34.12 -34.16 -34.19 -34.25 -34.28 -34.31 -34.34 -34.38 -34.44 -34.47 -34.53 -34.59 -34.66 -34.69 -34.75 -34.84 -34.91 -35.00 -35.06 -35.16 -35.22 -35.28 -35.31 -35.31 -35.34 -35.38 -35.38 -35.38 -35.38 -35.38 -35.34 -35.31 -35.28 -35.25 -35.22 -35.19 -35.16 -35.09 -35.06 -35.00 -34.94 -34.88 -34.81 -34.78 -34.72 -34.66 -34.62 -34.56 -34.50 -34.47 -34.41 -34.38 -34.31 -34.28 -34.22
-33.69 -33.72 -33.75 -33.75 -33.78 -33.81 -33.84 -33.88 -33.91 -33.94 -33.97 -34.00 -34.03 -34.06 -34.09 -34.12 -34.16 -34.19 -34.22 -34.25 -34.28 -34.31 -34.34 -34.41 -34.44 -34.50 -34.53 -34.59 -34.66 -34.72 -34.78 -34.84 -34.91 -35.00 -35.06 -35.12 -35.19 -35.22 -35.22 -35.25 -35.28 -35.28 -35.31 -35.31 -35.31 -35.31 -35.28 -35.28 -35.25 -35.22 -35.19 -35.16 -35.12 -35.09 -35.03 -35.00 -34.94 -34.88 -34.81 -34.75 -34.72 -34.66 -34.59 -34.56 -34.50 -34.47 -34.41 -34.38 -34.31 -34.28 -34.22
-33.72 -33.72 -33.75 -33.78 -33.81 -33.84 -33.88 -33.91 -33.94 -33.94 -33.97 -34.00 -34.03 -34.06 -34.09 -34.12 -34.16 -34.19 -34.22 -34.25 -34.28 -34.31 -34.38 -34.41 -34.44 -34.50 -34.56 -34.59 -34.66 -34.72 -34.78 -34.84 -34.94 -35.00 -35.06 -35.09 -35.12 -35.16 -35.16 -35.19 -35.19 -35.22 -35.22 -35.22 -35.25 -35.25 -35.22 -35.22 -35.19 -35.19 -35.16 -35.12 -35.09 -35.06 -35.03 -34.97 -34.91 -34.88 -34.81 -34.75 -34.69 -34.62 -34.59 -34.53 -34.50 -34.44 -34.41 -34.34 -34.31 -34.25 -34.22
-33.72 -33.75 -33.78 -33.81 -33.84 -33.84 -33.88 -33.91 -33.94 -33.97 -34.00 -34.03 -34.06 -34.06 -34.09 -34.12 -34.16 -34.19 -34.22 -34.25 -34.28 -34.31 -34.38 -34.41 -34.47 -34.50 -34.56 -34.62 -34.69 -34.75 -34.81 -34.88 -34.94 -35.00 -35.03 -35.06 -35.06 -35.09 -35.09 -35.12 -35.12 -35.16 -35.16 -35.16 -35.19 -35.19 -35.19 -35.16 -35.16 -35.12 -35.12 -35.09 -35.06 -35.03 -35.00 -34.97 -34.91 -34.84 -34.78 -34.75 -34.69 -34.62 -34.59 -34.53 -34.47 -34.44 -34.38 -34.34 -34.31 -34.25 -34.22
-33.75 -33.78 -33.81 -33.81 -33.84 -33.88 -33.91 -33.94 -33.97 -33.97 -34.00 -34.03 -34.06 -34.09 -34.12 -34.12 -34.16 -34.19 -34.22 -34.25 -34.31 -34.34 -34.38 -34.41 -34.47 -34.53 -34.56 -34.62 -34.69 -34.75 -34.81 -34.88 -34.94 -34.97 -34.97 -35.00 -35.00 -35.03 -35.03 -35.06 -35.06 -35.09 -35.09 -35.09 -35.12 -35.12 -35.12 -35.12 -35.09 -35.09 -35.09 -35.06 -35.03 -35.00 -34.97 -34.94 -34.91 -34.84 -34.78 -34.72 -34.69 -34.62 -34.56 -34.53 -34.47 -34.44 -34.38 -34.34 -34.28 -34.25 -34.22
-33.78 -33.78 -33.81 -33.84 -33.88 -33.91 -33.91 -33.94 -33.97 -34.00 -34.03 -34.03 -34.06 -34.09 -34.12 -34.16 -34.19 -34.19 -34.25 -34.28 -34.31 -34.34 -34.38 -34.44 -34.47 -34.53 -34.59 -34.66 -34.69 -34.75 -34.81 -34.88 -34.91 -34.91 -34.94 -34.94 -34.97 -34.97 -34.97 -35.00 -35.00 -35.03 -35.03 -35.06 -35.06 -35.06 -35.06 -35.06 -35.06 -35.06 -35.03 -35.03 -35.00 -35.00 -34.97 -34.94 -34.88 -34.84 -34.78 -34.72 -34.66 -34.62 -34.56 -34.50 -34.47 -34.41 -34.38 -34.34 -34.28 -34.25 -34.19
-33.78 -33.81 -33.84 -33.84 -33.88 -33.91 -33.94 -33.97 -33.97 -34.00 -34.03 -34.06 -34.06 -34.09 -34.12 -34.16 -34.19 -34.22 -34.25 -34.28 -34.31 -34.34 -34.41 -34.44 -34.50 -34.53 -34.59 -34.66 -34.72 -34.75 -34.81 -34.84 -34.84 -34.88 -34.88 -34.91 -34.91 -34.91 -34.94 -34.94 -34.97 -34.97 -34.97 -35.00 -35.00 -35.00 -35.03 -35.03 -35.03 -35.00 -35.00 -35.00 -34.97 -34.97 -34.94 -34.91 -34.88 -34.81 -34.78 -34.72 -34.66 -34.59 -34.56 -34.50 -34.47 -34.41 -34.38 -34.31 -34.28 -34.25 -34.19
-33.81 -33.81 -33.84 -33.88 -33.91 -33.91 -33.94 -33.97 -34.00 -34.00 -34.03 -34.06 -34.09 -34.09 -34.12 -34.16 -34.19 -34.22 -34.25 -34.28 -34.31 -34.38 -34.41 -34.47 -34.50 -34.56 -34.62 -34.66 -34.72 -34.75 -34.78 -34.81 -34.81 -34.84 -34.84 -34.84 -34.88 -34.88 -34.88 -34.91 -34.91 -34.94 -34.94 -34.94 -34.97 -34.97 -34.97 -34.97 -34.97 -34.97 -34.97 -34.97 -34.94 -34.94 -34.91 -34.91 -34.84 -34.81 -34.75 -34.69 -34.66 -34.59 -34.53 -34.50 -34.44 -34.41 -34.38 -34.31 -34.28 -34.25 -34.19
-33.81 -33.84 -33.88 -33.88 -33.91 -33.94 -33.94 -33.97 -34.00 -34.03 -34.03 -34.06 -34.09 -34.12 -34.12 -34.16 -34.19 -34.22 -34.25 -34.31 -34.34 -34.38 -34.44 -34.47 -34.53 -34.56 -34.62 -34.66 -34.69 -34.72 -34.75 -34.75 -34.78 -34.78 -34.81 -34.81 -34.81 -34.84 -34.84 -34.84 -34.88 -34.88 -34.88 -34.91 -34.91 -34.91 -34.94 -34.94 -34.94 -34.94 -34.94 -34.94 -34.91 -34.91 -34.91 -34.88 -34.84 -34.81 -34.75 -34.69 -34.62 -34.59 -34.53 -34.50 -34.44 -34.41 -34.34 -34.31 -34.28 -34.22 -34.19
-33.84 -33.84 -33.88 -33.91 -33.91 -33.94 -33.97 -33.97 -34.00 -34.03 -34.03 -34.06 -34.09 -34.12 -34.16 -34.19 -34.19 -34.25 -34.28 -34.31 -34.34 -34.41 -34.44 -34.50 -34.53 -34.56 -34.62 -34.66 -34.69 -34.69 -34.72 -34.72 -34.75 -34.75 -34.75 -34.78 -34.78 -34.78 -34.81 -34.81 -34.81 -34.84 -34.84 -34.84 -34.88 -34.88 -34.88 -34.91 -34.91 -34.91 -34.91 -34.91 -34.91 -34.88 -34.88 -34.84 -34.81 -34.78 -34.75 -34.69 -34.62 -34.59 -34.53 -34.47 -34.44 -34.41 -34.34 -34.31 -34.28 -34.22 -34.19
-33.84 -33.88 -33.88 -33.91 -33.94 -33.94 -33.97 -34.00 -34.00 -34.03 -34.06 -34.06 -34.09 -34.12 -34.16 -34.19 -34.22 -34.25 -34.28 -34.31 -34.38 -34.41 -34.44 -34.50 -34.53 -34.56 -34.59 -34.62 -34.66 -34.66 -34.69 -34.69 -34.72 -34.72 -34.72 -34.75 -34.75 -34.75 -34.78 -34.78 -34.78 -34.81 -34.81 -34.81 -34.84 -34.84 -34.84 -34.84 -34.88 -34.88 -34.88 -34.88 -34.88 -34.84 -34.84 -34.84 -34.81 -34.78 -34.75 -34.69 -34.62 -34.56 -34.53 -34.47 -34.44 -34.38 -34.34 -34.31 -34.25 -34.22 -34.19
-33.84 -33.88 -33.91 -33.91 -33.94 -33.94 -33.97 -34.00 -34.00 -34.03 -34.06 -34.09 -34.09 -34.12 -34.16 -34.19 -34.22 -34.25 -34.31 -34.34 -34.38 -34.41 -34.47 -34.50 -34.53 -34.56 -34.56 -34.59 -34.62 -34.62 -34.66 -34.66 -34.69 -34.69 -34.69 -34.72 -34.72 -34.72 -34.75 -34.75 -34.75 -34.78 -34.78 -34.78 -34.81 -34.81 -34.81 -34.81 -34.84 -34.84 -34.84 -34.84 -34.84 -34.81 -34.81 -34.81 -34.78 -34.78 -34.72 -34.69 -34.62 -34.56 -34.53 -34.47 -34.44 -34.38 -34.34 -34.31 -34.25 -34.22 -34.19
-33.88 -33.88 -33.91 -33.91 -33.94 -33.97 -33.97 -34.00 -34.03 -34.03 -34.06 -34.09 -34.12 -34.12 -34.16 -34.19 -34.25 -34.28 -34.31 -34.34 -34.38 -34.41 -34.44 -34.47 -34.50 -34.53 -34.56 -34.56 -34.59 -34.59 -34.62 -34.62 -34.66 -34.66 -34.66 -34.69 -34.69 -34.69 -34.72 -34.72 -34.72 -34.75 -34.75 -34.75 -34.78 -34.78 -34.78 -34.78 -34.81 -34.81 -34.81 -34.81 -34.81 -34.81 -34.81 -34.78 -34.78 -34.75 -34.72 -34.69 -34.62 -34.56 -34.53 -34.47 -34.44 -34.38 -34.34 -34.28 -34.25 -34.22 -34.19
-33.88 -33.88 -33.91 -33.94 -33.94 -33.97 -33.97 -34.00 -34.03 -34.03 -34.06 -34.09 -34.12 -34.16 -34.19 -34.22 -34.25 -34.28 -34.31 -34.34 -34.38 -34.41 -34.44 -34.47 -34.50 -34.50 -34.53 -34.53 -34.56 -34.56 -34.59 -34.59 -34.62 -34.62 -34.66 -34.66 -34.66 -34.69 -34.69 -34.69 -34.72 -34.72 -34.72 -34.72 -34.75 -34.75 -34.75 -34.75 -34.78 -34.78 -34.78 -34.78 -34.78 -34.78 -34.78 -34.78 -34.75 -34.75 -34.72 -34.66 -34.62 -34.56 -34.50 -34.47 -34.41 -34.38 -34.34 -34.28 -34.25 -34.22 -34.19
-33.88 -33.91 -33.91 -33.94 -33.94 -33.97 -34.00 -34.00 -34.03 -34.06 -34.06 -34.09 -34.12 -34.16 -34.19 -34.22 -34.25 -34.28 -34.31 -34.34 -34.38 -34.41 -34.44 -34.44 -34.47 -34.47 -34.50 -34.53 -34.53 -34.56 -34.56 -34.59 -34.59 -34.59 -34.62 -34.62 -34.66 -34.66 -34.66 -34.69 -34.69 -34.69 -34.69 -34.72 -34.72 -34.72 -34.72 -34.75 -34.75 -34.75 -34.75 -34.75 -34.75 -34.75 -34.75 -34.75 -34.75 -34.72 -34.69 -34.66 -34.62 -34.56 -34.50 -34.47 -34.41 -34.38 -34.34 -34.28 -34.25 -34.22 -34.19
-33.88 -33.91 -33.91 -33.94 -33.94 -33.97 -34.00 -34.00 -34.03 -34.06 -34.09 -34.12 -34.16 -34.19 -34.19 -34.22 -34.25 -34.28 -34.31 -34.34 -34.38 -34.38 -34.41 -34.44 -34.44 -34.47 -34.47 -34.50 -34.50 -34.53 -34.53 -34.56 -34.56 -34.59 -34.59 -34.59 -34.62 -34.62 -34.66 -34.66 -34.66 -34.66 -34.69 -34.69 -34.69 -34.69 -34.72 -34.72 -34.72 -34.72 -34.72 -34.72 -34.72 -34.72 -34.72 -34.72 -34.72 -34.72 -34.69 -34.66 -34.59 -34.56 -34.50 -34.47 -34.41 -34.38 -34.31 -34.28 -34.25 -34.22 -34.19
-33.88 -33.91 -33.91 -33.94 -33.97 -33.97 -34.00 -34.03 -34.06 -34.06 -34.09 -34.12 -34.16 -34.19 -34.22 -34.22 -34.25 -34.28 -34.31 -34.31 -34.34 -34.38 -34.38 -34.41 -34.41 -34.44 -34.47 -34.47 -34.50 -34.50 -34.53 -34.53 -34.56 -34.56 -34.56 -34.59 -34.59 -34.59 -34.62 -34.62 -34.62 -34.66 -34.66 -34.66 -34.69 -34.69 -34.69 -34.69 -34.69 -34.69 -34.69 -34.72 -34.72 -34.72 -34.72 -34.72 -34.69 -34.69 -34.69 -34.66 -34.59 -34.56 -34.50 -34.47 -34.41 -34.38 -34.31 -34.28 -34.25 -34.22 -34.19
-33.91 -33.91 -33.94 -33.94 -33.97 -34.00 -34.00 -34.03 -34.06 -34.09 -34.09 -34.12 -34.16 -34.19 -34.19 -34.22 -34.25 -34.28 -34.28 -34.31 -34.31 -34.34 -34.38 -34.38 -34.41 -34.41 -34.44 -34.44 -34.47 -34.47 -34.50 -34.50 -34.53 -34.53 -34.56 -34.56 -34.56 -34.59 -34.59 -34.59 -34.62 -34.62 -34.62 -34.66 -34.66 -34.66 -34.66 -34.69 -34.69 -34.69 -34.69 -34.69 -34.69 -34.69 -34.69 -34.69 -34.69 -34.69 -34.66 -34.62 -34.59 -34.56 -34.50 -34.47 -34.41 -34.38 -34.31 -34.28 -34.25 -34.22 -34.19
-33.91 -33.91 -33.94 -33.97 -33.97 -34.00 -34.03 -34.03 -34.06 -34.09 -34.09 -34.12 -34.16 -34.19 -34.19 -34.22 -34.22 -34.25 -34.28 -34.28 -34.31 -34.31 -34.34 -34.38 -34.38 -34.41 -34.41 -34.44 -34.44 -34.47 -34.47 -34.50 -34.50 -34.53 -34.53 -34.53 -34.56 -34.56 -34.56 -34.59 -34.59 -34.59 -34.62 -34.62 -34.62 -34.66 -34.66 -34.66 -34.66 -34.66 -34.66 -34.66 -34.66 -34.66 -34.66 -34.66 -34.66 -34.66 -34.66 -34.62 -34.59 -34.56 -34.50 -34.47 -34.41 -34.38 -34.31 -34.28 -34.25 -34.22 -34.19
-33.91 -33.94 -33.94 -33.97 -34.00 -34.00 -34.03 -34.06 -34.06 -34.09 -34.09 -34.12 -34.16 -34.16 -34.19 -34.19 -34.22 -34.25 -34.25 -34.28 -34.28 -34.31 -34.31 -34.34 -34.34 -34.38 -34.41 -34.41 -34.44 -34.44 -34.47 -34.47 -34.47 -34.50 -34.50 -34.53 -34.53 -34.53 -34.56 -34.56 -34.59 -34.59 -34.59 -34.59 -34.62 -34.62 -34.62 -34.62 -34.62 -34.66 -34.66 -34.66 -34.66 -34.66 -34.66 -34.66 -34.66 -34.66 -34.62 -34.62 -34.59 -34.56 -34.50 -34.47 -34.41 -34.38 -34.31 -34.28 -34.25 -34.22 -34.19
-33.91 -33.94 -33.97 -33.97 -34.00 -34.00 -34.03 -34.06 -34.06 -34.09 -34.09 -34.12 -34.12 -34.16 -34.16 -34.19 -34.19 -34.22 -34.25 -34.25 -34.28 -34.28 -34.31 -34.31 -34.34 -34.34 -34.38 -34.38 -34.41 -34.41 -34.44 -34.44 -34.47 -34.47 -34.50 -34.50 -34.50 -34.53 -34.53 -34.56 -34.56 -34.56 -34.59 -34.59 -34.59 -34.59 -34.62 -34.62 -34.62 -34.62 -34.62 -34.62 -34.62 -34.62 -34.62 -34.62 -34.62 -34.62 -34.62 -34.59 -34.59 -34.56 -34.50 -34.47 -34.41 -34.38 -34.31 -34.28 -34.25 -34.22 -34.19
-33.94 -33.94 -33.97 -33.97 -34.00 -34.00 -34.03 -34.03 -34.06 -34.06 -34.09 -34.09 -34.12 -34.12 -34.16 -34.16 -34.19 -34.19 -34.22 -34.22 -34.25 -34.28 -34.28 -34.31 -34.31 -34.34 -34.34 -34.38 -34.38 -34.41 -34.41 -34.44 -34.44 -34.47 -34.47 -34.47 -34.50 -34.50 -34.53 -34.53 -34.53 -34.56 -34.56 -34.56 -34.59 -34.59 -34.59 -34.59 -34.59 -34.59 -34.62 -34.62 -34.62 -34.62 -34.62 -34.62 -34.62 -34.62 -34.62 -34.59 -34.56 -34.53 -34.50 -34.47 -34.41 -34.38 -34.31 -34.28 -34.25 -34.22 -34.19
-33.94 -33.94 -33.97 -33.97 -34.00 -34.00 -34.03 -34.03 -34.06 -34.06 -34.06 -34.09 -34.09 -34.12 -34.12 -34.16 -34.16 -34.19 -34.19 -34.22 -34.22 -34.25 -34.25 -34.28 -34.28 -34.31 -34.31 -34.34 -34.34 -34.38 -34.38 -34.41 -34.41 -34.44 -34.44 -34.47 -34.47 -34.50 -34.50 -34.50 -34.53 -34.53 -34.53 -34.56 -34.56 -34.56 -34.56 -34.59 -34.59 -34.59 -34.59 -34.59 -34.59 -34.59 -34.59 -34.59 -34.59 -34.59 -34.59 -34.59 -34.56 -34.53 -34.50 -34.47 -34.41 -34.38 -34.31 -34.28 -34.25 -34.22 -34.19
-33.94 -33.94 -33.97 -33.97 -34.00 -34.00 -34.00 -34.03 -34.03 -34.06 -34.06 -34.06 -34.09 -34.09 -34.12 -34.12 -34.16 -34.16 -34.19 -34.19 -34.22 -34.22 -34.25 -34.25 -34.28 -34.28 -34.31 -34.31 -34.34 -34.34 -34.38 -34.38 -34.41 -34.41 -34.44 -34.44 -34.47 -34.47 -34.47 -34.50 -34.50 -34.50 -34.53 -34.53 -34.53 -34.56 -34.56 -34.56 -34.56 -34.56 -34.59 -34.59 -34.59 -34.59 -34.59 -34.59 -34.59 -34.59 -34.59 -34.59 -34.56 -34.53 -34.50 -34.47 -34.41 -34.38 -34.34 -34.28 -34.25 -34.22 -34.19
