arlandasctiles/Tile[9,11].asc
ncols 128
nrows 128
xllcorner 0
yllcorner 0
cellsize 2.0
NODATA_value  -9999
[rows 0 to 33 of 128, columns 0 to 76 of 128]
25.34 25.03 25.09 25.41 26.03 26.72 27.50 28.66 29.25 29.62 30.31 31.31 32.31 33.09 33.44 33.22 32.56 31.91 33.28 34.84 36.22 37.47 38.66 39.69 40.56 41.06 41.34 41.03 39.97 39.38 39.03 38.72 38.31 37.47 35.97 33.62 31.75 30.41 29.47 28.62 27.81 27.03 26.09 25.19 24.34 23.47 22.69 21.94 22.62 23.31 23.84 24.22 24.53 24.62 24.75 25.12 25.91 25.97 25.69 24.47 23.19 22.06 21.75 21.59 21.41 21.44 21.41 21.28 21.16 20.97 20.72 20.22 19.72 19.19 18.84 18.72 18.75
27.56 27.12 27.09 27.50 28.25 29.09 30.06 31.12 31.25 31.50 32.44 33.97 35.53 36.66 37.03 36.53 35.12 35.56 36.78 37.84 38.81 39.72 40.56 41.22 41.91 42.47 42.69 42.50 41.88 41.41 41.00 40.62 40.12 39.31 37.91 36.06 33.91 32.28 31.31 30.50 29.78 29.12 28.31 27.47 26.50 25.69 25.44 25.66 26.75 27.03 27.09 26.88 26.66 26.06 25.94 26.19 26.81 27.03 26.72 25.47 24.09 22.84 22.28 22.41 22.78 22.81 22.72 22.56 22.34 22.06 21.69 21.09 20.34 19.72 19.38 19.28 19.12
29.91 29.44 29.25 29.69 30.50 31.50 32.44 33.25 33.16 32.97 33.84 36.56 39.66 41.06 41.69 41.53 40.03 39.88 40.25 40.72 41.22 41.69 42.06 42.53 42.91 43.22 43.31 43.22 42.91 42.56 42.31 41.91 41.38 40.56 39.34 37.66 35.81 34.00 32.97 32.28 31.72 31.25 30.91 30.41 29.97 30.00 30.19 30.50 30.81 30.94 30.59 29.50 28.09 27.22 27.00 27.19 27.38 27.47 27.19 26.28 25.03 24.28 24.28 24.34 24.38 24.34 24.22 24.00 23.69 23.28 22.59 21.72 20.91 20.09 19.59 19.47 19.47
32.34 31.88 31.66 32.03 32.78 33.88 34.84 35.72 35.75 35.12 36.94 40.44 42.72 44.22 44.84 44.78 44.31 43.75 43.41 43.28 43.22 43.12 43.22 43.34 43.44 43.56 43.66 43.56 43.53 43.31 43.06 42.72 42.16 41.41 40.41 38.97 37.38 35.91 34.91 34.38 34.19 34.12 34.03 33.81 33.66 33.50 33.59 33.62 33.81 33.81 33.44 32.50 30.03 29.34 29.47 29.31 28.75 28.12 27.66 27.00 26.19 26.19 26.25 26.25 26.22 26.03 25.72 25.31 24.91 24.44 23.50 22.38 21.31 20.50 19.84 19.84 19.97
34.88 34.34 34.00 34.22 34.91 36.00 37.19 38.41 39.00 39.56 42.28 43.69 45.25 46.41 47.00 47.09 46.88 46.44 45.91 45.28 44.69 44.22 44.03 44.03 43.91 43.59 43.34 43.53 43.75 43.78 43.59 43.22 42.66 41.94 41.03 39.91 38.62 37.59 37.00 36.81 36.75 36.72 36.62 36.47 36.34 36.31 36.31 36.44 36.56 36.62 36.50 36.00 34.56 34.50 34.56 34.19 32.97 30.75 29.12 28.31 27.69 28.03 28.25 28.28 28.09 27.75 27.34 26.88 26.31 25.66 24.50 23.28 22.03 21.16 20.41 20.41 20.62
38.12 37.09 36.38 36.31 36.84 37.88 39.25 40.81 42.06 44.69 44.88 46.16 47.28 48.16 48.62 48.75 48.88 48.38 47.50 46.69 45.81 45.19 44.75 44.66 44.25 44.09 44.16 44.09 43.91 44.03 44.06 43.69 43.12 42.41 41.59 40.62 39.66 38.94 38.56 38.56 38.66 38.72 38.75 38.81 38.84 38.88 38.97 39.09 39.34 39.62 39.91 40.03 40.09 37.03 38.38 39.53 38.31 36.19 33.06 30.53 29.75 30.16 30.44 30.44 30.12 29.72 29.25 28.66 27.97 27.09 25.81 24.53 23.12 21.94 21.09 21.00 21.22
41.41 40.03 38.69 38.28 38.59 39.53 40.94 42.47 43.75 45.06 46.44 47.78 48.78 49.91 50.47 50.53 49.88 49.16 48.56 47.75 46.84 46.09 45.50 45.12 44.50 44.56 44.66 44.59 44.72 44.75 44.56 44.38 43.75 43.03 42.19 41.28 40.50 39.97 39.78 39.88 40.22 40.47 40.72 40.91 41.09 41.25 41.50 41.75 42.19 42.75 43.50 44.22 44.94 41.16 44.31 44.09 42.94 41.06 38.28 34.22 32.34 32.69 32.84 32.72 32.31 31.88 31.41 30.72 29.78 28.59 27.16 25.84 24.38 23.00 21.91 21.62 22.00
44.44 42.34 40.72 40.12 40.28 41.06 42.31 43.59 44.62 45.53 47.03 48.50 49.59 50.91 50.91 50.81 50.62 50.06 49.44 48.75 47.84 47.34 46.94 46.31 45.44 45.12 45.09 45.12 45.19 45.41 45.22 44.88 44.38 43.59 42.78 42.00 41.41 41.03 40.91 41.12 41.59 42.00 42.47 42.81 43.09 43.50 43.94 44.38 45.00 45.91 47.06 48.88 49.09 48.81 48.31 47.62 46.53 44.91 42.38 38.34 35.25 35.47 35.41 35.19 34.69 34.22 33.66 32.69 31.53 30.12 28.66 27.09 25.56 24.16 23.06 22.88 23.09
45.38 43.88 42.38 41.81 41.91 42.59 43.59 44.59 45.38 46.12 47.38 48.88 50.09 51.03 51.56 51.72 51.38 50.78 50.25 49.66 48.84 47.97 47.53 46.91 46.06 46.00 45.88 45.97 45.97 46.00 45.69 45.31 44.97 44.19 43.41 42.75 42.28 42.00 42.00 42.28 42.84 43.41 44.06 44.53 45.22 45.91 46.62 47.38 48.22 49.25 51.59 52.12 51.75 51.31 50.81 50.16 49.25 47.91 45.81 42.91 39.81 38.22 38.12 37.84 37.31 36.69 35.84 34.69 33.12 31.53 30.00 28.19 26.59 25.22 24.31 24.12 24.41
46.06 44.81 43.78 43.38 43.44 44.03 44.84 45.66 46.31 47.03 48.22 49.59 50.78 51.62 52.22 52.31 51.94 51.44 51.03 50.47 49.78 48.59 48.03 47.16 46.91 46.56 46.47 46.47 46.66 46.44 46.12 45.84 45.47 44.72 44.06 43.50 43.12 42.97 43.03 43.38 44.06 44.94 45.84 46.72 47.25 47.94 49.34 51.25 52.31 52.81 53.16 53.44 53.34 52.84 52.25 51.78 51.00 49.84 48.34 46.59 44.81 42.88 40.97 40.22 40.25 39.47 38.16 36.62 34.81 33.12 31.31 29.25 27.53 26.34 25.69 25.31 25.59
46.94 45.97 45.28 44.88 44.91 45.31 45.97 46.72 47.41 48.16 49.19 50.28 51.28 52.03 52.50 52.59 52.34 52.06 51.72 51.19 50.62 49.59 48.75 47.47 47.34 47.06 47.00 47.00 47.19 46.88 46.69 46.38 45.88 45.25 44.69 44.25 43.97 43.88 44.00 44.38 45.03 46.12 47.44 48.84 49.69 50.38 51.69 53.66 54.41 54.16 53.94 53.81 53.62 53.31 52.94 52.50 51.91 51.00 49.91 48.88 47.94 47.31 46.69 45.00 42.97 42.44 40.72 38.75 36.62 34.66 32.66 30.47 28.53 27.78 27.47 27.38 27.88
48.28 47.59 47.00 46.56 46.38 46.56 47.03 47.72 48.53 49.28 50.19 51.09 51.94 52.59 53.03 53.19 52.97 52.75 52.41 51.88 51.28 50.72 49.28 48.38 48.06 47.75 47.62 47.72 47.66 47.44 47.09 46.78 46.34 45.81 45.31 44.97 44.78 44.78 44.97 45.34 46.03 47.25 48.72 50.12 51.16 52.09 53.03 54.72 54.84 54.38 54.22 54.06 53.88 53.62 53.47 53.38 53.22 52.62 51.59 50.59 50.16 49.97 50.03 49.69 48.59 46.97 44.34 41.53 39.03 36.84 34.62 32.16 30.03 29.19 29.12 29.75 31.72
49.66 49.06 48.53 48.06 47.81 47.81 48.12 48.69 49.56 50.41 51.22 51.97 52.69 53.28 53.72 53.94 53.78 53.47 53.09 52.50 51.88 51.28 50.38 49.19 48.94 48.44 48.28 48.47 48.19 47.81 47.47 47.16 46.78 46.31 45.97 45.72 45.66 45.75 46.00 46.38 47.06 48.31 49.69 50.94 51.88 52.91 53.66 54.88 54.69 54.56 54.47 54.34 54.19 53.94 54.12 54.25 54.16 53.84 53.44 52.41 51.66 51.31 51.28 51.50 51.75 50.62 48.22 44.94 41.91 39.25 36.56 33.88 31.56 30.75 30.84 32.69 35.75
50.75 50.28 49.81 49.44 49.16 49.06 49.22 49.66 50.50 51.41 52.12 52.81 53.44 53.94 54.38 54.59 54.47 54.19 53.78 53.09 52.41 51.78 51.06 50.16 49.59 49.31 49.19 48.97 48.56 48.19 47.84 47.56 47.22 46.81 46.56 46.44 46.47 46.66 46.97 47.41 48.09 49.19 50.47 51.62 52.53 53.34 53.94 54.25 54.66 54.75 54.72 54.62 54.50 54.31 54.56 54.66 54.59 54.47 54.41 53.94 53.09 52.66 52.09 52.06 52.12 51.72 50.25 47.25 44.16 41.19 38.19 35.38 33.12 32.53 33.09 34.91 38.19
51.75 51.31 50.91 50.59 50.38 50.28 50.31 50.62 51.38 52.19 52.81 53.41 53.94 54.38 54.75 54.97 55.00 54.72 54.19 53.53 52.84 52.25 51.66 51.06 50.53 50.09 49.72 49.34 48.94 48.53 48.16 47.88 47.59 47.25 47.09 47.09 47.25 47.53 47.94 48.44 49.06 50.03 51.16 52.28 53.19 53.81 54.22 54.59 54.91 55.00 55.03 54.97 54.84 54.69 54.84 54.91 54.88 54.84 54.81 54.72 53.84 53.56 53.06 52.59 52.41 51.97 50.78 48.16 45.38 42.41 39.44 36.72 34.62 34.06 34.75 36.19 39.50
52.66 52.25 51.91 51.62 51.44 51.34 51.28 51.50 52.16 52.78 53.34 53.88 54.31 54.72 55.03 55.22 55.25 54.97 54.50 53.91 53.28 52.69 52.12 51.56 51.06 50.59 50.12 49.69 49.28 48.88 48.50 48.19 47.88 47.69 47.66 47.75 48.00 48.38 48.84 49.38 50.06 50.97 51.97 52.94 53.75 54.28 54.69 55.06 55.25 55.34 55.38 55.31 55.22 55.09 55.16 55.19 55.16 55.16 55.16 55.03 54.50 54.12 53.75 53.03 52.62 51.94 50.69 48.50 46.16 43.44 40.59 37.94 35.97 35.28 35.78 37.19 40.06
53.50 53.12 52.81 52.56 52.38 52.28 52.25 52.41 52.84 53.34 53.84 54.28 54.69 55.03 55.31 55.47 55.47 55.25 54.78 54.22 53.66 53.06 52.50 51.97 51.44 50.97 50.47 50.03 49.62 49.22 48.84 48.50 48.28 48.28 48.38 48.56 48.84 49.25 49.69 50.25 51.00 51.88 52.75 53.59 54.34 54.91 55.28 55.59 55.69 55.75 55.75 55.72 55.62 55.50 55.50 55.47 55.44 55.41 55.41 55.38 54.97 54.56 54.16 53.44 52.88 52.06 50.69 48.81 46.88 44.50 41.75 39.16 37.25 36.47 36.94 38.69 41.25
54.25 53.91 53.62 53.41 53.25 53.12 53.06 53.16 53.50 53.91 54.31 54.69 55.06 55.34 55.56 55.72 55.72 55.53 55.06 54.56 54.00 53.44 52.88 52.34 51.81 51.31 50.81 50.34 49.94 49.53 49.16 48.81 48.81 48.94 49.12 49.38 49.69 50.06 50.50 51.06 51.78 52.62 53.41 54.16 54.84 55.41 55.81 56.03 56.16 56.19 56.19 56.12 56.03 55.91 55.81 55.75 55.66 55.59 55.41 55.50 55.44 55.09 54.47 53.97 53.50 52.53 51.06 49.41 47.62 45.62 43.03 40.44 38.56 37.72 38.16 39.94 42.31
54.97 54.66 54.38 54.19 54.03 53.91 53.88 53.84 54.09 54.41 54.75 55.09 55.41 55.69 55.88 56.00 56.00 55.81 55.34 54.88 54.34 53.78 53.25 52.69 52.16 51.66 51.16 50.66 50.22 49.81 49.41 49.12 49.38 49.56 49.84 50.12 50.50 50.88 51.31 51.84 52.53 53.25 53.94 54.62 55.28 55.81 56.22 56.47 56.59 56.62 56.59 56.53 56.47 56.34 56.22 56.09 55.97 55.84 55.72 55.59 55.44 55.25 54.88 54.47 53.97 52.91 51.47 50.00 48.44 46.69 44.34 41.88 39.94 39.00 39.50 41.16 43.25
55.59 55.31 55.06 54.88 54.75 54.62 54.53 54.47 54.62 54.91 55.19 55.50 55.78 56.00 56.19 56.28 56.31 56.12 55.66 55.19 54.66 54.12 53.59 53.06 52.50 51.97 51.44 50.91 50.44 50.06 49.81 49.69 49.97 50.25 50.53 50.88 51.25 51.66 52.09 52.59 53.19 53.81 54.41 55.03 55.62 56.12 56.53 56.84 57.06 57.06 57.03 56.97 56.88 56.78 56.66 56.53 56.41 56.25 56.12 55.97 55.78 55.53 55.12 54.62 54.12 53.12 51.88 50.59 49.06 47.34 45.34 43.09 41.22 40.31 40.69 42.19 44.09
56.19 55.91 55.69 55.53 55.41 55.28 55.16 55.03 55.12 55.34 55.62 55.91 56.16 56.38 56.53 56.59 56.62 56.44 55.97 55.50 55.00 54.47 53.94 53.38 52.84 52.25 51.69 51.06 50.62 50.44 50.34 50.38 50.59 50.91 51.25 51.62 52.03 52.47 52.91 53.38 53.88 54.41 54.94 55.44 56.00 56.44 56.78 57.16 57.47 57.53 57.47 57.41 57.28 57.16 57.06 56.94 56.81 56.69 56.50 56.34 56.12 55.81 55.38 54.88 54.31 53.41 52.38 51.06 49.47 47.78 46.03 44.31 42.47 41.34 41.75 43.09 44.91
56.72 56.47 56.28 56.12 56.03 55.91 55.75 55.56 55.59 55.78 56.03 56.28 56.53 56.72 56.84 56.94 56.91 56.72 56.25 55.81 55.31 54.81 54.28 53.72 53.16 52.56 51.91 51.22 50.94 50.84 50.91 51.03 51.28 51.59 51.97 52.34 52.78 53.22 53.66 54.09 54.53 55.00 55.50 55.97 56.44 56.88 57.28 57.59 57.88 57.97 57.91 57.81 57.72 57.59 57.47 57.34 57.22 57.06 56.91 56.69 56.47 56.12 55.69 55.19 54.62 53.81 52.81 51.47 49.72 48.25 46.72 45.19 43.81 42.47 42.66 43.91 45.69
57.28 57.03 56.84 56.69 56.59 56.44 56.28 56.09 56.03 56.19 56.41 56.69 56.91 57.09 57.22 57.22 57.12 56.94 56.56 56.09 55.62 55.12 54.59 54.03 53.47 52.81 52.06 51.47 51.31 51.31 51.50 51.72 52.03 52.41 52.75 53.16 53.56 53.94 54.34 54.78 55.19 55.62 56.06 56.53 56.97 57.41 57.81 58.06 58.25 58.31 58.31 58.22 58.12 58.00 57.88 57.72 57.56 57.44 57.25 57.06 56.81 56.47 56.06 55.56 55.00 54.19 53.16 51.66 50.09 48.75 47.38 46.03 44.81 43.47 43.59 44.62 46.41
57.78 57.56 57.38 57.22 57.09 56.97 56.81 56.59 56.53 56.62 56.84 57.12 57.34 57.50 57.53 57.50 57.38 57.16 56.81 56.41 55.94 55.44 54.91 54.34 53.75 53.06 52.34 51.88 51.78 51.88 52.09 52.41 52.78 53.16 53.53 53.91 54.31 54.69 55.06 55.47 55.84 56.25 56.66 57.06 57.50 57.91 58.25 58.47 58.59 58.66 58.62 58.59 58.50 58.38 58.25 58.09 57.94 57.78 57.62 57.41 57.16 56.81 56.44 55.94 55.38 54.50 53.44 51.97 50.66 49.34 48.09 46.84 45.69 44.44 44.53 45.59 47.06
58.19 58.00 57.88 57.72 57.59 57.47 57.31 57.06 57.03 57.09 57.31 57.53 57.69 57.78 57.84 57.78 57.62 57.34 57.03 56.66 56.22 55.75 55.25 54.69 54.03 53.38 52.81 52.47 52.38 52.47 52.72 53.09 53.50 53.94 54.31 54.69 55.03 55.41 55.78 56.12 56.50 56.88 57.25 57.62 58.00 58.34 58.66 58.84 58.97 59.00 58.97 58.94 58.84 58.72 58.59 58.47 58.28 58.12 57.94 57.75 57.47 57.16 56.78 56.34 55.81 54.81 53.53 52.38 51.16 49.97 48.81 47.59 46.50 45.50 45.72 46.78 47.78
58.56 58.44 58.28 58.16 58.06 57.94 57.81 57.59 57.53 57.59 57.75 57.91 58.03 58.09 58.09 58.03 57.81 57.53 57.22 56.88 56.47 56.06 55.62 55.00 54.34 53.78 53.41 53.19 53.12 53.22 53.41 53.81 54.25 54.69 55.06 55.44 55.78 56.12 56.47 56.81 57.16 57.50 57.84 58.19 58.50 58.81 59.06 59.22 59.31 59.34 59.31 59.28 59.19 59.06 58.94 58.78 58.62 58.44 58.25 58.03 57.75 57.44 57.09 56.69 56.19 55.09 53.81 52.75 51.62 50.50 49.41 48.22 47.22 46.53 46.97 47.69 48.50
58.91 58.81 58.69 58.59 58.50 58.38 58.28 58.09 58.00 58.03 58.12 58.25 58.34 58.38 58.38 58.25 58.00 57.72 57.44 57.06 56.69 56.31 55.88 55.31 54.78 54.34 54.06 53.91 53.91 54.03 54.25 54.59 55.03 55.47 55.84 56.19 56.53 56.84 57.19 57.50 57.81 58.09 58.41 58.72 59.00 59.25 59.47 59.59 59.69 59.69 59.69 59.62 59.53 59.41 59.28 59.12 58.94 58.75 58.53 58.28 57.97 57.66 57.28 56.91 56.38 55.41 54.16 53.12 52.06 51.00 49.94 48.78 47.62 47.56 47.91 48.50 49.12
59.25 59.19 59.09 59.00 58.91 58.84 58.72 58.53 58.47 58.44 58.50 58.56 58.62 58.62 58.59 58.44 58.22 57.94 57.66 57.31 56.97 56.59 56.19 55.75 55.31 54.91 54.72 54.66 54.69 54.88 55.12 55.44 55.84 56.28 56.62 56.97 57.28 57.59 57.88 58.16 58.44 58.72 59.00 59.25 59.50 59.72 59.88 59.97 60.03 60.06 60.03 59.97 59.88 59.75 59.59 59.44 59.25 59.03 58.81 58.50 58.19 57.84 57.47 57.06 56.50 55.53 54.53 53.50 52.47 51.47 50.41 49.25 48.25 48.38 48.75 49.25 49.78
59.56 59.53 59.47 59.41 59.31 59.25 59.09 58.94 58.84 58.81 58.81 58.84 58.84 58.84 58.81 58.66 58.44 58.19 57.91 57.56 57.25 56.91 56.56 56.22 55.88 55.59 55.38 55.41 55.50 55.69 55.97 56.28 56.66 57.09 57.44 57.75 58.03 58.31 58.56 58.81 59.06 59.31 59.56 59.78 60.00 60.16 60.28 60.38 60.41 60.41 60.38 60.31 60.19 60.06 59.91 59.75 59.53 59.31 59.03 58.72 58.38 58.03 57.62 57.19 56.62 55.72 54.78 53.84 52.91 51.97 50.84 49.66 48.94 49.12 49.50 49.94 50.38
59.88 59.84 59.81 59.75 59.72 59.56 59.44 59.31 59.19 59.12 59.09 59.09 59.06 59.06 59.00 58.84 58.66 58.44 58.16 57.88 57.59 57.31 57.03 56.75 56.47 56.25 56.12 56.12 56.28 56.50 56.78 57.12 57.50 57.94 58.25 58.53 58.78 59.03 59.25 59.50 59.72 59.91 60.12 60.34 60.50 60.62 60.72 60.78 60.78 60.78 60.72 60.62 60.50 60.38 60.19 60.03 59.81 59.56 59.25 58.94 58.59 58.22 57.78 57.34 56.75 55.94 55.06 54.19 53.31 52.38 51.31 50.16 49.66 49.94 50.25 50.62 51.00
60.19 60.16 60.16 60.09 60.00 59.88 59.72 59.62 59.50 59.44 59.38 59.31 59.28 59.25 59.19 59.03 58.88 58.69 58.47 58.25 58.00 57.78 57.53 57.31 57.09 56.94 56.88 56.88 57.06 57.31 57.59 57.94 58.31 58.72 59.06 59.31 59.53 59.75 59.94 60.16 60.34 60.53 60.69 60.88 61.00 61.09 61.16 61.19 61.16 61.12 61.03 60.94 60.78 60.62 60.47 60.28 60.06 59.78 59.50 59.16 58.78 58.41 57.97 57.50 56.88 56.12 55.34 54.53 53.75 52.81 51.75 50.72 50.44 50.75 51.00 51.28 51.56
60.44 60.47 60.44 60.38 60.25 60.12 60.00 59.91 59.78 59.72 59.62 59.56 59.50 59.44 59.41 59.28 59.16 59.00 58.84 58.66 58.47 58.28 58.09 57.91 57.78 57.66 57.62 57.66 57.84 58.09 58.38 58.75 59.12 59.50 59.84 60.06 60.28 60.47 60.62 60.78 60.97 61.12 61.25 61.41 61.50 61.56 61.59 61.59 61.53 61.47 61.38 61.25 61.09 60.91 60.72 60.53 60.28 60.03 59.72 59.38 59.00 58.59 58.16 57.66 57.06 56.34 55.62 54.91 54.19 53.31 52.28 51.50 51.44 51.53 51.78 51.97 52.09
60.75 60.72 60.69 60.59 60.50 60.38 60.28 60.19 60.06 59.97 59.84 59.78 59.69 59.66 59.59 59.56 59.50 59.38 59.25 59.09 58.94 58.81 58.66 58.53 58.44 58.41 58.41 58.50 58.69 58.97 59.28 59.59 59.94 60.28 60.56 60.81 60.97 61.12 61.28 61.41 61.56 61.69 61.81 61.94 62.00 62.03 62.06 62.00 61.94 61.81 61.69 61.56 61.38 61.19 61.00 60.78 60.53 60.28 59.97 59.59 59.22 58.81 58.34 57.84 57.25 56.59 55.94 55.28 54.62 53.84 53.00 52.47 52.25 52.34 52.41 52.47 52.53
60.78 60.75 60.75 60.72 60.72 60.69 60.50 60.41 60.31 60.22 60.09 60.00 59.94 59.88 59.84 59.88 59.84 59.81 59.72 59.59 59.50 59.38 59.28 59.22 59.16 59.16 59.25 59.44 59.66 59.94 60.25 60.50 60.75 61.00 61.25 61.50 61.69 61.81 61.94 62.06 62.16 62.25 62.38 62.47 62.50 62.53 62.50 62.41 62.31 62.19 62.03 61.88 61.69 61.50 61.28 61.03 60.78 60.53 60.22 59.81 59.44 59.00 58.56 58.03 57.47 56.88 56.25 55.66 55.06 54.41 53.75 53.28 53.16 53.06 53.00 52.97 52.94
