arlandasctiles/Tile15,10.asc
ncols 128
nrows 128
xllcorner 0
yllcorner 0
cellsize 2.0
NODATA_value  -9999
[rows 0 to 30 of 128, columns 0 to 68 of 128]
-12.59 -13.06 -13.59 -14.16 -14.78 -15.47 -16.12 -16.78 -17.47 -18.12 -18.75 -19.38 -19.97 -20.59 -21.22 -21.81 -22.44 -23.03 -23.44 -23.78 -24.28 -24.91 -25.69 -26.81 -28.50 -29.56 -30.06 -30.69 -32.53 -34.06 -35.22 -35.72 -37.00 -38.75 -39.75 -40.38 -41.31 -42.09 -43.00 -44.50 -46.16 -47.78 -49.75 -51.28 -53.44 -55.09 -53.97 -54.47 -55.06 -56.69 -58.22 -59.66 -61.00 -63.31 -65.31 -66.59 -65.59 -67.19 -68.66 -69.09 -70.41 -71.44 -71.75 -74.03 -75.62 -77.31 -77.75 -78.25 -79.56
-12.41 -12.91 -13.44 -14.06 -14.78 -15.41 -15.97 -16.56 -17.16 -17.72 -18.31 -18.91 -19.50 -20.09 -20.69 -21.25 -21.81 -22.22 -22.59 -23.09 -23.72 -24.47 -25.44 -26.75 -27.75 -28.44 -29.75 -31.03 -32.25 -32.88 -33.81 -34.84 -36.53 -36.94 -37.34 -38.56 -39.34 -40.06 -41.84 -43.34 -44.97 -46.69 -48.44 -49.50 -52.41 -52.31 -51.88 -53.03 -54.19 -55.41 -56.44 -58.44 -60.75 -62.31 -64.25 -63.81 -64.03 -66.25 -65.84 -66.25 -67.25 -68.22 -69.72 -71.94 -73.91 -75.81 -76.12 -77.50 -79.31
-12.31 -12.84 -13.50 -14.12 -14.66 -15.19 -15.72 -16.25 -16.78 -17.34 -17.91 -18.44 -19.00 -19.56 -20.12 -20.66 -21.03 -21.41 -21.91 -22.53 -23.28 -24.25 -25.28 -26.09 -26.75 -27.66 -29.12 -29.19 -30.16 -31.53 -33.06 -34.84 -35.50 -35.28 -36.31 -36.81 -37.50 -38.88 -40.59 -42.09 -43.59 -45.56 -46.56 -48.09 -50.50 -49.78 -51.09 -52.34 -53.47 -54.09 -55.00 -57.59 -58.94 -59.81 -61.75 -61.84 -62.47 -64.72 -63.16 -64.16 -64.81 -66.41 -67.59 -69.66 -71.94 -73.97 -75.53 -77.47 -78.31
-12.41 -12.94 -13.44 -13.94 -14.41 -14.91 -15.41 -15.91 -16.44 -16.94 -17.47 -18.00 -18.53 -19.06 -19.56 -19.94 -20.25 -20.75 -21.38 -22.12 -23.12 -23.97 -24.69 -25.38 -25.81 -26.59 -27.41 -27.91 -28.84 -30.66 -33.31 -34.00 -33.62 -34.19 -34.91 -35.50 -36.78 -37.72 -39.47 -40.91 -42.50 -44.28 -45.25 -47.69 -48.66 -48.53 -49.66 -50.84 -51.91 -53.41 -55.72 -56.66 -57.03 -57.47 -59.28 -59.91 -60.75 -62.75 -61.81 -62.44 -63.28 -64.62 -66.59 -68.19 -70.09 -71.97 -74.22 -74.94 -76.38
-12.34 -12.78 -13.22 -13.69 -14.16 -14.62 -15.09 -15.56 -16.06 -16.56 -17.06 -17.56 -18.03 -18.53 -18.91 -19.19 -19.66 -20.28 -21.00 -22.00 -22.75 -23.38 -24.00 -24.22 -24.62 -25.25 -25.91 -26.47 -27.94 -29.94 -32.25 -31.78 -32.34 -32.41 -33.84 -34.91 -35.00 -36.41 -38.00 -39.88 -42.12 -43.62 -45.16 -46.50 -45.31 -45.97 -47.22 -49.03 -50.19 -53.53 -53.66 -53.47 -54.94 -55.94 -56.44 -57.72 -58.81 -60.53 -59.84 -60.59 -61.94 -63.41 -65.44 -67.84 -69.66 -70.62 -72.06 -72.34 -74.38
-12.09 -12.56 -13.00 -13.44 -13.88 -14.31 -14.78 -15.22 -15.69 -16.16 -16.62 -17.09 -17.56 -17.94 -18.19 -18.66 -19.22 -19.94 -20.94 -21.59 -22.19 -22.75 -22.97 -23.28 -23.81 -24.47 -25.09 -26.16 -28.31 -29.81 -30.06 -30.09 -31.00 -31.56 -32.78 -33.50 -34.38 -35.56 -37.84 -40.41 -41.59 -42.31 -44.28 -43.78 -43.16 -44.00 -45.66 -47.31 -49.41 -52.34 -50.91 -51.56 -53.41 -54.34 -54.72 -55.78 -57.09 -57.41 -57.59 -58.97 -60.62 -62.03 -64.31 -66.00 -67.12 -68.56 -70.12 -70.28 -72.22
-11.88 -12.34 -12.75 -13.16 -13.59 -14.03 -14.44 -14.88 -15.31 -15.78 -16.22 -16.66 -17.03 -17.25 -17.66 -18.25 -19.00 -19.88 -20.53 -21.09 -21.59 -21.75 -22.06 -22.53 -23.09 -23.62 -24.53 -26.25 -27.88 -27.84 -28.00 -28.66 -30.28 -30.94 -31.69 -32.72 -34.12 -36.53 -38.09 -38.78 -39.62 -41.97 -42.25 -41.50 -42.03 -43.00 -44.22 -46.56 -49.44 -50.84 -49.44 -51.06 -52.34 -52.22 -53.12 -54.19 -55.25 -55.44 -56.16 -57.59 -59.78 -61.03 -62.53 -63.91 -65.12 -66.50 -67.91 -68.81 -71.06
-11.62 -12.09 -12.50 -12.91 -13.31 -13.72 -14.12 -14.56 -14.97 -15.38 -15.78 -16.19 -16.38 -16.75 -17.31 -18.16 -18.84 -19.47 -20.06 -20.50 -20.59 -20.91 -21.38 -21.91 -22.50 -23.00 -24.31 -26.03 -26.25 -26.28 -27.47 -28.50 -29.25 -29.69 -30.75 -32.28 -34.66 -36.03 -35.53 -36.50 -39.25 -40.78 -39.75 -40.09 -41.00 -42.12 -44.12 -47.09 -48.19 -48.34 -48.97 -50.53 -50.69 -50.91 -51.56 -53.06 -53.75 -54.44 -55.34 -56.66 -58.25 -58.72 -59.84 -61.28 -62.97 -64.22 -65.72 -67.62 -70.22
-11.41 -11.84 -12.28 -12.66 -13.03 -13.41 -13.81 -14.22 -14.62 -15.00 -15.38 -15.59 -15.91 -16.53 -17.31 -17.91 -18.47 -19.00 -19.31 -19.50 -19.84 -20.31 -20.81 -21.31 -21.88 -22.50 -23.59 -24.25 -24.53 -25.69 -26.75 -27.44 -27.91 -28.88 -30.31 -32.62 -34.09 -33.56 -34.28 -36.19 -38.75 -38.25 -38.41 -39.19 -40.31 -42.09 -44.28 -45.25 -45.91 -46.97 -48.28 -48.84 -48.59 -49.47 -50.94 -51.91 -52.62 -53.59 -53.88 -54.56 -55.56 -56.66 -57.50 -59.12 -60.94 -62.03 -63.97 -65.72 -68.44
-11.19 -11.59 -12.00 -12.38 -12.75 -13.12 -13.50 -13.88 -14.25 -14.62 -14.97 -15.22 -15.88 -16.44 -17.03 -17.56 -17.97 -18.19 -18.44 -18.84 -19.28 -19.75 -20.19 -20.66 -21.19 -21.78 -22.44 -23.00 -23.81 -24.88 -25.69 -26.12 -27.25 -28.69 -30.91 -32.12 -31.50 -32.22 -33.94 -36.50 -36.31 -36.59 -37.72 -38.88 -40.62 -42.34 -42.66 -43.12 -44.25 -46.16 -47.12 -47.00 -47.56 -48.75 -49.62 -50.47 -51.75 -52.25 -51.56 -52.12 -53.84 -54.94 -56.41 -57.66 -59.19 -60.53 -62.09 -63.88 -66.50
-10.94 -11.31 -11.72 -12.12 -12.47 -12.81 -13.19 -13.56 -13.94 -14.28 -14.66 -15.09 -15.66 -16.16 -16.50 -16.81 -17.12 -17.44 -17.84 -18.28 -18.72 -19.12 -19.56 -20.03 -20.53 -21.09 -21.69 -22.34 -23.03 -23.78 -24.41 -25.53 -26.88 -28.78 -30.34 -29.78 -30.31 -31.72 -34.09 -33.97 -34.38 -35.75 -37.06 -38.62 -40.19 -40.00 -41.06 -42.12 -43.84 -45.06 -45.34 -45.66 -46.62 -47.69 -48.69 -49.75 -50.44 -50.62 -50.22 -51.16 -52.34 -53.97 -55.12 -56.16 -58.38 -59.97 -61.56 -63.12 -66.12
-10.72 -11.06 -11.44 -11.81 -12.22 -12.62 -12.88 -13.22 -13.59 -13.97 -14.38 -14.78 -14.97 -15.38 -15.78 -16.12 -16.47 -16.84 -17.28 -17.69 -18.09 -18.50 -18.91 -19.38 -19.84 -20.38 -20.94 -21.56 -22.22 -22.84 -23.75 -25.06 -26.84 -28.41 -28.00 -28.56 -29.88 -31.84 -31.78 -32.16 -33.47 -34.94 -36.53 -38.09 -38.41 -39.31 -40.44 -41.88 -42.75 -43.38 -43.81 -44.47 -45.41 -46.59 -47.19 -48.38 -48.97 -49.31 -49.66 -50.59 -51.94 -53.16 -54.25 -55.34 -57.53 -59.31 -61.19 -63.25 -66.78
-10.50 -10.81 -11.16 -11.66 -11.88 -12.22 -12.62 -12.88 -13.22 -13.56 -13.72 -14.03 -14.44 -14.81 -15.19 -15.53 -15.91 -16.31 -16.72 -17.09 -17.47 -17.88 -18.28 -18.72 -19.19 -19.69 -20.25 -20.81 -21.41 -22.03 -23.12 -24.78 -26.47 -26.16 -26.81 -28.16 -29.78 -29.88 -30.06 -31.38 -32.62 -34.28 -35.69 -36.56 -37.34 -38.59 -39.91 -40.75 -41.31 -41.72 -42.50 -43.53 -44.12 -44.97 -46.09 -47.06 -47.69 -48.22 -49.03 -50.16 -51.28 -52.62 -54.06 -55.47 -56.72 -58.66 -60.81 -63.50 -66.28
-10.28 -10.59 -10.88 -11.25 -11.59 -11.91 -12.25 -12.53 -12.81 -12.94 -13.19 -13.53 -13.91 -14.28 -14.66 -15.00 -15.38 -15.75 -16.12 -16.47 -16.84 -17.22 -17.62 -18.03 -18.50 -19.00 -19.53 -20.06 -20.62 -21.28 -22.59 -24.62 -23.88 -24.94 -26.34 -27.75 -28.31 -28.22 -29.41 -30.53 -31.44 -32.81 -34.06 -35.22 -36.16 -37.88 -38.81 -39.47 -39.78 -40.56 -41.62 -42.34 -42.97 -43.94 -44.97 -45.84 -46.78 -47.75 -48.75 -49.84 -51.03 -52.44 -53.88 -55.25 -56.81 -58.59 -60.12 -61.94 -63.19
-10.09 -10.34 -10.69 -11.00 -11.31 -11.56 -11.81 -12.12 -12.28 -12.44 -12.78 -13.12 -13.47 -13.78 -14.09 -14.44 -14.81 -15.16 -15.50 -15.84 -16.19 -16.56 -16.94 -17.38 -17.81 -18.28 -18.78 -19.31 -19.84 -20.44 -21.94 -23.09 -22.28 -23.69 -25.03 -26.69 -26.66 -27.25 -28.47 -29.50 -30.69 -31.75 -33.03 -34.50 -35.28 -36.59 -37.53 -38.03 -38.69 -39.41 -40.53 -41.31 -42.12 -43.00 -44.06 -45.28 -46.34 -47.44 -48.69 -50.03 -51.47 -52.97 -54.50 -55.91 -56.94 -57.66 -59.41 -60.62 -62.09
-9.81 -10.16 -10.47 -10.72 -10.97 -11.16 -11.44 -11.69 -11.78 -12.06 -12.38 -12.69 -12.97 -13.25 -13.56 -13.91 -14.22 -14.56 -14.88 -15.22 -15.56 -15.91 -16.28 -16.69 -17.12 -17.56 -18.06 -18.53 -19.06 -19.84 -20.81 -21.22 -21.53 -22.41 -23.94 -25.06 -25.00 -26.25 -27.06 -28.22 -29.06 -30.44 -32.50 -33.22 -33.59 -34.78 -36.00 -36.84 -37.59 -38.59 -39.56 -40.41 -41.31 -42.31 -43.53 -44.84 -46.06 -47.38 -48.75 -50.03 -51.22 -52.44 -53.59 -54.69 -55.94 -57.28 -58.38 -59.28 -60.94
-9.69 -9.94 -10.19 -10.47 -10.53 -10.78 -11.03 -11.09 -11.31 -11.62 -11.94 -12.19 -12.47 -12.75 -13.03 -13.34 -13.66 -13.97 -14.28 -14.59 -14.91 -15.25 -15.62 -16.03 -16.44 -16.88 -17.34 -17.81 -18.34 -18.91 -19.47 -20.03 -20.34 -21.81 -23.00 -23.16 -24.00 -25.44 -26.03 -27.06 -28.09 -30.16 -31.59 -31.19 -32.38 -33.41 -34.56 -35.62 -36.47 -37.69 -38.66 -39.53 -40.56 -41.78 -43.00 -44.25 -45.50 -46.81 -47.97 -49.12 -50.41 -51.59 -52.66 -53.84 -55.12 -56.44 -57.44 -58.66 -60.34
-9.47 -9.72 -9.84 -10.00 -10.22 -10.44 -10.56 -10.66 -10.91 -11.16 -11.41 -11.69 -12.00 -12.25 -12.53 -12.81 -13.09 -13.38 -13.69 -13.97 -14.28 -14.62 -15.00 -15.38 -15.78 -16.22 -16.66 -17.12 -17.62 -18.09 -18.69 -19.25 -19.81 -20.78 -21.25 -21.97 -23.59 -24.28 -25.06 -26.44 -28.47 -29.62 -29.75 -30.56 -30.81 -32.16 -33.78 -34.66 -35.47 -36.81 -37.72 -38.75 -40.03 -41.28 -42.44 -43.66 -44.91 -46.06 -47.19 -48.41 -49.66 -50.78 -51.94 -53.25 -54.81 -56.25 -57.72 -59.06 -60.16
-9.25 -9.38 -9.56 -9.69 -9.91 -10.06 -10.09 -10.28 -10.50 -10.69 -10.91 -11.19 -11.44 -11.75 -12.03 -12.28 -12.56 -12.81 -13.09 -13.38 -13.69 -14.03 -14.38 -14.75 -15.12 -15.56 -16.00 -16.47 -16.94 -17.44 -18.06 -18.31 -18.81 -19.31 -20.22 -21.81 -22.41 -23.34 -24.72 -26.31 -26.75 -27.72 -28.78 -29.41 -30.44 -31.78 -32.88 -33.59 -34.88 -35.91 -36.91 -38.16 -39.50 -40.78 -41.97 -43.16 -44.25 -45.38 -46.59 -47.84 -49.09 -50.47 -51.78 -53.03 -54.22 -55.38 -56.72 -58.09 -59.28
-8.94 -9.16 -9.25 -9.41 -9.56 -9.62 -9.75 -9.91 -10.06 -10.25 -10.47 -10.69 -10.94 -11.19 -11.47 -11.75 -12.00 -12.25 -12.53 -12.81 -13.09 -13.44 -13.78 -14.12 -14.53 -14.97 -15.38 -15.84 -16.31 -16.84 -17.38 -17.47 -17.81 -18.66 -19.88 -20.56 -21.47 -22.81 -24.22 -24.25 -25.22 -26.59 -27.41 -28.12 -29.44 -31.00 -31.84 -33.00 -34.09 -35.03 -36.22 -37.53 -38.94 -40.28 -41.53 -42.72 -43.97 -45.19 -46.44 -47.72 -49.00 -50.25 -51.41 -52.59 -53.84 -55.28 -56.81 -58.22 -59.50
-8.81 -8.84 -8.97 -9.12 -9.22 -9.25 -9.41 -9.53 -9.66 -9.84 -10.03 -10.22 -10.44 -10.66 -10.91 -11.19 -11.44 -11.72 -11.97 -12.25 -12.56 -12.88 -13.19 -13.56 -13.97 -14.38 -14.81 -15.25 -15.75 -16.25 -16.62 -16.66 -17.00 -17.91 -18.56 -19.44 -20.59 -22.12 -22.44 -22.56 -23.59 -24.28 -25.25 -26.66 -28.62 -30.09 -31.31 -32.38 -33.25 -34.41 -35.62 -36.88 -38.25 -40.06 -41.47 -42.81 -44.06 -45.28 -46.44 -47.53 -48.59 -49.69 -50.84 -52.03 -53.28 -54.75 -56.47 -58.03 -59.66
-8.53 -8.59 -8.69 -8.81 -8.84 -8.94 -9.06 -9.16 -9.28 -9.44 -9.59 -9.78 -9.97 -10.16 -10.38 -10.59 -10.88 -11.12 -11.41 -11.69 -12.00 -12.28 -12.62 -13.00 -13.41 -13.84 -14.28 -14.72 -15.19 -15.56 -15.75 -15.97 -16.38 -16.88 -17.56 -18.59 -19.91 -20.44 -20.50 -20.59 -22.00 -22.66 -23.84 -25.62 -27.59 -29.38 -30.62 -31.84 -33.06 -34.34 -35.62 -36.91 -38.25 -39.69 -40.88 -42.00 -43.22 -44.41 -45.50 -46.69 -47.84 -49.00 -50.06 -51.78 -53.19 -54.66 -56.78 -58.53 -60.12
-8.28 -8.34 -8.41 -8.47 -8.50 -8.62 -8.69 -8.81 -8.91 -9.06 -9.19 -9.34 -9.50 -9.69 -9.88 -10.06 -10.31 -10.56 -10.81 -11.12 -11.44 -11.78 -12.09 -12.50 -12.91 -13.31 -13.75 -14.19 -14.56 -14.81 -15.00 -15.34 -15.75 -16.31 -16.97 -17.91 -18.44 -18.84 -19.28 -20.06 -20.69 -21.91 -23.22 -25.19 -26.78 -28.50 -30.28 -31.69 -32.97 -34.22 -35.53 -36.81 -38.09 -39.28 -40.41 -41.56 -42.84 -44.09 -45.41 -46.69 -47.94 -49.16 -50.41 -51.69 -52.94 -54.28 -55.78 -57.56 -59.47
-8.03 -8.09 -8.16 -8.19 -8.22 -8.28 -8.38 -8.47 -8.56 -8.69 -8.81 -8.94 -9.09 -9.25 -9.41 -9.59 -9.81 -10.03 -10.31 -10.59 -10.91 -11.25 -11.66 -12.03 -12.44 -12.84 -13.25 -13.66 -13.97 -14.16 -14.38 -14.78 -15.25 -15.88 -16.41 -16.94 -17.44 -18.03 -18.69 -19.38 -20.56 -21.91 -23.41 -24.75 -26.47 -28.06 -29.91 -31.50 -32.94 -34.22 -35.44 -36.72 -38.03 -39.25 -40.38 -41.53 -42.75 -44.09 -45.53 -46.91 -48.03 -49.12 -50.34 -51.72 -53.09 -54.44 -55.69 -56.84 -58.75
-7.81 -7.88 -7.91 -7.91 -7.97 -8.00 -8.06 -8.16 -8.25 -8.34 -8.47 -8.59 -8.72 -8.84 -9.00 -9.16 -9.34 -9.59 -9.84 -10.09 -10.41 -10.78 -11.19 -11.59 -12.00 -12.41 -12.81 -13.12 -13.41 -13.62 -13.88 -14.38 -14.84 -15.38 -15.91 -16.44 -16.91 -17.44 -18.03 -19.03 -20.31 -21.59 -22.91 -24.25 -25.56 -27.06 -29.22 -31.25 -32.81 -34.16 -35.41 -36.72 -38.28 -39.81 -40.97 -42.09 -43.28 -44.66 -46.12 -47.56 -48.81 -49.41 -50.34 -51.34 -52.44 -53.78 -55.22 -56.94 -59.25
-7.59 -7.66 -7.66 -7.66 -7.72 -7.75 -7.78 -7.88 -7.94 -8.03 -8.12 -8.25 -8.38 -8.50 -8.62 -8.78 -8.97 -9.19 -9.44 -9.69 -10.00 -10.38 -10.78 -11.19 -11.62 -12.00 -12.38 -12.69 -12.91 -13.16 -13.59 -14.00 -14.47 -14.91 -15.47 -15.91 -16.41 -16.91 -17.62 -18.66 -19.88 -20.91 -22.03 -23.25 -24.59 -26.31 -28.38 -30.56 -32.22 -34.03 -35.44 -36.72 -38.41 -40.00 -41.75 -42.94 -44.06 -45.41 -46.84 -48.25 -49.47 -49.78 -50.56 -51.47 -52.56 -53.94 -55.47 -57.34 -60.00
-7.38 -7.38 -7.41 -7.44 -7.47 -7.50 -7.56 -7.62 -7.69 -7.75 -7.88 -7.97 -8.06 -8.19 -8.34 -8.47 -8.66 -8.84 -9.09 -9.34 -9.69 -10.03 -10.41 -10.81 -11.25 -11.62 -11.97 -12.28 -12.53 -12.88 -13.22 -13.69 -14.16 -14.72 -15.19 -15.66 -16.09 -16.72 -17.44 -18.44 -19.62 -20.62 -21.69 -22.91 -24.31 -26.16 -28.09 -30.41 -32.31 -34.03 -35.81 -37.28 -38.62 -40.09 -41.84 -43.72 -44.91 -46.06 -47.31 -48.41 -49.53 -50.41 -51.12 -52.00 -52.88 -54.06 -55.38 -57.34 -60.44
-7.16 -7.19 -7.19 -7.22 -7.25 -7.28 -7.31 -7.38 -7.44 -7.53 -7.62 -7.72 -7.81 -7.94 -8.06 -8.22 -8.38 -8.56 -8.81 -9.09 -9.41 -9.75 -10.12 -10.53 -10.94 -11.31 -11.69 -12.00 -12.38 -12.75 -13.16 -13.56 -14.12 -14.56 -15.16 -15.62 -16.16 -16.75 -17.72 -18.94 -20.19 -21.41 -22.50 -23.69 -25.09 -26.50 -28.56 -30.88 -32.84 -34.19 -35.94 -37.50 -39.00 -40.50 -42.28 -44.12 -45.69 -47.16 -48.47 -49.41 -50.06 -50.75 -52.00 -53.12 -53.97 -54.53 -55.56 -57.31 -60.44
-6.97 -7.00 -7.00 -7.03 -7.03 -7.06 -7.12 -7.16 -7.25 -7.31 -7.41 -7.50 -7.62 -7.75 -7.88 -8.00 -8.19 -8.38 -8.62 -8.91 -9.22 -9.59 -9.97 -10.34 -10.75 -11.16 -11.53 -11.94 -12.34 -12.81 -13.19 -13.62 -14.06 -14.53 -15.00 -15.50 -16.09 -16.78 -17.81 -19.06 -20.31 -22.16 -23.50 -24.81 -26.12 -27.62 -29.38 -31.75 -33.69 -35.00 -36.22 -37.62 -39.31 -41.09 -42.88 -44.41 -45.84 -46.66 -47.75 -49.84 -51.44 -52.19 -52.56 -53.84 -55.16 -56.03 -56.84 -58.91 -61.03
-6.81 -6.81 -6.84 -6.88 -6.88 -6.91 -6.94 -7.00 -7.06 -7.16 -7.25 -7.34 -7.47 -7.59 -7.72 -7.88 -8.06 -8.28 -8.56 -8.84 -9.19 -9.56 -9.94 -10.34 -10.72 -11.12 -11.53 -11.91 -12.38 -12.78 -13.25 -13.75 -14.22 -14.69 -15.19 -15.69 -16.25 -17.03 -18.31 -19.72 -21.12 -22.50 -23.78 -25.12 -26.84 -28.41 -30.38 -32.47 -34.53 -35.97 -37.25 -38.38 -40.19 -42.09 -43.91 -45.97 -47.09 -47.72 -48.44 -49.66 -51.19 -53.25 -54.16 -54.03 -55.72 -57.34 -58.56 -60.12 -61.72
-6.66 -6.69 -6.69 -6.72 -6.75 -6.78 -6.81 -6.88 -6.94 -7.03 -7.12 -7.25 -7.38 -7.50 -7.66 -7.84 -8.06 -8.28 -8.56 -8.88 -9.22 -9.59 -9.97 -10.38 -10.81 -11.25 -11.66 -12.06 -12.47 -12.94 -13.41 -13.97 -14.41 -14.84 -15.31 -15.91 -16.47 -17.09 -17.91 -18.91 -20.19 -21.62 -23.84 -25.47 -27.66 -29.41 -31.12 -32.88 -34.84 -36.53 -38.03 -39.56 -41.59 -43.41 -45.25 -47.12 -48.41 -49.16 -49.78 -50.53 -51.88 -53.75 -55.03 -56.31 -56.97 -58.53 -59.91 -61.06 -62.59
