arlandasctiles/Tile5,11.asc
ncols 128
nrows 128
xllcorner 0
yllcorner 0
cellsize 2.0
NODATA_value  -9999
[rows 34 to 67 of 128, columns 0 to 76 of 128]
34.16 34.22 34.28 34.44 34.69 34.97 35.25 35.53 35.78 36.00 36.12 36.25 36.38 36.41 36.41 36.31 36.19 36.09 36.03 35.94 35.94 35.97 36.00 36.06 36.16 36.28 36.38 36.47 36.53 36.59 36.66 36.81 37.06 37.38 37.66 37.97 38.19 38.44 38.66 38.84 38.94 39.09 39.22 39.41 39.59 39.72 39.88 39.97 39.81 39.56 39.12 38.53 37.91 37.59 37.56 37.75 37.88 37.91 37.88 37.78 37.72 37.66 37.62 37.56 37.47 37.50 37.53 37.66 38.09 38.62 39.16 39.56 39.78 39.88 39.84 39.81 39.75
34.34 34.59 34.91 35.25 35.53 35.72 35.81 35.94 36.06 36.19 36.28 36.34 36.34 36.38 36.38 36.25 36.16 36.09 36.03 36.06 36.06 36.09 36.12 36.16 36.25 36.34 36.44 36.53 36.69 36.88 37.06 37.31 37.56 37.88 38.31 38.72 39.09 39.41 39.66 39.88 40.06 40.16 40.22 40.22 40.25 40.22 40.16 39.97 39.72 39.38 38.88 38.16 37.62 37.50 37.50 37.62 37.78 37.91 37.91 37.88 37.81 37.75 37.66 37.53 37.47 37.47 37.53 37.59 37.94 38.44 38.94 39.41 39.75 39.97 40.06 40.06 39.97
35.00 35.28 35.53 35.75 35.88 35.94 36.00 36.09 36.22 36.28 36.34 36.44 36.50 36.53 36.50 36.38 36.28 36.12 36.06 36.09 36.12 36.16 36.22 36.28 36.44 36.59 36.78 37.03 37.31 37.62 38.00 38.41 38.75 38.94 39.22 39.56 40.00 40.22 40.44 40.53 40.56 40.56 40.53 40.28 40.19 39.91 39.66 39.38 39.09 38.69 38.28 37.88 37.59 37.47 37.47 37.53 37.66 37.84 37.91 37.94 37.91 37.84 37.75 37.66 37.53 37.50 37.50 37.53 37.78 38.25 38.75 39.25 39.72 40.09 40.25 40.31 40.16
35.34 35.62 35.88 36.03 36.09 36.16 36.16 36.25 36.38 36.50 36.59 36.66 36.72 36.78 36.75 36.62 36.41 36.25 36.16 36.25 36.31 36.44 36.59 36.78 37.00 37.31 37.72 38.19 38.56 38.84 39.22 39.56 39.88 39.97 40.03 40.19 40.47 40.62 40.56 40.31 40.19 39.94 39.81 39.59 39.28 38.97 38.66 38.38 38.22 38.06 37.88 37.66 37.50 37.41 37.41 37.44 37.53 37.69 37.84 37.94 38.00 38.00 37.94 37.81 37.69 37.56 37.53 37.53 37.69 38.06 38.56 39.09 39.66 40.12 40.38 40.41 40.22
35.62 36.00 36.28 36.41 36.41 36.31 36.38 36.50 36.59 36.72 36.81 36.88 36.88 36.91 36.94 36.91 36.78 36.69 36.69 36.84 36.97 37.16 37.41 37.75 38.09 38.50 38.97 39.44 39.75 39.97 40.09 40.34 40.44 40.38 40.19 40.09 40.06 40.00 39.75 39.44 39.09 38.91 38.75 38.50 38.22 37.97 37.78 37.62 37.75 37.72 37.62 37.47 37.38 37.34 37.34 37.38 37.44 37.56 37.72 37.91 38.03 38.09 38.09 38.06 37.88 37.72 37.59 37.53 37.62 37.88 38.38 38.91 39.50 39.97 40.25 40.31 40.16
35.88 36.28 36.59 36.69 36.66 36.62 36.72 36.84 36.88 36.94 36.97 36.97 37.00 37.09 37.22 37.28 37.34 37.41 37.53 37.78 38.06 38.31 38.56 38.84 39.19 39.56 39.91 40.31 40.44 40.41 40.31 40.19 40.12 39.91 39.53 39.28 39.09 38.94 38.69 38.41 38.12 37.91 37.72 37.59 37.56 37.53 37.50 37.50 37.53 37.50 37.41 37.31 37.25 37.25 37.28 37.31 37.38 37.47 37.66 37.84 37.97 38.16 38.25 38.22 38.06 37.88 37.72 37.59 37.59 37.78 38.16 38.69 39.22 39.69 40.00 40.06 39.88
36.06 36.47 36.78 36.88 36.88 36.91 37.00 37.16 37.12 37.12 37.12 37.22 37.28 37.44 37.75 38.09 38.38 38.44 38.59 38.84 39.06 39.25 39.44 39.59 39.78 39.97 40.16 40.19 40.25 40.00 39.75 39.47 39.22 38.91 38.59 38.31 38.06 37.91 37.75 37.62 37.53 37.47 37.44 37.47 37.50 37.53 37.56 37.56 37.44 37.34 37.28 37.19 37.12 37.16 37.25 37.34 37.38 37.53 37.69 37.81 37.97 38.22 38.34 38.28 38.19 37.97 37.78 37.62 37.56 37.69 38.00 38.47 38.91 39.34 39.62 39.62 39.44
36.06 36.66 36.81 36.97 37.00 37.09 37.19 37.31 37.31 37.34 37.41 37.59 37.94 38.38 38.81 39.09 39.31 39.38 39.41 39.56 39.69 39.78 39.66 39.56 39.53 39.53 39.53 39.50 39.38 39.09 38.78 38.47 38.19 37.91 37.75 37.59 37.53 37.47 37.44 37.47 37.47 37.50 37.53 37.53 37.56 37.59 37.62 37.62 37.47 37.28 37.16 37.09 37.06 37.09 37.34 37.59 37.62 37.81 37.88 37.91 38.03 38.28 38.38 38.28 38.16 38.00 37.78 37.66 37.59 37.66 37.84 38.22 38.59 38.91 39.12 39.16 38.94
35.97 36.66 36.94 36.97 37.09 37.09 37.12 37.25 37.47 37.59 37.88 38.31 38.81 39.25 39.56 39.81 39.91 39.81 39.69 39.66 39.53 39.41 39.19 38.91 38.72 38.62 38.59 38.50 38.28 38.06 37.88 37.69 37.56 37.47 37.44 37.44 37.44 37.47 37.50 37.53 37.53 37.56 37.59 37.59 37.62 37.66 37.69 37.69 37.47 37.25 37.12 37.09 37.16 37.34 37.59 37.81 37.88 38.16 38.25 38.19 38.12 38.12 38.25 38.22 38.12 37.94 37.78 37.69 37.62 37.69 37.78 38.00 38.28 38.53 38.69 38.72 38.56
35.91 36.56 36.84 37.00 37.00 36.97 37.09 37.28 37.66 38.00 38.50 39.00 39.41 39.66 39.75 39.72 39.62 39.50 39.25 39.03 38.88 38.62 38.34 38.06 37.91 37.84 37.78 37.69 37.59 37.50 37.44 37.41 37.41 37.44 37.47 37.50 37.50 37.53 37.56 37.56 37.59 37.62 37.66 37.66 37.69 37.72 37.75 37.69 37.47 37.22 37.06 37.03 37.19 37.50 37.78 37.91 38.00 38.19 38.38 38.47 38.28 38.12 38.12 38.06 38.00 37.88 37.75 37.69 37.72 37.78 37.81 37.91 38.09 38.25 38.34 38.38 38.31
35.94 36.41 36.69 36.84 36.88 36.84 37.00 37.31 37.84 38.47 39.06 39.44 39.62 39.38 39.12 38.97 38.84 38.59 38.41 38.22 38.00 37.78 37.62 37.53 37.47 37.41 37.38 37.38 37.38 37.41 37.44 37.44 37.47 37.50 37.53 37.56 37.56 37.59 37.62 37.62 37.66 37.69 37.69 37.72 37.75 37.75 37.78 37.69 37.47 37.25 37.09 37.09 37.22 37.53 37.88 37.97 38.00 38.06 38.25 38.47 38.47 38.41 38.31 38.22 38.06 37.91 37.81 37.81 37.88 37.91 37.91 37.94 38.00 38.09 38.12 38.16 38.12
36.03 36.38 36.62 36.78 36.84 36.84 37.00 37.44 38.00 38.78 39.34 39.62 39.28 38.78 38.25 37.97 37.78 37.56 37.56 37.62 37.53 37.47 37.38 37.34 37.38 37.41 37.41 37.44 37.44 37.47 37.50 37.53 37.53 37.56 37.59 37.59 37.62 37.66 37.66 37.69 37.69 37.72 37.75 37.75 37.78 37.81 37.84 37.69 37.44 37.22 37.16 37.16 37.22 37.50 37.84 38.00 38.00 37.97 38.09 38.44 38.53 38.53 38.50 38.47 38.34 38.19 38.00 37.94 37.94 37.94 37.94 37.94 37.97 38.00 38.00 38.03 38.00
36.12 36.41 36.69 36.78 36.88 36.91 36.94 37.47 38.12 38.97 39.44 39.44 38.84 38.03 37.38 37.22 37.19 37.25 37.31 37.31 37.34 37.38 37.41 37.44 37.47 37.47 37.50 37.50 37.53 37.53 37.56 37.56 37.59 37.62 37.62 37.66 37.69 37.69 37.72 37.72 37.75 37.75 37.78 37.81 37.81 37.84 37.88 37.75 37.44 37.16 37.06 37.06 37.12 37.41 37.81 38.03 38.03 37.97 38.06 38.44 38.59 38.66 38.72 38.72 38.62 38.44 38.12 38.00 37.97 37.97 37.97 37.97 37.94 37.97 37.97 38.00 38.00
36.22 36.41 36.72 36.84 36.91 36.91 36.91 37.44 38.16 38.97 39.41 39.31 38.62 37.75 37.06 36.88 37.03 37.16 37.25 37.34 37.41 37.44 37.50 37.53 37.53 37.53 37.56 37.56 37.56 37.59 37.59 37.62 37.66 37.66 37.69 37.69 37.72 37.75 37.75 37.78 37.78 37.81 37.81 37.84 37.88 37.88 37.91 37.88 37.53 37.16 37.00 36.97 37.03 37.28 37.66 37.97 38.03 38.09 38.25 38.50 38.66 38.81 38.91 38.94 38.88 38.62 38.22 38.00 38.00 38.00 37.97 37.97 37.97 37.97 37.97 37.97 37.97
36.34 36.44 36.75 36.84 36.91 36.91 36.88 37.38 38.16 39.00 39.56 39.47 38.75 37.78 37.06 36.97 37.12 37.22 37.34 37.41 37.47 37.50 37.53 37.56 37.59 37.59 37.59 37.62 37.62 37.62 37.66 37.69 37.69 37.72 37.72 37.75 37.75 37.78 37.78 37.81 37.81 37.84 37.84 37.88 37.91 37.91 37.94 37.94 37.66 37.28 37.09 37.00 36.97 37.09 37.44 37.81 37.97 38.16 38.34 38.56 38.72 38.91 39.03 39.06 39.00 38.72 38.19 38.00 38.00 38.00 37.97 37.97 37.97 37.97 37.97 37.97 37.97
36.44 36.50 36.81 36.91 36.91 36.91 36.88 37.28 38.09 39.00 39.66 39.69 39.03 38.03 37.25 37.12 37.22 37.31 37.41 37.47 37.50 37.56 37.59 37.62 37.62 37.62 37.66 37.66 37.66 37.69 37.69 37.72 37.72 37.75 37.78 37.78 37.81 37.81 37.84 37.84 37.84 37.88 37.88 37.91 37.91 37.94 37.97 37.97 37.78 37.44 37.25 37.06 36.97 37.03 37.31 37.66 37.84 38.12 38.34 38.56 38.72 38.91 39.06 39.09 38.97 38.62 38.09 38.00 38.00 38.00 37.97 37.97 37.97 37.97 37.97 37.97 37.97
36.53 36.56 36.84 37.03 37.03 37.00 36.91 37.28 37.94 38.84 39.59 39.78 39.22 38.28 37.56 37.28 37.28 37.38 37.44 37.50 37.56 37.59 37.66 37.66 37.69 37.69 37.69 37.69 37.72 37.72 37.75 37.75 37.78 37.78 37.81 37.81 37.84 37.84 37.88 37.88 37.88 37.91 37.91 37.91 37.94 37.94 37.97 37.97 37.81 37.50 37.25 37.00 36.88 37.00 37.28 37.59 37.78 38.06 38.38 38.56 38.69 38.81 38.97 39.00 38.88 38.47 38.12 38.03 38.00 38.00 37.97 37.97 37.97 37.97 37.97 37.97 37.97
36.66 36.66 36.88 37.16 37.19 37.16 37.09 37.31 37.78 38.62 39.47 39.84 39.47 38.66 37.91 37.53 37.38 37.44 37.50 37.56 37.59 37.66 37.69 37.72 37.72 37.72 37.72 37.75 37.75 37.75 37.78 37.78 37.81 37.81 37.84 37.88 37.88 37.88 37.91 37.91 37.91 37.91 37.91 37.94 37.94 37.97 37.97 37.94 37.81 37.50 37.22 36.94 36.78 36.94 37.19 37.50 37.75 38.03 38.38 38.50 38.62 38.75 38.91 39.00 38.91 38.66 38.38 38.12 38.00 38.00 37.97 37.97 37.97 37.97 37.97 37.97 37.94
36.75 36.75 36.91 37.25 37.34 37.38 37.38 37.53 37.75 38.59 39.41 39.94 39.69 39.00 38.25 37.78 37.47 37.53 37.56 37.62 37.66 37.69 37.72 37.75 37.75 37.75 37.78 37.78 37.78 37.81 37.81 37.81 37.84 37.84 37.88 37.91 37.91 37.91 37.94 37.94 37.94 37.94 37.94 37.94 37.97 37.97 37.97 37.91 37.78 37.53 37.25 37.00 36.81 36.84 37.00 37.28 37.66 37.97 38.22 38.34 38.47 38.75 38.97 39.09 39.06 38.94 38.69 38.28 38.00 38.00 37.97 37.97 37.97 37.97 37.97 37.94 37.94
36.84 36.88 36.94 37.28 37.53 37.72 37.66 37.69 37.78 38.53 39.38 39.97 39.81 39.31 38.59 38.00 37.56 37.59 37.66 37.69 37.72 37.75 37.75 37.78 37.78 37.78 37.81 37.81 37.81 37.81 37.84 37.84 37.88 37.88 37.91 37.91 37.94 37.94 37.94 37.94 37.94 37.97 37.97 37.97 37.97 37.97 37.97 37.88 37.75 37.56 37.34 37.16 36.94 36.88 36.97 37.19 37.56 37.84 38.00 38.22 38.47 38.91 39.06 39.12 39.09 39.06 38.88 38.47 38.03 38.00 37.97 37.97 37.97 37.97 37.94 37.91 37.91
36.94 36.97 37.00 37.28 37.56 37.59 37.66 37.81 37.84 38.50 39.22 39.81 39.88 39.56 38.94 38.25 37.69 37.69 37.72 37.75 37.78 37.78 37.78 37.81 37.81 37.81 37.81 37.84 37.84 37.84 37.88 37.88 37.88 37.91 37.91 37.94 37.94 37.94 37.94 37.97 37.97 37.97 38.00 38.00 38.00 38.00 38.00 37.88 37.72 37.59 37.38 37.25 37.59 37.06 37.16 37.31 37.56 37.75 37.84 38.22 38.59 38.88 39.00 39.03 39.06 39.06 38.94 38.50 38.12 38.00 38.00 38.00 37.97 37.91 37.91 37.88 37.91
37.03 37.06 37.06 37.25 37.47 37.50 37.53 37.53 37.75 38.28 39.00 39.69 39.88 39.75 39.22 38.50 37.88 37.78 37.81 37.81 37.81 37.81 37.84 37.84 37.84 37.84 37.84 37.88 37.88 37.88 37.88 37.91 37.91 37.91 37.94 37.94 37.94 37.94 37.97 37.97 37.97 37.97 38.00 38.00 38.00 38.00 38.00 37.91 37.75 37.66 37.47 37.34 37.59 37.22 37.31 37.44 37.62 37.78 38.09 38.56 38.75 38.78 38.84 38.88 38.97 39.00 38.91 38.44 38.16 38.00 38.00 38.00 37.97 37.94 37.91 37.88 37.91
37.12 37.16 37.16 37.25 37.44 37.50 37.53 37.59 37.72 38.00 38.78 39.47 39.78 39.84 39.41 38.78 38.16 37.88 37.88 37.88 37.88 37.88 37.88 37.88 37.88 37.88 37.88 37.88 37.88 37.91 37.91 37.91 37.91 37.94 37.94 37.94 37.94 37.97 37.97 37.97 37.97 38.00 38.00 38.00 38.00 38.00 38.00 37.94 37.81 37.78 37.41 37.56 37.59 37.41 37.44 37.53 37.66 37.84 38.28 38.69 38.75 38.69 38.62 38.62 38.78 38.97 38.78 38.38 38.06 38.00 38.00 38.00 37.97 37.94 37.91 37.91 37.91
37.22 37.22 37.25 37.28 37.44 37.53 37.56 37.66 37.78 38.00 38.56 39.28 39.88 39.94 39.66 39.06 38.47 38.00 37.97 37.94 37.94 37.91 37.91 37.91 37.91 37.91 37.91 37.91 37.91 37.91 37.91 37.94 37.94 37.94 37.94 37.94 37.97 37.97 37.97 37.97 37.97 38.00 38.00 38.00 38.00 38.00 38.00 37.97 37.91 37.88 37.56 37.75 37.69 37.59 37.56 37.59 37.72 37.91 38.22 38.47 38.62 38.72 38.62 38.53 38.56 38.59 38.50 38.25 38.00 38.00 38.00 38.00 37.97 37.97 37.97 37.97 37.97
37.31 37.31 37.34 37.38 37.47 37.56 37.62 37.72 37.84 38.06 38.38 39.00 39.78 40.03 39.84 39.28 38.72 38.19 38.03 38.00 37.97 37.97 37.94 37.94 37.94 37.94 37.94 37.94 37.94 37.94 37.94 37.94 37.94 37.94 37.97 37.97 37.97 37.97 37.97 37.97 38.00 38.00 38.00 38.00 38.00 38.00 38.00 37.97 37.94 37.91 37.81 37.75 37.56 37.72 37.75 37.78 37.81 38.00 38.28 38.47 38.66 38.84 38.69 38.53 38.38 38.28 38.19 38.03 38.00 38.00 38.00 38.00 38.00 38.00 38.00 38.00 38.00
37.38 37.41 37.44 37.44 37.50 37.56 37.66 37.75 37.88 38.06 38.31 38.81 39.62 40.16 40.03 39.62 39.12 38.50 38.09 38.06 38.00 38.00 37.97 37.97 37.94 37.94 37.94 37.94 37.94 37.94 37.94 37.94 37.97 37.97 37.97 37.97 37.97 37.97 37.97 38.00 38.00 38.00 38.00 38.00 38.00 38.00 38.00 38.00 37.97 37.88 37.78 37.75 37.56 37.78 37.81 37.91 37.97 38.09 38.28 38.41 38.53 38.69 38.50 38.38 38.16 38.03 38.00 38.00 38.00 38.00 38.00 38.00 38.00 38.00 38.00 38.00 38.00
37.47 37.50 37.50 37.53 37.53 37.59 37.66 37.75 37.88 38.06 38.28 38.66 39.34 40.09 40.12 40.06 39.47 38.94 38.19 38.09 38.06 38.03 38.00 37.97 37.97 37.97 37.97 37.97 37.97 37.97 37.97 37.97 37.97 37.97 37.97 37.97 37.97 37.97 38.00 38.00 38.00 38.00 38.00 38.00 38.00 38.00 38.00 38.00 38.00 37.88 37.78 37.78 37.81 37.84 37.84 37.94 38.06 38.16 38.25 38.31 38.34 38.16 38.00 38.00 38.00 38.00 38.00 38.00 38.00 38.00 38.00 38.00 38.00 38.00 38.00 38.00 38.00
37.56 37.56 37.59 37.59 37.59 37.59 37.66 37.75 37.88 38.00 38.19 38.50 39.06 39.94 40.22 40.16 39.94 39.34 38.44 38.16 38.06 38.03 38.00 38.00 38.00 37.97 37.97 37.97 37.97 37.97 37.97 37.97 37.97 37.97 37.97 37.97 37.97 38.00 38.00 38.00 38.00 38.00 38.00 38.00 38.00 38.00 38.00 38.00 38.00 37.91 37.81 37.84 37.94 38.03 38.06 38.09 38.19 38.19 38.25 38.25 38.19 38.00 38.00 38.00 38.00 38.00 38.00 38.00 38.00 38.00 38.00 38.00 38.00 38.00 38.00 38.00 38.00
37.62 37.66 37.66 37.66 37.56 37.59 37.66 37.72 37.81 37.94 38.09 38.34 38.91 39.75 40.03 40.22 40.12 39.88 39.06 38.22 38.09 38.03 38.03 38.00 38.00 38.00 37.97 37.97 37.97 37.97 37.97 37.97 37.97 37.97 38.00 38.00 38.00 38.00 38.00 38.00 38.00 38.00 38.00 38.00 38.00 38.00 38.00 38.00 38.00 37.94 37.88 37.97 38.12 38.28 38.34 38.34 38.34 38.28 38.22 38.19 38.00 38.00 38.00 38.00 38.00 38.00 38.00 38.00 38.00 38.00 38.00 38.00 38.00 38.00 38.00 38.00 38.00
37.69 37.69 37.66 37.56 37.56 37.59 37.66 37.72 37.78 37.88 38.00 38.22 38.84 39.47 39.81 40.06 40.25 40.19 39.44 38.66 38.25 38.03 38.03 38.00 38.00 38.00 38.00 38.00 38.00 38.00 38.00 38.00 38.00 38.00 38.00 38.00 38.00 38.00 38.00 38.00 38.00 38.00 38.00 38.00 38.00 38.00 38.00 38.00 38.00 37.97 38.00 38.16 38.38 38.56 38.62 38.56 38.44 38.34 38.22 38.19 38.00 38.00 38.00 38.00 38.00 38.00 38.00 38.00 38.00 38.00 38.00 38.00 38.00 38.00 38.00 38.00 38.00
37.53 37.53 37.53 37.53 37.56 37.59 37.62 37.69 37.75 37.84 37.94 38.09 38.28 38.81 39.38 39.81 40.19 40.12 39.53 38.78 38.31 38.06 38.03 38.00 38.00 38.00 38.00 38.00 38.00 38.00 38.00 38.00 38.00 38.00 38.00 38.00 38.00 38.00 38.00 38.00 38.00 38.00 38.00 38.00 38.00 38.00 38.00 38.00 38.00 38.00 38.09 38.34 38.62 38.81 38.81 38.69 38.44 38.31 38.19 38.16 38.00 38.00 38.00 38.00 38.00 38.00 38.00 38.00 38.00 38.00 38.00 38.00 38.00 38.00 38.00 38.00 38.00
37.47 37.47 37.50 37.53 37.56 37.59 37.62 37.69 37.75 37.81 37.88 38.03 38.00 38.16 38.81 39.28 39.69 40.41 39.28 38.56 38.16 38.00 38.00 38.03 38.00 38.00 38.00 38.00 38.00 38.00 38.00 38.00 38.00 38.00 38.00 38.00 38.00 38.00 38.00 38.00 38.00 38.00 38.00 38.00 38.00 38.00 38.03 38.06 38.09 38.09 38.22 38.56 38.84 39.00 39.00 38.75 38.47 38.28 38.22 38.22 38.06 38.00 38.00 38.00 38.00 38.00 38.00 38.00 38.00 38.00 38.00 38.00 38.03 38.12 38.25 38.34 38.38
37.47 37.50 37.50 37.53 37.56 37.59 37.62 37.69 37.75 37.78 38.00 38.03 38.03 38.09 38.25 38.66 39.12 38.03 38.22 38.00 38.00 38.00 38.00 38.00 38.00 38.00 38.00 38.00 38.00 38.00 38.00 38.00 38.00 38.00 38.00 38.00 38.00 38.00 38.00 38.00 38.00 38.00 38.00 38.00 38.00 38.03 38.09 38.16 38.22 38.31 38.47 38.75 39.00 39.12 39.06 38.81 38.47 38.31 38.28 38.31 38.22 38.00 38.00 38.00 38.00 38.00 38.00 38.00 38.00 38.00 38.00 38.00 38.12 38.34 38.53 38.53 38.53
37.53 37.50 37.53 37.56 37.59 37.62 37.66 37.72 37.75 37.94 38.00 38.03 38.00 38.00 38.00 38.00 38.00 38.00 38.00 38.00 38.00 38.00 38.00 38.00 38.00 38.00 38.00 38.00 38.00 38.00 38.00 38.00 38.00 38.00 38.00 38.00 38.00 38.00 38.00 38.00 38.00 38.00 38.00 38.00 38.03 38.09 38.16 38.22 38.31 38.47 38.69 38.91 39.12 39.16 39.06 38.81 38.47 38.28 38.28 38.31 38.28 38.00 38.00 38.00 38.00 38.00 38.00 38.00 38.00 38.00 38.00 38.00 38.16 38.34 38.47 38.47 38.38
