arlandasctiles/Tile[4,8].asc
ncols 128
nrows 128
xllcorner 0
yllcorner 0
cellsize 2.0
NODATA_value  -9999
[rows 34 to 67 of 128, columns 0 to 76 of 128]
36.84 36.97 37.12 37.16 37.22 37.41 37.53 37.69 37.78 37.94 38.03 38.22 38.34 38.47 38.53 38.56 38.53 38.50 38.44 38.34 38.25 38.19 38.09 38.03 37.97 37.94 37.94 37.94 37.94 37.97 38.03 38.12 38.22 38.38 38.53 38.72 38.94 39.16 39.44 39.69 39.97 40.22 40.44 40.59 40.69 40.75 40.78 40.72 40.66 40.56 40.47 40.34 40.12 39.84 39.81 39.78 39.72 39.56 39.47 39.38 39.31 39.25 39.19 39.16 39.09 39.09 39.06 39.03 39.03 39.03 39.00 39.00 39.00 39.00 39.00 39.00 39.00
36.75 36.97 37.09 37.12 37.19 37.34 37.44 37.53 37.66 37.72 37.88 38.00 38.12 38.22 38.31 38.31 38.31 38.25 38.19 38.09 38.03 37.94 37.88 37.81 37.75 37.72 37.72 37.72 37.75 37.78 37.84 37.94 38.06 38.19 38.34 38.53 38.75 39.00 39.25 39.53 39.81 40.09 40.31 40.50 40.66 40.72 40.75 40.75 40.69 40.59 40.50 40.38 40.25 39.91 39.78 39.75 39.72 39.62 39.50 39.41 39.31 39.25 39.19 39.16 39.12 39.09 39.06 39.06 39.03 39.03 39.03 39.00 39.00 39.00 39.00 39.00 39.00
36.66 36.91 37.03 37.06 37.19 37.25 37.28 37.38 37.44 37.53 37.62 37.75 37.88 37.97 38.03 38.06 38.03 38.00 37.94 37.84 37.78 37.69 37.62 37.56 37.53 37.53 37.53 37.53 37.56 37.62 37.69 37.78 37.88 38.03 38.19 38.38 38.59 38.81 39.09 39.38 39.66 39.94 40.19 40.41 40.59 40.69 40.75 40.75 40.72 40.62 40.53 40.41 40.28 40.16 39.75 39.69 39.66 39.62 39.53 39.44 39.34 39.28 39.19 39.16 39.12 39.09 39.06 39.06 39.03 39.03 39.03 39.00 39.00 39.00 39.00 39.00 39.00
36.56 36.81 36.97 37.06 37.09 37.06 37.12 37.16 37.19 37.28 37.38 37.50 37.59 37.69 37.75 37.78 37.78 37.72 37.66 37.59 37.53 37.47 37.41 37.38 37.34 37.31 37.31 37.34 37.38 37.44 37.53 37.62 37.72 37.88 38.03 38.22 38.41 38.66 38.91 39.22 39.50 39.81 40.06 40.31 40.50 40.66 40.72 40.75 40.72 40.66 40.56 40.44 40.31 40.19 39.97 39.66 39.62 39.59 39.56 39.44 39.34 39.28 39.22 39.16 39.12 39.09 39.06 39.06 39.03 39.03 39.03 39.00 39.00 39.00 39.00 39.00 39.00
36.34 36.59 36.72 36.81 36.88 36.91 36.91 36.91 36.97 37.06 37.16 37.28 37.38 37.44 37.50 37.50 37.50 37.47 37.41 37.34 37.28 37.25 37.19 37.16 37.12 37.12 37.16 37.19 37.22 37.28 37.38 37.47 37.59 37.72 37.88 38.06 38.25 38.50 38.75 39.03 39.34 39.66 39.94 40.19 40.41 40.56 40.66 40.69 40.69 40.62 40.53 40.41 40.28 40.16 40.03 39.75 39.56 39.53 39.50 39.47 39.38 39.28 39.22 39.16 39.12 39.09 39.06 39.06 39.03 39.03 39.03 39.00 39.00 39.00 39.00 39.00 39.00
36.12 36.31 36.41 36.47 36.53 36.56 36.62 36.69 36.75 36.84 36.94 37.03 37.12 37.19 37.25 37.28 37.25 37.22 37.19 37.12 37.09 37.03 37.00 36.97 36.97 36.97 37.00 37.03 37.09 37.16 37.25 37.34 37.44 37.59 37.75 37.91 38.12 38.34 38.59 38.88 39.19 39.50 39.78 40.06 40.28 40.47 40.56 40.62 40.59 40.56 40.47 40.34 40.25 40.12 40.00 39.88 39.56 39.50 39.47 39.44 39.38 39.28 39.22 39.16 39.12 39.09 39.06 39.06 39.03 39.03 39.03 39.00 39.00 39.00 39.00 39.00 39.00
35.81 36.00 36.09 36.16 36.22 36.28 36.38 36.44 36.53 36.62 36.75 36.84 36.91 36.97 37.03 37.03 37.03 37.03 36.97 36.94 36.91 36.84 36.84 36.81 36.81 36.81 36.84 36.91 36.97 37.03 37.12 37.22 37.34 37.47 37.62 37.78 38.00 38.22 38.44 38.72 39.00 39.31 39.62 39.91 40.16 40.34 40.47 40.50 40.50 40.44 40.31 40.22 40.12 40.03 39.94 39.81 39.69 39.47 39.44 39.41 39.38 39.31 39.22 39.19 39.12 39.09 39.06 39.06 39.03 39.03 39.03 39.00 39.00 39.00 39.00 39.00 39.00
35.50 35.69 35.78 35.88 35.94 36.03 36.12 36.22 36.34 36.44 36.53 36.62 36.72 36.78 36.81 36.84 36.84 36.81 36.81 36.75 36.72 36.69 36.69 36.66 36.69 36.69 36.72 36.78 36.84 36.91 37.00 37.09 37.22 37.38 37.50 37.69 37.88 38.09 38.31 38.56 38.84 39.16 39.44 39.75 40.00 40.19 40.31 40.38 40.34 40.25 40.16 40.06 39.94 39.88 39.78 39.72 39.66 39.50 39.38 39.34 39.31 39.28 39.22 39.19 39.12 39.09 39.06 39.03 39.03 39.03 39.03 39.00 39.00 39.00 39.00 39.00 39.00
35.22 35.41 35.50 35.59 35.69 35.81 35.91 36.03 36.16 36.25 36.34 36.47 36.53 36.59 36.66 36.66 36.66 36.66 36.62 36.62 36.59 36.56 36.56 36.56 36.56 36.59 36.62 36.69 36.75 36.81 36.91 37.00 37.12 37.28 37.41 37.59 37.75 37.97 38.19 38.44 38.69 38.97 39.25 39.56 39.81 40.00 40.16 40.19 40.16 40.09 39.97 39.84 39.75 39.66 39.59 39.56 39.50 39.47 39.38 39.31 39.28 39.25 39.22 39.16 39.12 39.09 39.06 39.03 39.03 39.03 39.03 39.00 39.00 39.00 39.00 39.00 39.00
34.91 35.12 35.25 35.38 35.47 35.59 35.72 35.84 35.97 36.09 36.19 36.28 36.38 36.44 36.47 36.50 36.53 36.50 36.50 36.47 36.47 36.44 36.44 36.44 36.47 36.50 36.53 36.59 36.66 36.75 36.84 36.94 37.06 37.19 37.34 37.50 37.66 37.84 38.06 38.28 38.53 38.78 39.06 39.34 39.62 39.81 39.94 40.00 39.94 39.88 39.75 39.62 39.53 39.44 39.38 39.34 39.31 39.31 39.31 39.25 39.22 39.22 39.19 39.16 39.12 39.09 39.06 39.03 39.03 39.03 39.00 39.00 39.00 39.00 39.00 39.00 39.00
34.62 34.88 35.03 35.16 35.28 35.41 35.56 35.69 35.81 35.94 36.06 36.16 36.25 36.31 36.34 36.38 36.38 36.41 36.38 36.38 36.38 36.34 36.34 36.38 36.41 36.44 36.47 36.53 36.59 36.69 36.78 36.88 37.00 37.12 37.28 37.44 37.59 37.78 37.97 38.16 38.38 38.62 38.88 39.12 39.41 39.59 39.75 39.78 39.72 39.66 39.53 39.44 39.31 39.22 39.19 39.16 39.12 39.16 39.19 39.19 39.19 39.16 39.12 39.12 39.12 39.09 39.06 39.03 39.03 39.03 39.00 39.00 39.00 39.00 39.00 39.00 39.00
34.38 34.62 34.81 34.94 35.12 35.25 35.41 35.56 35.69 35.81 35.94 36.03 36.12 36.19 36.25 36.28 36.28 36.28 36.28 36.28 36.28 36.28 36.28 36.31 36.34 36.38 36.41 36.47 36.56 36.62 36.72 36.84 36.94 37.06 37.22 37.34 37.50 37.69 37.84 38.03 38.25 38.47 38.69 38.91 39.16 39.38 39.50 39.53 39.50 39.41 39.31 39.22 39.09 39.00 38.97 38.97 38.97 39.00 39.03 39.09 39.12 39.12 39.09 39.06 39.09 39.06 39.06 39.03 39.03 39.03 39.00 39.00 39.00 39.00 39.00 39.00 39.00
34.16 34.41 34.59 34.78 34.97 35.12 35.28 35.44 35.59 35.72 35.84 35.94 36.03 36.09 36.16 36.19 36.19 36.22 36.22 36.22 36.22 36.22 36.22 36.25 36.28 36.31 36.38 36.44 36.50 36.59 36.69 36.78 36.91 37.03 37.16 37.28 37.44 37.59 37.75 37.94 38.12 38.31 38.50 38.69 38.91 39.09 39.22 39.25 39.25 39.19 39.12 39.00 38.91 38.81 38.78 38.78 38.81 38.84 38.91 38.97 39.00 39.06 39.06 39.03 39.03 39.06 39.06 39.03 39.03 39.00 39.00 39.00 39.00 39.00 39.00 39.00 39.00
33.97 34.28 34.47 34.62 34.84 35.03 35.19 35.38 35.50 35.66 35.78 35.88 35.97 36.03 36.06 36.12 36.12 36.16 36.16 36.16 36.16 36.16 36.19 36.22 36.25 36.28 36.34 36.41 36.47 36.56 36.66 36.75 36.84 36.97 37.09 37.22 37.38 37.53 37.66 37.81 38.00 38.16 38.31 38.50 38.66 38.84 38.94 38.97 38.97 38.97 38.94 38.81 38.72 38.66 38.62 38.59 38.62 38.69 38.75 38.88 38.91 38.97 39.03 39.00 39.00 39.00 39.03 39.03 39.03 39.00 39.00 39.00 39.00 39.00 39.00 39.00 39.00
33.84 34.16 34.34 34.56 34.75 34.94 35.12 35.31 35.47 35.59 35.72 35.81 35.91 35.97 36.03 36.06 36.09 36.12 36.12 36.12 36.12 36.12 36.16 36.19 36.22 36.25 36.31 36.38 36.44 36.53 36.59 36.72 36.81 36.94 37.03 37.16 37.31 37.44 37.56 37.72 37.88 38.00 38.16 38.31 38.44 38.56 38.66 38.69 38.69 38.72 38.72 38.69 38.62 38.53 38.50 38.47 38.47 38.53 38.62 38.75 38.81 38.84 38.97 38.97 38.97 38.94 39.00 39.03 39.03 39.00 39.00 39.00 39.00 39.00 39.00 39.00 39.00
33.81 34.09 34.28 34.50 34.72 34.91 35.12 35.28 35.44 35.59 35.69 35.81 35.88 35.94 36.00 36.03 36.06 36.09 36.09 36.09 36.12 36.12 36.12 36.16 36.19 36.22 36.28 36.34 36.41 36.47 36.56 36.66 36.78 36.88 37.00 37.12 37.25 37.38 37.50 37.62 37.75 37.88 38.00 38.12 38.22 38.31 38.41 38.41 38.47 38.47 38.50 38.50 38.47 38.44 38.44 38.38 38.38 38.44 38.53 38.66 38.72 38.78 38.84 38.94 38.94 38.97 38.97 39.03 39.00 39.00 39.00 39.00 39.00 39.00 39.00 39.00 39.00
33.81 34.06 34.28 34.50 34.72 34.94 35.12 35.31 35.47 35.59 35.72 35.81 35.88 35.94 36.00 36.03 36.06 36.09 36.09 36.09 36.09 36.09 36.12 36.12 36.16 36.22 36.25 36.31 36.38 36.44 36.53 36.62 36.72 36.84 36.94 37.06 37.16 37.28 37.41 37.53 37.66 37.75 37.88 37.97 38.03 38.09 38.12 38.19 38.22 38.25 38.28 38.31 38.34 38.34 38.38 38.31 38.31 38.38 38.47 38.56 38.66 38.72 38.81 38.88 38.97 38.97 38.97 39.00 39.00 39.00 39.00 39.00 39.00 39.00 39.00 39.00 39.00
33.84 34.06 34.31 34.53 34.75 34.97 35.16 35.34 35.50 35.62 35.72 35.81 35.91 35.97 36.00 36.06 36.06 36.09 36.09 36.09 36.09 36.09 36.12 36.12 36.16 36.19 36.25 36.28 36.34 36.44 36.50 36.59 36.69 36.78 36.88 37.00 37.09 37.22 37.34 37.44 37.53 37.66 37.72 37.81 37.88 37.91 37.91 37.94 38.00 38.03 38.09 38.16 38.19 38.28 38.31 38.28 38.28 38.34 38.41 38.50 38.59 38.69 38.78 38.84 38.94 38.97 39.00 39.00 39.00 39.00 39.00 39.00 39.00 39.00 39.00 39.00 39.00
33.91 34.16 34.38 34.59 34.81 35.03 35.25 35.44 35.56 35.69 35.78 35.88 35.94 36.00 36.03 36.06 36.09 36.09 36.12 36.12 36.12 36.12 36.12 36.12 36.16 36.19 36.22 36.28 36.31 36.41 36.47 36.56 36.66 36.75 36.84 36.94 37.03 37.16 37.25 37.34 37.44 37.53 37.62 37.69 37.72 37.72 37.75 37.78 37.78 37.84 37.94 38.00 38.03 38.16 38.22 38.25 38.25 38.31 38.41 38.47 38.56 38.66 38.72 38.81 38.88 38.97 39.00 39.00 39.00 39.00 39.00 39.00 39.00 39.00 39.00 39.00 39.00
34.03 34.25 34.50 34.72 34.94 35.16 35.38 35.53 35.66 35.75 35.84 35.91 35.97 36.03 36.06 36.09 36.12 36.12 36.12 36.12 36.12 36.12 36.12 36.12 36.16 36.16 36.22 36.25 36.31 36.38 36.44 36.50 36.59 36.69 36.78 36.88 36.97 37.06 37.16 37.25 37.34 37.44 37.50 37.56 37.59 37.59 37.56 37.59 37.62 37.72 37.75 37.81 37.91 38.00 38.19 38.22 38.25 38.31 38.38 38.44 38.53 38.62 38.69 38.75 38.81 38.88 38.97 39.00 39.00 39.00 39.00 39.00 39.00 39.00 39.00 39.00 39.00
34.22 34.44 34.66 34.88 35.09 35.28 35.50 35.62 35.75 35.81 35.91 35.97 36.00 36.06 36.09 36.12 36.16 36.16 36.16 36.16 36.12 36.12 36.12 36.12 36.16 36.16 36.19 36.22 36.28 36.34 36.41 36.47 36.56 36.62 36.72 36.81 36.91 37.00 37.09 37.19 37.25 37.31 37.38 37.44 37.44 37.44 37.47 37.47 37.53 37.56 37.62 37.72 37.84 37.94 38.06 38.19 38.25 38.28 38.34 38.41 38.50 38.59 38.66 38.69 38.78 38.81 38.91 39.00 39.00 39.00 38.97 38.97 39.00 39.00 39.00 39.00 39.00
34.44 34.66 34.88 35.06 35.25 35.47 35.62 35.72 35.81 35.88 35.94 35.97 36.03 36.09 36.12 36.16 36.19 36.19 36.19 36.16 36.16 36.12 36.12 36.12 36.12 36.16 36.19 36.22 36.25 36.31 36.38 36.44 36.50 36.59 36.66 36.75 36.84 36.94 37.00 37.09 37.16 37.22 37.25 37.28 37.31 37.31 37.28 37.31 37.38 37.44 37.50 37.62 37.75 37.88 38.00 38.12 38.22 38.28 38.31 38.38 38.47 38.53 38.59 38.66 38.72 38.78 38.81 38.94 39.00 39.00 39.00 38.97 38.97 39.00 39.00 39.00 39.00
34.72 34.91 35.12 35.28 35.47 35.62 35.72 35.78 35.81 35.88 35.94 35.97 36.03 36.09 36.16 36.19 36.19 36.19 36.19 36.16 36.16 36.12 36.12 36.12 36.12 36.12 36.16 36.19 36.22 36.28 36.31 36.38 36.44 36.53 36.59 36.69 36.75 36.84 36.91 36.97 37.03 37.06 37.12 37.12 37.12 37.12 37.16 37.22 37.25 37.31 37.41 37.50 37.62 37.78 37.97 38.09 38.22 38.22 38.25 38.34 38.41 38.50 38.56 38.62 38.69 38.75 38.78 38.81 38.97 39.00 39.00 38.97 38.97 39.00 39.00 39.00 39.00
35.00 35.19 35.38 35.53 35.69 35.81 35.81 35.81 35.78 35.81 35.84 35.91 35.97 36.03 36.09 36.16 36.16 36.16 36.16 36.16 36.12 36.12 36.12 36.09 36.12 36.12 36.12 36.16 36.19 36.22 36.28 36.34 36.38 36.47 36.53 36.59 36.66 36.75 36.81 36.84 36.91 36.94 36.94 36.97 36.94 36.97 36.94 37.06 37.16 37.25 37.31 37.44 37.53 37.72 37.88 38.00 38.09 38.16 38.19 38.25 38.34 38.44 38.53 38.56 38.62 38.69 38.75 38.78 38.84 39.00 39.00 39.00 38.97 38.97 39.00 39.00 39.00
35.28 35.47 35.62 35.78 35.91 35.91 35.84 35.75 35.69 35.72 35.75 35.81 35.88 35.94 36.00 36.06 36.09 36.12 36.12 36.12 36.09 36.09 36.09 36.09 36.09 36.09 36.12 36.12 36.16 36.19 36.22 36.28 36.31 36.38 36.44 36.50 36.56 36.62 36.69 36.72 36.75 36.75 36.75 36.75 36.72 36.69 36.72 36.81 36.97 37.09 37.19 37.34 37.50 37.66 37.78 37.94 38.03 38.03 38.06 38.16 38.28 38.38 38.47 38.53 38.59 38.66 38.72 38.75 38.78 38.91 39.00 39.00 39.00 38.97 39.00 39.00 39.00
35.56 35.72 35.88 36.00 36.03 35.94 35.78 35.62 35.56 35.56 35.62 35.69 35.75 35.81 35.91 35.97 36.00 36.03 36.06 36.06 36.06 36.06 36.06 36.06 36.06 36.06 36.09 36.09 36.12 36.12 36.16 36.19 36.25 36.28 36.34 36.41 36.44 36.50 36.56 36.56 36.56 36.56 36.53 36.50 36.47 36.56 36.56 36.62 36.75 36.97 37.09 37.22 37.38 37.53 37.72 37.84 37.88 37.94 37.94 38.03 38.16 38.28 38.41 38.50 38.56 38.66 38.69 38.72 38.75 38.78 38.97 39.00 39.00 38.97 39.00 39.00 39.00
35.78 35.94 36.06 36.12 36.03 35.88 35.69 35.50 35.44 35.44 35.47 35.56 35.66 35.72 35.81 35.88 35.94 35.97 36.00 36.00 36.03 36.03 36.03 36.03 36.03 36.06 36.06 36.06 36.06 36.06 36.09 36.12 36.16 36.19 36.22 36.28 36.31 36.34 36.38 36.41 36.41 36.31 36.31 36.28 36.22 36.28 36.41 36.47 36.59 36.78 36.94 37.09 37.28 37.47 37.59 37.69 37.78 37.81 37.84 37.94 38.06 38.19 38.31 38.44 38.53 38.62 38.66 38.69 38.72 38.75 38.84 39.00 39.00 39.00 39.00 39.00 39.00
35.94 36.03 36.09 36.06 35.94 35.72 35.50 35.38 35.31 35.31 35.38 35.47 35.56 35.66 35.75 35.81 35.88 35.91 35.94 35.94 35.97 35.97 36.00 36.00 36.00 36.03 36.03 36.00 36.00 36.00 36.00 36.00 36.03 36.06 36.06 36.12 36.16 36.19 36.19 36.19 36.16 36.09 36.06 35.97 36.06 36.09 36.19 36.34 36.50 36.66 36.84 37.03 37.19 37.31 37.44 37.56 37.62 37.69 37.75 37.84 37.97 38.09 38.25 38.38 38.47 38.56 38.62 38.69 38.72 38.75 38.81 38.94 39.00 39.00 39.00 39.00 39.00
36.00 36.03 36.03 35.97 35.78 35.53 35.31 35.22 35.19 35.22 35.28 35.38 35.50 35.59 35.69 35.75 35.81 35.84 35.88 35.91 35.91 35.94 35.94 35.97 35.97 35.97 35.97 35.97 35.94 35.91 35.91 35.88 35.88 35.88 35.88 35.91 35.94 35.97 35.97 35.97 35.94 35.84 35.81 35.84 35.84 35.97 36.06 36.19 36.34 36.62 36.78 36.94 37.06 37.22 37.31 37.41 37.50 37.56 37.62 37.75 37.88 38.00 38.16 38.28 38.41 38.50 38.59 38.66 38.72 38.75 38.81 38.84 38.97 39.00 39.00 39.00 39.00
35.97 35.97 35.91 35.81 35.62 35.34 35.16 35.09 35.09 35.12 35.19 35.31 35.41 35.53 35.62 35.69 35.75 35.81 35.84 35.88 35.88 35.91 35.91 35.91 35.94 35.94 35.91 35.88 35.84 35.81 35.75 35.72 35.66 35.66 35.62 35.66 35.66 35.72 35.75 35.75 35.75 35.66 35.66 35.62 35.59 35.66 35.75 35.97 36.25 36.47 36.66 36.84 36.97 37.09 37.22 37.31 37.38 37.47 37.53 37.66 37.78 37.91 38.06 38.22 38.34 38.47 38.56 38.62 38.69 38.75 38.81 38.88 38.94 39.00 39.00 39.00 39.00
35.88 35.81 35.75 35.66 35.47 35.19 35.00 34.94 34.97 35.00 35.09 35.22 35.31 35.44 35.53 35.62 35.69 35.75 35.81 35.84 35.84 35.88 35.88 35.88 35.88 35.88 35.84 35.78 35.72 35.66 35.56 35.50 35.44 35.38 35.34 35.38 35.41 35.44 35.53 35.62 35.59 35.53 35.47 35.38 35.34 35.38 35.56 35.81 36.09 36.34 36.56 36.72 36.88 37.00 37.09 37.19 37.28 37.34 37.44 37.56 37.69 37.81 37.97 38.12 38.28 38.41 38.53 38.62 38.72 38.78 38.84 38.88 38.94 38.97 39.00 39.00 39.00
35.72 35.62 35.53 35.47 35.25 35.00 34.88 34.81 34.84 34.88 34.97 35.09 35.19 35.31 35.44 35.53 35.59 35.69 35.75 35.78 35.81 35.84 35.84 35.84 35.84 35.81 35.75 35.69 35.59 35.50 35.38 35.25 35.16 35.06 35.03 35.06 35.12 35.25 35.31 35.41 35.47 35.38 35.19 35.16 35.06 35.16 35.38 35.69 35.97 36.25 36.44 36.59 36.75 36.88 37.00 37.09 37.19 37.25 37.34 37.47 37.59 37.75 37.91 38.06 38.22 38.34 38.50 38.59 38.72 38.78 38.84 38.91 38.94 38.97 39.00 39.00 39.00
35.56 35.44 35.31 35.19 34.97 34.81 34.69 34.66 34.69 34.75 34.84 34.94 35.06 35.19 35.31 35.41 35.50 35.59 35.66 35.69 35.75 35.75 35.78 35.78 35.75 35.72 35.66 35.56 35.44 35.28 35.12 34.97 34.84 34.75 34.72 34.78 34.88 35.00 35.12 35.22 35.19 35.06 34.94 34.88 34.84 35.00 35.28 35.53 35.88 36.16 36.34 36.50 36.66 36.78 36.91 37.00 37.06 37.16 37.28 37.38 37.50 37.66 37.81 37.97 38.16 38.31 38.44 38.59 38.69 38.78 38.88 38.91 38.97 38.97 39.00 39.00 39.00
35.38 35.25 35.09 34.94 34.75 34.62 34.53 34.50 34.53 34.59 34.66 34.78 34.91 35.03 35.16 35.25 35.38 35.47 35.53 35.59 35.62 35.66 35.69 35.69 35.66 35.59 35.50 35.38 35.22 35.03 34.84 34.62 34.50 34.41 34.41 34.47 34.62 34.78 34.91 35.00 34.91 34.81 34.66 34.62 34.72 34.94 35.22 35.59 35.88 36.09 36.28 36.44 36.56 36.69 36.78 36.91 37.00 37.09 37.19 37.31 37.44 37.56 37.75 37.91 38.06 38.25 38.41 38.53 38.69 38.78 38.88 38.94 38.97 39.00 39.00 39.00 39.00
