arlandasctiles/Tile14,4.asc
ncols 128
nrows 128
xllcorner 0
yllcorner 0
cellsize 2.0
NODATA_value  -9999
[rows 32 to 63 of 128, columns 0 to 70 of 128]
-17.03 -17.41 -17.81 -18.19 -18.56 -18.59 -19.19 -19.72 -20.56 -20.84 -20.38 -20.50 -20.66 -21.06 -22.31 -22.75 -22.09 -22.62 -23.19 -23.88 -24.59 -24.41 -24.69 -25.19 -26.28 -26.66 -26.88 -26.72 -27.50 -27.84 -28.12 -28.19 -29.09 -29.53 -29.28 -30.34 -29.81 -30.91 -30.88 -30.50 -30.88 -30.81 -31.50 -32.03 -32.25 -31.91 -32.31 -32.56 -33.41 -33.75 -34.09 -34.31 -34.31 -34.59 -35.12 -35.84 -36.34 -36.66 -37.06 -37.03 -37.31 -38.09 -37.62 -38.44 -38.44 -38.72 -38.97 -39.44 -39.47 -40.00 -40.53
-17.31 -17.75 -18.16 -18.59 -19.06 -19.53 -19.78 -20.12 -21.00 -21.38 -21.59 -21.12 -21.28 -21.56 -22.16 -23.56 -23.12 -23.12 -23.75 -24.03 -25.25 -25.44 -25.47 -25.75 -26.44 -27.25 -27.56 -27.44 -27.97 -28.41 -28.72 -28.78 -29.12 -30.09 -30.53 -30.94 -30.59 -31.56 -31.69 -31.25 -31.75 -31.59 -31.97 -32.72 -32.97 -32.75 -32.91 -33.25 -33.59 -34.41 -34.72 -35.06 -35.19 -35.25 -35.47 -36.34 -36.84 -37.41 -37.91 -37.94 -37.94 -38.88 -38.28 -38.72 -39.16 -39.56 -39.38 -40.19 -40.09 -40.47 -40.81
-17.59 -18.06 -18.53 -19.00 -19.47 -19.97 -20.44 -20.69 -21.19 -21.91 -22.31 -22.16 -22.06 -22.28 -22.66 -23.94 -24.59 -24.00 -24.38 -24.75 -25.41 -26.28 -25.88 -26.44 -26.78 -27.72 -28.25 -28.56 -28.59 -28.78 -29.44 -29.59 -29.66 -30.28 -31.03 -31.44 -31.84 -31.81 -32.50 -32.19 -32.56 -32.47 -32.78 -33.09 -33.78 -33.97 -33.47 -33.91 -34.12 -35.03 -35.31 -35.56 -36.03 -36.06 -36.03 -36.75 -36.97 -37.97 -38.41 -38.78 -38.75 -39.53 -39.19 -39.19 -39.47 -40.34 -39.94 -40.62 -40.91 -41.19 -41.34
-17.78 -18.34 -18.88 -19.38 -19.88 -20.38 -20.88 -21.38 -21.62 -22.19 -23.03 -23.44 -23.03 -23.19 -23.44 -23.84 -25.19 -25.47 -25.34 -25.66 -25.84 -27.09 -26.78 -27.00 -27.41 -27.81 -28.84 -29.19 -29.47 -29.28 -30.12 -30.38 -30.34 -30.59 -31.41 -31.78 -32.47 -32.84 -33.25 -33.25 -33.22 -33.34 -33.69 -33.59 -34.56 -34.72 -34.22 -34.47 -34.81 -35.28 -35.91 -36.16 -36.59 -36.88 -36.66 -37.25 -37.47 -38.47 -38.91 -39.34 -39.75 -40.06 -39.94 -40.00 -39.97 -40.88 -40.97 -40.94 -41.56 -41.97 -42.12
-17.91 -18.44 -19.19 -19.75 -20.28 -20.81 -21.34 -21.88 -22.41 -22.59 -23.59 -24.06 -24.53 -24.03 -24.28 -24.44 -25.31 -26.19 -26.41 -26.78 -26.50 -27.56 -28.00 -27.72 -28.09 -28.28 -29.16 -29.84 -30.16 -30.16 -30.47 -31.06 -31.34 -31.12 -31.91 -32.06 -33.06 -33.47 -33.88 -34.19 -33.88 -34.16 -34.66 -34.31 -35.28 -35.47 -35.25 -35.12 -35.56 -35.78 -36.59 -36.66 -37.16 -37.47 -37.47 -37.72 -38.00 -38.50 -39.41 -39.84 -40.25 -40.59 -40.84 -40.75 -40.72 -41.09 -41.84 -41.56 -41.84 -42.69 -43.03
-17.78 -18.66 -19.38 -20.09 -20.69 -21.25 -21.78 -22.34 -22.94 -23.53 -23.91 -24.62 -25.16 -25.62 -25.31 -25.41 -25.75 -26.66 -26.94 -27.88 -27.41 -27.94 -28.69 -28.69 -28.97 -28.97 -29.50 -30.53 -30.84 -31.12 -31.09 -31.50 -32.06 -31.94 -32.38 -32.75 -33.44 -34.12 -34.53 -34.91 -35.06 -34.84 -35.47 -35.25 -35.72 -36.25 -36.28 -35.97 -36.31 -36.41 -37.28 -37.12 -37.75 -38.09 -38.41 -38.34 -38.53 -38.97 -39.56 -40.41 -40.78 -41.16 -41.50 -41.59 -41.75 -41.53 -42.56 -42.25 -42.22 -42.75 -43.62
-18.38 -18.69 -19.38 -20.03 -21.03 -21.66 -22.25 -22.84 -23.44 -24.00 -24.56 -25.00 -25.69 -26.22 -26.72 -26.47 -26.44 -27.44 -27.50 -28.38 -28.78 -28.56 -29.28 -29.50 -29.91 -29.91 -30.19 -30.78 -31.59 -31.81 -31.94 -32.09 -32.81 -33.00 -32.91 -33.28 -34.00 -34.66 -35.22 -35.59 -35.94 -35.88 -36.22 -36.22 -36.38 -37.09 -37.03 -36.91 -36.97 -37.03 -37.97 -37.72 -38.22 -38.59 -38.97 -39.25 -39.16 -39.50 -40.06 -40.88 -41.38 -41.75 -42.09 -42.44 -42.75 -42.19 -43.12 -43.09 -42.84 -43.25 -43.62
-18.53 -19.41 -19.75 -20.44 -21.12 -21.97 -22.66 -23.34 -23.94 -24.53 -25.09 -25.59 -26.19 -26.75 -27.31 -27.81 -27.34 -28.00 -28.16 -28.56 -29.72 -29.78 -29.88 -30.19 -30.72 -31.25 -30.91 -31.25 -32.44 -32.50 -32.53 -32.91 -33.31 -33.84 -33.72 -33.94 -34.34 -35.47 -35.84 -36.22 -36.66 -37.03 -37.03 -37.00 -37.22 -37.88 -37.97 -37.75 -37.69 -37.75 -38.53 -38.41 -38.72 -39.03 -39.50 -39.84 -39.97 -40.03 -40.56 -41.12 -42.03 -42.31 -42.62 -42.97 -43.28 -43.22 -43.62 -43.84 -43.53 -43.84 -44.28
-19.00 -19.59 -20.19 -20.47 -21.12 -21.81 -22.69 -23.81 -24.44 -25.06 -25.62 -26.16 -26.44 -27.28 -27.88 -28.41 -28.84 -28.75 -29.00 -29.28 -29.94 -30.91 -30.94 -30.81 -31.47 -32.47 -31.78 -32.16 -33.19 -33.28 -32.97 -33.59 -33.91 -34.56 -34.78 -34.66 -34.84 -36.03 -36.09 -36.94 -37.31 -37.66 -38.00 -37.78 -37.94 -38.56 -38.59 -38.44 -38.44 -38.44 -38.97 -39.12 -39.31 -39.62 -39.97 -40.41 -40.69 -40.66 -41.16 -41.47 -42.62 -42.88 -43.16 -43.47 -43.81 -44.19 -44.47 -44.47 -44.31 -44.44 -44.91
-19.28 -19.94 -20.81 -21.28 -21.75 -22.22 -22.88 -24.00 -24.91 -25.59 -26.19 -26.75 -27.31 -27.59 -28.44 -28.97 -29.47 -29.78 -29.97 -30.22 -30.47 -31.41 -31.94 -31.47 -32.09 -33.25 -32.69 -33.06 -33.69 -34.16 -33.81 -34.22 -34.50 -35.06 -35.56 -35.56 -35.50 -36.19 -36.84 -37.62 -37.94 -38.25 -38.59 -38.91 -38.56 -39.25 -39.25 -38.97 -39.34 -39.19 -39.78 -39.69 -40.00 -40.09 -40.53 -40.88 -41.25 -41.47 -41.66 -41.97 -43.00 -43.38 -43.69 -43.97 -44.28 -44.62 -44.97 -45.25 -45.09 -45.09 -45.47
-19.97 -20.41 -20.94 -21.91 -22.44 -23.00 -23.56 -24.25 -25.00 -26.12 -26.78 -27.34 -27.91 -28.47 -28.81 -29.59 -30.06 -30.50 -30.75 -31.22 -31.50 -31.72 -32.88 -32.62 -32.72 -34.00 -33.72 -33.94 -34.44 -35.09 -34.75 -35.03 -35.12 -35.59 -36.28 -36.59 -36.28 -36.62 -37.28 -38.28 -38.53 -38.84 -39.16 -39.44 -39.66 -39.84 -39.91 -39.62 -40.31 -39.88 -40.72 -40.28 -40.78 -40.62 -41.16 -41.25 -41.81 -42.12 -42.25 -42.41 -43.09 -43.91 -44.19 -44.47 -44.75 -45.09 -45.44 -45.78 -46.09 -45.78 -46.06
-20.50 -20.94 -21.44 -22.09 -23.09 -23.91 -24.53 -24.78 -25.47 -26.28 -27.31 -27.94 -28.50 -29.06 -29.66 -30.16 -30.62 -31.12 -31.62 -31.78 -32.50 -32.72 -33.72 -33.66 -33.59 -34.50 -34.62 -34.84 -35.31 -35.91 -35.88 -35.88 -35.94 -36.16 -36.81 -37.28 -37.28 -37.25 -37.69 -38.78 -39.12 -39.44 -39.72 -39.97 -40.19 -40.38 -40.53 -40.34 -41.00 -40.50 -41.34 -40.91 -41.50 -41.25 -41.72 -41.72 -42.25 -42.66 -42.94 -43.00 -43.47 -44.38 -44.66 -44.94 -45.22 -45.56 -45.91 -46.22 -46.59 -46.97 -46.94
-21.38 -21.69 -22.19 -22.56 -23.12 -24.12 -25.19 -25.62 -26.16 -26.78 -27.47 -28.47 -29.09 -29.62 -30.19 -30.69 -31.19 -31.69 -32.19 -32.69 -32.66 -33.62 -34.41 -34.50 -34.50 -35.41 -35.38 -35.72 -36.09 -36.66 -36.41 -36.75 -36.91 -36.84 -37.31 -38.06 -38.22 -38.03 -38.28 -38.97 -39.81 -40.06 -40.31 -40.53 -40.75 -40.97 -41.16 -41.03 -41.69 -41.16 -41.97 -41.53 -42.25 -41.88 -42.22 -42.31 -42.66 -43.16 -43.44 -43.56 -43.66 -44.66 -45.12 -45.44 -45.72 -46.03 -46.34 -46.69 -47.03 -47.41 -47.78
-22.41 -22.56 -22.88 -23.38 -24.03 -24.44 -25.22 -26.34 -26.81 -27.47 -28.03 -28.78 -29.62 -30.19 -30.72 -31.25 -31.75 -32.25 -32.75 -33.28 -33.81 -33.88 -34.97 -35.28 -35.22 -36.09 -36.34 -36.53 -36.88 -37.44 -37.22 -37.47 -37.84 -37.66 -37.91 -38.72 -39.00 -38.97 -39.00 -39.47 -40.44 -40.66 -40.91 -41.16 -41.38 -41.59 -41.81 -41.81 -42.44 -41.88 -42.62 -42.19 -42.84 -42.56 -42.72 -42.94 -43.16 -43.44 -44.00 -44.25 -44.16 -44.81 -45.56 -45.88 -46.19 -46.50 -46.81 -47.12 -47.47 -47.81 -48.16
-22.88 -23.50 -23.78 -24.19 -24.72 -25.25 -25.72 -26.41 -27.50 -28.16 -28.78 -29.28 -29.88 -30.78 -31.28 -31.78 -32.31 -32.81 -33.31 -33.84 -34.38 -34.94 -35.38 -35.88 -36.34 -36.69 -37.22 -37.38 -37.66 -38.12 -38.16 -38.19 -38.53 -38.72 -38.62 -39.38 -39.50 -39.91 -39.84 -40.16 -40.75 -41.31 -41.56 -41.75 -41.97 -42.19 -42.44 -42.72 -42.94 -43.03 -42.88 -42.94 -43.38 -43.19 -43.34 -43.50 -43.78 -43.84 -44.53 -44.78 -44.91 -44.94 -45.78 -46.38 -46.66 -46.97 -47.28 -47.56 -47.88 -48.19 -48.50
-23.09 -24.19 -24.72 -25.12 -25.50 -26.03 -26.44 -27.03 -27.59 -28.78 -29.38 -30.03 -30.47 -31.06 -31.81 -32.34 -32.84 -33.34 -33.84 -34.34 -34.88 -35.41 -35.88 -36.34 -36.78 -37.22 -37.69 -38.00 -38.16 -38.72 -39.00 -39.19 -39.16 -39.72 -39.44 -40.09 -40.12 -40.56 -40.62 -41.03 -41.28 -42.06 -42.19 -42.34 -42.53 -42.75 -42.97 -43.19 -43.38 -43.56 -43.34 -43.50 -43.88 -43.69 -44.16 -43.97 -44.38 -44.34 -44.88 -45.31 -45.56 -45.41 -46.00 -46.75 -47.16 -47.44 -47.72 -48.00 -48.28 -48.59 -48.88
-23.72 -24.44 -25.41 -26.03 -26.47 -26.84 -27.28 -27.66 -28.25 -29.00 -29.94 -30.53 -31.25 -31.47 -32.09 -32.91 -33.38 -33.88 -34.38 -34.88 -35.38 -35.88 -36.31 -36.81 -37.25 -37.69 -38.09 -38.47 -38.84 -39.19 -39.50 -39.81 -39.91 -40.62 -40.28 -40.75 -40.94 -41.16 -41.28 -41.75 -42.09 -42.66 -42.81 -42.94 -43.12 -43.31 -43.50 -43.69 -43.91 -44.09 -44.19 -43.94 -44.44 -44.16 -44.84 -44.53 -45.03 -44.88 -45.28 -45.88 -46.09 -46.09 -46.47 -47.00 -47.75 -47.94 -48.09 -48.44 -48.72 -49.00 -49.25
-24.56 -25.19 -25.72 -26.97 -27.50 -27.88 -27.94 -28.50 -29.03 -29.81 -30.59 -31.47 -31.78 -32.22 -32.50 -33.41 -33.84 -34.38 -34.88 -35.38 -35.88 -36.34 -36.81 -37.25 -37.69 -38.12 -38.53 -38.91 -39.28 -39.66 -39.97 -40.34 -40.75 -41.12 -41.34 -41.31 -41.81 -41.75 -41.97 -42.28 -42.72 -43.28 -43.41 -43.53 -43.69 -43.84 -44.03 -44.22 -44.41 -44.56 -44.72 -44.53 -45.03 -44.62 -45.47 -45.12 -45.59 -45.47 -45.75 -46.25 -46.69 -46.91 -47.09 -47.44 -48.28 -48.47 -48.50 -48.94 -49.06 -49.44 -49.69
-25.53 -26.09 -26.31 -27.12 -28.34 -28.97 -29.09 -29.25 -29.88 -30.66 -31.38 -32.28 -32.41 -33.00 -33.19 -33.81 -34.25 -34.84 -35.34 -35.91 -36.41 -36.84 -37.31 -37.75 -38.19 -38.59 -39.00 -39.38 -39.75 -40.12 -40.47 -40.84 -41.19 -41.53 -41.88 -42.19 -42.47 -42.47 -42.56 -42.97 -43.19 -43.84 -43.97 -44.09 -44.22 -44.38 -44.56 -44.72 -44.91 -45.09 -45.25 -45.22 -45.59 -45.19 -45.97 -45.97 -45.94 -46.16 -46.22 -46.59 -47.22 -47.53 -47.69 -47.91 -48.75 -48.97 -49.22 -49.44 -49.56 -49.91 -50.12
-26.41 -27.25 -27.19 -27.69 -28.34 -29.62 -30.34 -30.47 -30.72 -31.34 -32.06 -32.94 -33.03 -33.75 -34.00 -34.41 -34.81 -35.41 -35.66 -36.41 -36.91 -37.38 -37.81 -38.25 -38.69 -39.09 -39.47 -39.84 -40.22 -40.53 -40.97 -41.31 -41.69 -42.03 -42.38 -42.69 -42.97 -43.19 -43.19 -43.66 -43.78 -44.38 -44.50 -44.62 -44.75 -44.91 -45.06 -45.25 -45.44 -45.59 -45.81 -45.94 -46.12 -45.69 -46.22 -46.69 -46.47 -46.69 -46.84 -46.97 -47.50 -48.03 -48.34 -48.28 -49.09 -49.44 -49.69 -49.88 -49.97 -50.34 -50.56
-27.19 -27.81 -28.41 -28.31 -28.81 -29.69 -31.09 -31.78 -31.97 -32.38 -32.91 -33.56 -33.91 -34.47 -34.91 -35.16 -35.47 -36.06 -36.25 -36.72 -37.44 -37.91 -38.34 -38.78 -39.19 -39.59 -39.97 -40.34 -40.72 -41.03 -41.44 -41.81 -42.19 -42.53 -42.88 -43.19 -43.47 -43.78 -43.91 -44.28 -44.38 -44.91 -45.03 -45.16 -45.28 -45.44 -45.59 -45.75 -45.94 -46.12 -46.38 -46.47 -46.62 -46.38 -46.72 -47.22 -47.31 -47.16 -47.44 -47.53 -47.91 -48.31 -48.91 -49.19 -49.06 -49.94 -50.16 -50.38 -50.56 -50.75 -50.91
-28.06 -28.47 -29.28 -29.66 -29.50 -30.12 -31.00 -32.50 -33.16 -33.53 -33.84 -34.44 -35.00 -35.09 -35.66 -36.03 -36.19 -36.69 -36.97 -37.25 -37.78 -38.44 -38.88 -39.31 -39.72 -40.12 -40.50 -40.84 -41.22 -41.50 -41.94 -42.31 -42.69 -43.06 -43.38 -43.72 -44.00 -44.31 -44.56 -44.84 -44.94 -45.44 -45.53 -45.66 -45.78 -45.94 -46.09 -46.25 -46.44 -46.62 -46.81 -47.00 -47.16 -47.06 -47.62 -47.47 -47.97 -47.81 -47.91 -48.12 -48.34 -48.62 -49.47 -49.69 -49.69 -50.38 -50.66 -50.84 -51.06 -51.31 -51.53
-28.66 -29.28 -29.78 -30.81 -30.81 -31.06 -31.53 -32.62 -33.75 -34.72 -34.62 -35.25 -36.12 -35.84 -36.25 -37.00 -37.00 -37.38 -37.69 -37.94 -38.31 -38.84 -39.44 -39.88 -40.28 -40.66 -41.00 -41.38 -41.72 -42.09 -42.44 -42.84 -43.22 -43.56 -43.91 -44.25 -44.53 -44.81 -45.09 -45.38 -45.56 -45.91 -46.03 -46.19 -46.31 -46.47 -46.62 -46.78 -46.94 -47.12 -47.31 -47.53 -47.72 -47.66 -48.31 -47.94 -48.41 -48.62 -48.41 -48.66 -48.91 -49.06 -49.91 -50.22 -50.41 -50.84 -51.12 -51.31 -51.50 -51.75 -51.97
-29.16 -30.12 -30.75 -31.28 -32.03 -32.34 -32.34 -33.06 -34.12 -35.44 -36.00 -35.84 -36.81 -37.06 -37.00 -37.84 -37.81 -38.12 -38.50 -38.62 -38.97 -39.31 -39.94 -40.44 -40.84 -41.19 -41.56 -41.91 -42.25 -42.59 -42.97 -43.34 -43.72 -44.06 -44.41 -44.75 -45.03 -45.31 -45.59 -45.88 -46.12 -46.31 -46.56 -46.69 -46.84 -46.97 -47.12 -47.31 -47.47 -47.62 -47.91 -48.03 -48.22 -48.34 -48.88 -48.59 -48.69 -49.16 -49.00 -49.47 -49.34 -49.91 -50.09 -50.72 -51.00 -51.34 -51.59 -51.81 -51.91 -52.22 -52.41
-29.53 -30.66 -31.88 -32.34 -32.81 -33.44 -33.50 -33.75 -34.53 -35.69 -36.88 -37.31 -37.31 -37.97 -38.00 -38.50 -38.69 -38.84 -39.44 -39.38 -39.66 -39.91 -40.38 -41.03 -41.41 -41.75 -42.09 -42.44 -42.78 -43.12 -43.47 -43.84 -44.22 -44.56 -44.91 -45.22 -45.50 -45.81 -46.09 -46.38 -46.62 -46.78 -47.09 -47.22 -47.38 -47.50 -47.69 -47.84 -48.00 -48.16 -48.28 -48.56 -48.75 -49.09 -49.34 -49.50 -49.06 -49.84 -49.53 -50.16 -50.06 -50.69 -50.25 -51.06 -51.19 -51.81 -52.03 -52.25 -52.47 -52.69 -52.84
-30.41 -31.22 -32.34 -33.44 -34.19 -34.12 -34.56 -34.72 -35.19 -36.09 -37.25 -38.16 -38.38 -39.03 -38.88 -39.28 -39.59 -39.59 -40.25 -40.19 -40.38 -40.59 -40.91 -41.47 -42.00 -42.34 -42.66 -43.00 -43.31 -43.62 -43.97 -44.31 -44.69 -45.03 -45.38 -45.69 -45.97 -46.28 -46.56 -46.84 -47.12 -47.34 -47.53 -47.75 -47.91 -48.03 -48.19 -48.34 -48.44 -48.69 -48.94 -49.06 -49.31 -49.53 -49.78 -50.00 -49.94 -50.62 -49.97 -50.97 -50.53 -51.47 -51.00 -51.59 -51.81 -52.31 -52.50 -52.69 -52.91 -53.12 -53.34
-31.09 -31.88 -32.91 -33.97 -35.16 -35.75 -35.34 -35.72 -36.00 -36.47 -37.50 -38.81 -39.31 -39.69 -39.72 -40.00 -40.53 -40.38 -41.06 -41.00 -41.16 -41.31 -41.53 -41.94 -42.56 -42.91 -43.22 -43.56 -43.88 -44.19 -44.50 -44.81 -45.16 -45.50 -45.84 -46.16 -46.44 -46.72 -46.91 -47.31 -47.41 -47.62 -47.97 -48.03 -48.22 -48.56 -48.72 -48.88 -48.97 -49.19 -49.38 -49.56 -49.78 -50.00 -50.25 -50.53 -50.72 -50.97 -50.94 -51.50 -51.03 -52.03 -51.47 -51.97 -52.25 -52.78 -52.94 -53.12 -53.31 -53.62 -53.84
-32.25 -32.72 -33.56 -34.34 -35.41 -36.56 -36.94 -36.66 -36.97 -37.28 -37.84 -38.94 -39.91 -40.34 -40.66 -40.56 -41.41 -41.31 -41.59 -41.84 -41.84 -42.03 -42.22 -42.50 -43.00 -43.47 -43.81 -44.12 -44.41 -44.72 -45.03 -45.31 -45.62 -45.97 -46.28 -46.66 -46.78 -47.19 -47.34 -47.78 -47.84 -48.09 -48.28 -48.50 -48.69 -48.88 -49.25 -49.38 -49.41 -49.72 -49.88 -50.06 -50.28 -50.47 -50.72 -50.97 -51.25 -51.47 -51.53 -52.03 -51.69 -52.56 -52.09 -52.34 -52.78 -53.22 -53.25 -53.59 -53.84 -54.09 -54.31
-33.31 -33.84 -34.47 -34.94 -35.81 -37.06 -37.78 -37.88 -37.94 -38.16 -38.56 -39.28 -40.38 -41.00 -41.38 -41.47 -41.81 -42.25 -42.06 -42.62 -42.69 -42.69 -42.94 -43.09 -43.53 -43.97 -44.41 -44.69 -44.97 -45.28 -45.56 -45.84 -46.16 -46.44 -46.75 -47.06 -47.25 -47.62 -47.94 -48.22 -48.31 -48.53 -48.75 -48.97 -49.16 -49.34 -49.53 -49.91 -50.06 -50.22 -50.38 -50.47 -50.75 -50.97 -51.19 -51.44 -51.69 -51.88 -52.19 -52.47 -52.38 -53.09 -52.78 -52.81 -53.34 -53.72 -53.56 -54.03 -54.28 -54.53 -54.78
-34.06 -34.88 -35.50 -35.94 -36.34 -37.25 -38.62 -39.03 -38.97 -39.09 -39.44 -39.97 -40.75 -41.78 -42.06 -42.28 -42.16 -42.97 -43.03 -43.03 -43.66 -43.34 -43.62 -43.75 -44.09 -44.47 -45.00 -45.28 -45.56 -45.81 -46.09 -46.38 -46.66 -46.94 -47.22 -47.53 -47.91 -48.09 -48.38 -48.69 -48.94 -49.00 -49.22 -49.44 -49.62 -49.81 -50.00 -50.19 -50.56 -50.56 -50.88 -51.00 -51.22 -51.44 -51.66 -51.91 -52.16 -52.41 -52.66 -52.88 -53.03 -53.50 -53.53 -53.41 -53.81 -54.31 -53.97 -54.34 -54.78 -55.03 -55.25
-34.41 -35.34 -36.38 -37.00 -37.41 -37.84 -39.00 -39.84 -40.25 -40.00 -40.31 -40.78 -41.28 -42.34 -42.75 -43.00 -42.97 -43.53 -43.72 -43.50 -44.34 -44.19 -44.28 -44.44 -44.66 -45.06 -45.44 -45.84 -46.12 -46.38 -46.62 -46.91 -47.16 -47.44 -47.72 -48.00 -48.28 -48.56 -48.84 -49.12 -49.41 -49.47 -49.69 -49.91 -50.09 -50.31 -50.47 -50.66 -51.03 -51.06 -51.34 -51.50 -51.69 -51.91 -52.12 -52.34 -52.59 -52.84 -53.09 -53.38 -53.72 -53.97 -53.94 -54.34 -54.12 -54.91 -54.75 -54.62 -55.28 -55.50 -55.75
-35.38 -35.97 -36.69 -37.84 -38.34 -38.91 -39.56 -40.47 -41.03 -41.12 -41.22 -41.62 -42.06 -42.97 -43.47 -43.66 -43.81 -43.84 -44.34 -44.38 -44.91 -44.88 -44.88 -45.16 -45.22 -45.62 -45.97 -46.44 -46.69 -46.94 -47.19 -47.44 -47.69 -47.97 -48.22 -48.50 -48.78 -49.09 -49.31 -49.56 -49.84 -49.91 -50.16 -50.34 -50.56 -50.78 -50.94 -51.16 -51.31 -51.53 -51.81 -51.94 -52.16 -52.38 -52.56 -52.81 -53.06 -53.31 -53.53 -53.59 -54.22 -54.47 -54.41 -55.03 -54.62 -55.41 -55.47 -55.34 -55.47 -56.03 -56.28
