arlandasctiles/Tile[9,2].asc
ncols 128
nrows 128
xllcorner 0
yllcorner 0
cellsize 2.0
NODATA_value  -9999
[rows 0 to 32 of 128, columns 0 to 74 of 128]
10.31 10.16 9.97 9.75 9.53 9.28 9.03 8.75 8.47 8.16 7.84 7.53 7.22 6.88 6.56 6.25 5.94 5.69 5.47 5.44 5.81 6.72 8.25 9.16 9.56 9.62 9.66 9.66 9.59 9.50 9.44 9.38 9.28 9.22 9.16 9.06 9.00 8.91 8.84 8.75 8.66 8.56 8.47 8.41 8.31 8.22 8.16 8.06 8.00 7.91 7.84 7.78 7.72 7.66 7.59 7.50 7.38 7.22 7.19 7.19 7.19 7.16 7.16 7.12 7.06 7.00 6.88 6.72 6.59 6.41 6.09 5.72 5.50 5.34 4.78
10.03 9.84 9.62 9.41 9.16 8.88 8.59 8.28 7.97 7.66 7.31 6.97 6.62 6.28 5.97 5.62 5.34 5.06 4.94 4.94 5.16 5.56 6.66 8.12 9.16 9.53 9.59 9.62 9.62 9.59 9.44 9.34 9.25 9.19 9.12 9.03 8.97 8.91 8.81 8.75 8.66 8.56 8.50 8.41 8.31 8.25 8.16 8.09 8.00 7.94 7.84 7.78 7.72 7.59 7.38 7.06 7.00 7.09 7.19 7.19 7.19 7.16 7.12 7.09 7.03 6.94 6.75 6.56 6.34 6.03 5.47 4.50 3.38 2.97 2.66
9.69 9.50 9.25 9.00 8.72 8.44 8.12 7.78 7.44 7.09 6.75 6.38 6.03 5.69 5.34 5.03 4.75 4.56 4.47 4.47 4.59 4.84 5.12 6.03 7.53 8.94 9.25 9.44 9.53 9.56 9.53 9.44 9.34 9.25 9.09 9.00 8.97 8.88 8.81 8.72 8.66 8.56 8.50 8.41 8.34 8.25 8.19 8.09 8.03 7.94 7.84 7.69 7.38 6.97 6.84 6.84 7.44 7.09 7.03 7.09 7.03 7.00 7.00 6.94 6.84 6.69 6.38 6.12 5.84 5.34 4.38 3.06 2.28 2.16 2.03
9.34 9.09 8.84 8.56 8.25 7.94 7.59 7.25 6.91 6.53 6.16 5.78 5.44 5.09 4.75 4.44 4.19 4.03 3.97 3.97 4.00 4.12 4.25 4.38 4.34 6.47 8.03 8.72 9.00 9.31 9.44 9.47 9.53 9.56 9.44 9.19 9.03 8.88 8.78 8.72 8.62 8.56 8.50 8.41 8.34 8.25 8.19 8.06 7.88 7.69 7.47 7.22 7.03 6.84 8.09 7.66 7.06 6.59 6.31 6.53 6.59 6.59 6.59 6.56 6.47 6.06 5.06 4.09 3.72 3.38 2.53 1.72 1.66 1.62 1.59
8.91 8.66 8.41 8.09 7.78 7.44 7.06 6.69 6.31 5.94 5.56 5.19 4.84 4.50 4.16 3.88 3.66 3.53 3.44 3.44 3.44 3.47 3.50 3.47 3.28 3.66 5.53 7.25 8.09 8.62 9.03 9.28 9.47 9.56 9.56 9.53 9.38 9.09 8.84 8.75 8.69 8.59 8.44 8.28 8.09 7.91 7.69 7.47 7.34 7.22 7.09 7.06 7.03 6.91 6.97 6.41 5.62 4.81 4.81 5.06 5.34 5.50 5.59 5.59 5.22 4.31 3.03 2.12 1.88 1.50 1.25 1.09 1.12 1.22 1.28
8.47 8.19 7.91 7.56 7.25 6.88 6.50 6.12 5.75 5.38 5.00 4.62 4.25 3.94 3.62 3.31 3.12 3.00 2.94 2.91 2.88 2.88 2.88 2.81 2.69 2.88 3.72 5.12 6.56 7.47 8.22 8.69 9.09 9.28 9.25 9.25 9.12 8.81 8.44 8.31 8.22 8.06 7.88 7.69 7.53 7.38 7.25 7.09 7.00 6.88 6.69 6.56 6.75 6.44 5.97 5.44 4.66 3.69 3.06 2.84 2.81 2.75 2.69 2.56 2.44 2.25 2.06 1.81 1.56 1.22 1.00 0.97 0.97 1.00 1.06
7.94 7.66 7.34 7.03 6.69 6.31 5.94 5.53 5.16 4.78 4.41 4.03 3.72 3.38 3.09 2.81 2.59 2.50 2.44 2.41 2.38 2.34 2.34 2.31 2.34 2.62 3.12 3.84 4.69 5.47 6.41 7.44 8.16 8.50 8.53 8.53 8.31 7.84 7.62 7.66 7.66 7.53 7.38 7.25 7.12 7.00 6.84 6.72 6.59 6.44 6.22 6.03 5.94 5.69 5.16 4.56 3.88 3.09 2.41 2.25 2.25 2.25 2.22 2.16 2.03 1.91 1.75 1.56 1.34 1.06 0.94 0.94 0.97 1.00 1.03
7.41 7.09 6.78 6.44 6.09 5.72 5.34 4.97 4.56 4.22 3.84 3.50 3.19 2.88 2.59 2.34 2.12 2.03 1.97 1.94 1.91 1.88 1.88 1.91 2.06 2.38 2.75 3.19 3.66 4.09 4.41 5.25 6.19 6.66 6.81 6.69 6.53 6.62 6.81 6.94 7.03 6.97 6.88 6.78 6.69 6.59 6.47 6.31 6.16 5.94 5.66 5.47 5.28 5.00 4.47 3.91 3.28 2.66 1.97 1.72 1.75 1.78 1.78 1.78 1.72 1.62 1.50 1.34 1.19 1.00 0.97 0.97 1.00 1.03 1.09
6.78 6.50 6.16 5.84 5.47 5.12 4.75 4.38 4.00 3.66 3.31 2.97 2.69 2.41 2.16 1.94 1.75 1.59 1.50 1.50 1.47 1.47 1.50 1.62 1.84 2.12 2.44 2.75 3.06 3.34 3.62 3.94 4.44 4.88 5.22 5.47 5.66 5.81 6.03 6.22 6.38 6.41 6.38 6.34 6.28 6.16 6.06 5.91 5.69 5.38 5.09 4.88 4.66 4.34 3.84 3.31 2.78 2.25 1.66 1.31 1.31 1.41 1.44 1.44 1.41 1.38 1.28 1.19 1.06 0.97 0.97 1.00 1.03 1.06 1.16
6.12 5.84 5.53 5.22 4.88 4.53 4.16 3.81 3.47 3.12 2.81 2.50 2.22 1.97 1.75 1.59 1.44 1.31 1.22 1.16 1.16 1.12 1.19 1.41 1.66 1.94 2.19 2.47 2.75 3.00 3.22 3.53 3.84 4.19 4.50 4.75 4.97 5.16 5.31 5.50 5.69 5.81 5.84 5.84 5.78 5.69 5.56 5.38 5.12 4.81 4.56 4.31 4.06 3.72 3.28 2.78 2.31 1.84 1.38 1.06 0.97 1.09 1.16 1.19 1.19 1.16 1.09 1.03 0.97 0.97 0.97 1.00 1.03 1.09 1.19
5.50 5.22 4.91 4.59 4.28 3.94 3.59 3.28 2.94 2.62 2.34 2.06 1.84 1.62 1.44 1.28 1.16 1.09 1.03 1.00 1.00 1.03 1.09 1.28 1.47 1.75 2.00 2.25 2.47 2.69 2.88 3.16 3.44 3.69 3.97 4.19 4.38 4.53 4.69 4.84 5.03 5.16 5.22 5.25 5.22 5.12 4.97 4.78 4.53 4.28 4.03 3.78 3.50 3.16 2.72 2.28 1.88 1.50 1.06 0.91 0.94 0.94 0.94 0.94 0.97 0.97 0.97 0.97 0.97 0.97 0.97 1.03 1.06 1.16 1.25
4.88 4.59 4.31 4.03 3.72 3.41 3.09 2.78 2.47 2.19 1.94 1.72 1.50 1.31 1.16 1.03 0.97 0.91 0.91 0.91 0.94 0.97 1.06 1.16 1.34 1.59 1.81 2.03 2.25 2.41 2.59 2.81 3.03 3.28 3.50 3.69 3.88 4.00 4.12 4.28 4.41 4.53 4.59 4.62 4.59 4.50 4.34 4.16 3.97 3.78 3.56 3.28 3.00 2.62 2.19 1.81 1.50 1.16 0.94 0.94 0.94 0.94 0.97 0.97 0.97 0.97 0.97 0.97 1.00 1.00 1.03 1.06 1.09 1.16 1.22
4.28 4.03 3.78 3.50 3.22 2.91 2.62 2.31 2.06 1.81 1.59 1.41 1.22 1.06 0.97 0.88 0.81 0.81 0.81 0.84 0.91 0.97 1.06 1.16 1.28 1.50 1.69 1.88 2.03 2.19 2.34 2.50 2.69 2.88 3.09 3.25 3.41 3.53 3.66 3.78 3.88 3.94 3.97 3.97 3.94 3.88 3.75 3.62 3.47 3.31 3.09 2.84 2.53 2.16 1.69 1.41 1.16 0.97 0.94 0.97 0.97 0.97 0.97 0.97 0.97 1.00 1.00 1.00 1.00 1.00 1.00 1.03 1.06 1.12 1.19
3.72 3.50 3.25 3.00 2.75 2.47 2.19 1.94 1.72 1.50 1.31 1.16 1.00 0.91 0.81 0.78 0.75 0.75 0.78 0.84 0.91 1.00 1.09 1.19 1.28 1.44 1.59 1.75 1.88 2.00 2.12 2.25 2.38 2.56 2.72 2.88 3.03 3.12 3.25 3.31 3.41 3.44 3.44 3.44 3.38 3.31 3.25 3.16 3.06 2.91 2.69 2.44 2.12 1.75 1.19 1.06 1.00 0.97 0.97 0.97 0.97 0.97 0.97 1.00 1.00 1.00 1.00 1.00 1.00 1.00 1.00 1.03 1.06 1.09 1.16
3.19 3.00 2.78 2.53 2.31 2.06 1.84 1.62 1.41 1.25 1.09 0.97 0.88 0.78 0.75 0.72 0.72 0.75 0.78 0.84 0.94 1.03 1.12 1.22 1.31 1.44 1.53 1.66 1.75 1.84 1.94 2.03 2.12 2.25 2.38 2.53 2.66 2.78 2.88 2.94 3.00 3.03 3.03 2.97 2.94 2.91 2.84 2.75 2.66 2.50 2.31 2.06 1.78 1.41 1.00 0.97 0.97 0.97 0.97 0.97 0.97 1.00 1.00 1.00 1.00 1.00 1.00 1.00 1.00 1.00 1.00 1.00 1.03 1.03 1.06
2.69 2.53 2.34 2.12 1.94 1.72 1.53 1.34 1.19 1.06 0.97 0.88 0.81 0.75 0.72 0.72 0.75 0.78 0.81 0.91 0.97 1.06 1.16 1.25 1.34 1.44 1.53 1.59 1.66 1.72 1.75 1.78 1.88 2.00 2.12 2.25 2.38 2.44 2.53 2.56 2.62 2.62 2.59 2.56 2.56 2.53 2.47 2.41 2.31 2.16 1.97 1.75 1.50 1.19 1.00 1.00 1.00 1.00 1.00 1.00 1.00 1.00 1.00 1.00 1.00 1.00 1.00 1.00 0.97 0.94 0.94 0.94 0.94 0.97 1.00
2.25 2.09 1.94 1.78 1.59 1.44 1.28 1.12 1.03 0.94 0.88 0.81 0.78 0.75 0.75 0.75 0.78 0.81 0.88 0.94 1.00 1.09 1.16 1.25 1.34 1.41 1.47 1.53 1.59 1.66 1.69 1.69 1.72 1.81 1.91 2.00 2.09 2.19 2.22 2.25 2.28 2.28 2.25 2.25 2.22 2.19 2.12 2.06 2.00 1.84 1.69 1.50 1.28 1.06 1.00 1.00 1.00 1.00 1.00 1.00 1.00 1.00 1.00 1.00 1.00 1.00 0.97 0.94 0.88 0.84 0.81 0.81 0.84 0.88 0.94
1.81 1.69 1.59 1.47 1.34 1.19 1.09 1.00 0.94 0.91 0.88 0.84 0.81 0.81 0.81 0.81 0.84 0.88 0.94 0.97 1.03 1.09 1.16 1.25 1.31 1.38 1.41 1.47 1.50 1.53 1.56 1.56 1.56 1.62 1.69 1.78 1.88 1.94 1.97 2.00 2.00 2.00 1.97 1.94 1.94 1.91 1.84 1.78 1.69 1.59 1.44 1.28 1.12 1.00 1.00 1.00 1.00 1.00 1.00 1.00 1.00 1.00 1.00 1.00 1.00 0.97 0.91 0.84 0.78 0.75 0.72 0.72 0.75 0.81 0.88
1.44 1.38 1.28 1.19 1.12 1.03 0.97 0.94 0.91 0.91 0.88 0.88 0.88 0.88 0.88 0.88 0.91 0.94 0.97 1.00 1.06 1.09 1.16 1.19 1.25 1.31 1.34 1.38 1.41 1.44 1.44 1.44 1.44 1.44 1.47 1.56 1.62 1.69 1.75 1.75 1.75 1.75 1.72 1.69 1.66 1.62 1.59 1.53 1.44 1.34 1.22 1.09 1.00 1.00 1.00 1.00 1.00 1.00 1.00 1.00 1.00 1.00 1.00 1.00 0.94 0.88 0.81 0.72 0.66 0.62 0.59 0.62 0.66 0.75 0.88
1.12 1.09 1.06 1.03 0.97 0.94 0.94 0.94 0.94 0.94 0.94 0.94 0.94 0.94 0.94 0.94 0.97 0.97 1.00 1.03 1.06 1.09 1.12 1.16 1.19 1.22 1.25 1.28 1.31 1.31 1.34 1.31 1.31 1.31 1.31 1.38 1.44 1.47 1.53 1.53 1.53 1.53 1.50 1.47 1.44 1.41 1.34 1.28 1.22 1.12 1.03 0.97 0.97 0.97 0.97 0.97 0.94 0.94 0.97 0.97 0.97 0.97 0.97 0.88 0.78 0.72 0.62 0.56 0.53 0.50 0.53 0.56 0.62 0.75 0.94
0.88 0.91 0.94 0.94 0.94 0.94 0.94 0.97 0.97 0.97 0.97 0.97 0.97 0.97 0.97 0.97 1.00 1.00 1.00 1.03 1.03 1.06 1.09 1.09 1.12 1.16 1.19 1.19 1.22 1.22 1.22 1.22 1.19 1.19 1.16 1.19 1.25 1.28 1.34 1.34 1.34 1.34 1.31 1.28 1.22 1.19 1.12 1.06 1.00 0.94 0.91 0.91 0.91 0.91 0.91 0.88 0.88 0.88 0.88 0.88 0.88 0.84 0.75 0.62 0.53 0.44 0.38 0.34 0.38 0.41 0.47 0.53 0.62 0.81 1.03
0.81 0.88 0.91 0.94 0.94 0.97 0.97 0.97 0.97 1.00 1.00 1.00 1.00 1.00 1.00 1.00 1.00 1.00 1.00 1.00 1.03 1.03 1.03 1.06 1.06 1.09 1.09 1.09 1.12 1.12 1.12 1.09 1.09 1.06 1.06 1.03 1.06 1.16 1.19 1.19 1.19 1.16 1.12 1.09 1.06 1.00 0.94 0.91 0.84 0.84 0.81 0.81 0.81 0.81 0.81 0.78 0.78 0.78 0.75 0.72 0.69 0.59 0.50 0.41 0.31 0.25 0.19 0.19 0.22 0.31 0.41 0.50 0.66 0.88 1.09
0.88 0.91 0.97 0.97 1.00 0.97 0.97 1.00 1.00 1.00 1.00 1.00 1.00 1.00 1.00 1.00 1.00 1.00 1.00 1.00 1.00 1.00 1.00 1.03 1.03 1.03 1.03 1.03 1.03 1.03 1.03 1.03 1.03 1.03 1.00 1.00 1.00 1.03 1.03 1.06 1.03 1.00 1.00 0.94 0.91 0.84 0.78 0.78 0.75 0.72 0.72 0.69 0.69 0.69 0.66 0.66 0.62 0.59 0.56 0.53 0.47 0.41 0.31 0.25 0.16 0.09 0.06 0.06 0.12 0.22 0.38 0.50 0.72 0.94 1.19
0.94 0.97 1.00 1.00 1.00 1.00 1.00 1.00 1.00 1.00 1.00 1.00 1.00 1.00 1.00 1.00 1.00 1.00 1.00 1.00 1.00 1.00 1.00 1.00 1.00 1.00 1.00 1.00 1.00 1.00 1.00 1.00 1.00 1.00 1.00 1.00 1.00 1.00 0.97 0.94 0.91 0.88 0.84 0.81 0.75 0.72 0.69 0.66 0.62 0.59 0.59 0.56 0.53 0.50 0.50 0.47 0.44 0.41 0.38 0.31 0.28 0.22 0.16 0.09 0.03 0.00 0.00 0.00 0.09 0.22 0.41 0.59 0.81 1.03 1.25
1.00 1.03 1.03 1.06 1.03 1.03 1.00 1.00 1.00 1.00 1.00 1.00 1.00 1.00 1.00 1.00 1.00 1.00 1.00 1.00 1.00 1.00 1.00 1.00 1.00 1.00 1.00 1.00 1.00 1.00 1.00 1.00 1.00 1.00 1.00 1.00 1.00 0.97 0.91 0.88 0.81 0.78 0.75 0.72 0.66 0.62 0.56 0.53 0.47 0.44 0.41 0.38 0.34 0.31 0.28 0.28 0.25 0.22 0.19 0.12 0.09 0.03 0.00 -0.03 -0.06 -0.06 -0.06 0.00 0.09 0.25 0.47 0.72 0.97 1.16 1.34
1.09 1.09 1.06 1.06 1.03 1.03 1.00 1.00 1.00 1.00 1.00 1.00 1.00 1.00 1.00 1.00 1.00 1.00 1.00 1.00 1.00 1.00 1.00 1.00 1.00 1.00 1.00 1.00 1.00 1.00 1.00 1.00 1.00 1.00 0.97 0.94 0.88 0.84 0.81 0.78 0.78 0.72 0.66 0.59 0.53 0.47 0.41 0.34 0.31 0.25 0.22 0.19 0.16 0.12 0.09 0.06 0.03 0.00 -0.03 -0.06 -0.09 -0.12 -0.16 -0.19 -0.19 -0.16 -0.12 -0.03 0.09 0.28 0.53 0.84 1.16 1.34 1.47
1.12 1.09 1.09 1.06 1.03 1.03 1.00 1.00 1.00 1.00 1.00 1.00 1.00 1.00 1.00 1.00 1.00 1.00 1.00 1.00 1.03 1.06 1.12 1.16 1.19 1.16 1.09 1.06 1.03 1.00 1.00 1.00 0.97 0.97 0.94 0.88 0.81 0.75 0.69 0.66 0.66 0.59 0.53 0.44 0.38 0.28 0.22 0.16 0.09 0.06 0.03 -0.03 -0.06 -0.09 -0.12 -0.16 -0.19 -0.22 -0.22 -0.25 -0.28 -0.28 -0.31 -0.31 -0.28 -0.25 -0.19 -0.06 0.09 0.28 0.59 0.94 1.28 1.47 1.53
1.12 1.09 1.09 1.06 1.03 1.03 1.00 1.00 1.00 1.00 1.00 1.00 1.00 1.00 1.00 1.00 1.00 1.00 1.00 1.03 1.12 1.19 1.25 1.31 1.38 1.47 1.47 1.38 1.28 1.22 1.19 1.12 1.06 1.03 0.97 0.84 0.69 0.56 0.50 0.50 0.47 0.44 0.34 0.25 0.19 0.09 0.03 -0.03 -0.09 -0.16 -0.19 -0.25 -0.28 -0.31 -0.34 -0.38 -0.41 -0.41 -0.44 -0.44 -0.47 -0.47 -0.47 -0.44 -0.41 -0.34 -0.25 -0.12 0.03 0.28 0.56 0.94 1.25 1.47 1.53
1.12 1.09 1.09 1.06 1.03 1.03 1.00 0.97 0.97 0.97 0.97 0.97 0.97 0.97 0.97 0.97 1.00 1.00 1.03 1.12 1.25 1.31 1.38 1.50 1.69 1.81 1.81 1.69 1.56 1.50 1.44 1.38 1.31 1.25 1.12 0.84 0.56 0.38 0.28 0.28 0.28 0.25 0.16 0.06 0.00 -0.09 -0.16 -0.25 -0.31 -0.38 -0.41 -0.47 -0.50 -0.53 -0.56 -0.59 -0.62 -0.62 -0.62 -0.66 -0.66 -0.62 -0.62 -0.59 -0.53 -0.47 -0.34 -0.22 -0.03 0.19 0.47 0.78 1.12 1.34 1.41
1.12 1.09 1.09 1.06 1.03 1.00 0.97 0.97 0.94 0.94 0.94 0.94 0.94 0.94 0.94 0.97 0.97 0.97 1.06 1.25 1.34 1.44 1.50 1.59 1.69 1.81 1.88 1.84 1.75 1.66 1.59 1.59 1.59 1.56 1.34 0.84 0.34 0.06 0.03 0.09 0.09 0.03 -0.03 -0.12 -0.22 -0.31 -0.38 -0.47 -0.53 -0.59 -0.62 -0.69 -0.72 -0.75 -0.78 -0.81 -0.84 -0.84 -0.84 -0.84 -0.84 -0.81 -0.78 -0.75 -0.69 -0.59 -0.47 -0.34 -0.16 0.06 0.31 0.56 0.84 1.09 1.22
1.12 1.09 1.06 1.03 1.00 0.97 0.94 0.91 0.88 0.88 0.88 0.88 0.88 0.88 0.91 0.91 0.94 0.97 1.09 1.31 1.38 1.44 1.53 1.59 1.69 1.78 1.84 1.88 1.84 1.75 1.72 1.72 1.78 1.81 1.56 0.88 0.22 -0.09 -0.12 -0.09 -0.12 -0.19 -0.25 -0.34 -0.44 -0.50 -0.59 -0.66 -0.75 -0.81 -0.84 -0.91 -0.94 -1.00 -1.00 -1.03 -1.06 -1.06 -1.06 -1.03 -1.03 -1.00 -0.97 -0.91 -0.84 -0.75 -0.62 -0.50 -0.31 -0.12 0.12 0.34 0.56 0.78 0.94
1.09 1.09 1.06 1.00 0.97 0.91 0.88 0.84 0.81 0.81 0.81 0.81 0.81 0.81 0.84 0.84 0.88 0.94 1.09 1.28 1.38 1.44 1.53 1.59 1.66 1.75 1.81 1.84 1.88 1.81 1.75 1.78 1.88 1.97 1.69 0.84 0.31 0.06 -0.12 -0.22 -0.28 -0.38 -0.47 -0.56 -0.62 -0.72 -0.81 -0.88 -0.97 -1.03 -1.09 -1.12 -1.19 -1.22 -1.25 -1.25 -1.28 -1.28 -1.25 -1.25 -1.22 -1.19 -1.16 -1.09 -1.00 -0.91 -0.78 -0.66 -0.50 -0.31 -0.09 0.12 0.31 0.50 0.66
1.09 1.06 1.00 0.97 0.91 0.84 0.81 0.75 0.72 0.72 0.69 0.69 0.72 0.72 0.75 0.78 0.81 0.88 1.03 1.25 1.34 1.44 1.50 1.56 1.62 1.69 1.75 1.81 1.84 1.78 1.72 1.72 1.84 1.88 1.34 0.78 0.34 0.03 -0.19 -0.34 -0.47 -0.56 -0.66 -0.75 -0.84 -0.94 -1.03 -1.09 -1.19 -1.25 -1.31 -1.34 -1.41 -1.44 -1.47 -1.47 -1.50 -1.50 -1.47 -1.47 -1.44 -1.41 -1.34 -1.28 -1.19 -1.09 -0.97 -0.84 -0.69 -0.50 -0.31 -0.12 0.06 0.25 0.41
