arlandasctiles/Tile5,0.asc
ncols 128
nrows 128
xllcorner 0
yllcorner 0
cellsize 2.0
NODATA_value  -9999
[rows 29 to 57 of 128, columns 0 to 66 of 128]
-115.34 -115.34 -115.31 -115.31 -115.47 -115.47 -115.44 -115.41 -115.38 -115.34 -115.31 -115.31 -115.28 -115.25 -115.22 -115.19 -115.19 -115.16 -115.12 -115.12 -115.09 -115.06 -115.06 -115.03 -115.00 -115.00 -114.97 -114.94 -114.94 -114.91 -114.88 -114.88 -114.84 -114.84 -114.81 -114.78 -114.78 -114.75 -114.75 -114.72 -114.72 -114.69 -114.69 -114.66 -114.66 -114.66 -114.62 -114.62 -114.59 -114.56 -114.56 -114.53 -114.50 -114.47 -114.44 -114.38 -114.34 -114.31 -114.28 -114.22 -114.19 -114.16 -114.12 -114.06 -114.03 -114.00 -113.94
-115.50 -115.47 -115.47 -115.66 -115.62 -115.59 -115.56 -115.53 -115.50 -115.47 -115.44 -115.41 -115.38 -115.38 -115.34 -115.31 -115.28 -115.25 -115.25 -115.22 -115.19 -115.16 -115.16 -115.12 -115.09 -115.09 -115.06 -115.03 -115.03 -115.00 -114.97 -114.94 -114.94 -114.91 -114.88 -114.88 -114.84 -114.81 -114.81 -114.78 -114.75 -114.75 -114.72 -114.72 -114.69 -114.69 -114.66 -114.66 -114.62 -114.59 -114.56 -114.56 -114.53 -114.50 -114.47 -114.44 -114.41 -114.34 -114.31 -114.28 -114.25 -114.19 -114.16 -114.12 -114.09 -114.03 -114.00
-115.66 -115.62 -115.81 -115.78 -115.75 -115.72 -115.69 -115.66 -115.62 -115.59 -115.56 -115.53 -115.50 -115.47 -115.44 -115.41 -115.41 -115.38 -115.34 -115.31 -115.28 -115.28 -115.25 -115.22 -115.19 -115.19 -115.16 -115.12 -115.09 -115.09 -115.06 -115.03 -115.00 -115.00 -114.97 -114.94 -114.91 -114.88 -114.88 -114.84 -114.81 -114.81 -114.78 -114.75 -114.72 -114.72 -114.69 -114.66 -114.66 -114.62 -114.59 -114.56 -114.56 -114.53 -114.50 -114.47 -114.44 -114.41 -114.38 -114.31 -114.28 -114.25 -114.22 -114.16 -114.12 -114.09 -114.03
-115.78 -115.97 -115.94 -115.91 -115.88 -115.84 -115.81 -115.78 -115.75 -115.72 -115.69 -115.66 -115.62 -115.59 -115.56 -115.53 -115.50 -115.47 -115.44 -115.44 -115.41 -115.38 -115.34 -115.31 -115.28 -115.28 -115.25 -115.22 -115.19 -115.19 -115.16 -115.12 -115.09 -115.06 -115.03 -115.00 -115.00 -114.97 -114.94 -114.91 -114.88 -114.84 -114.81 -114.81 -114.78 -114.75 -114.72 -114.69 -114.69 -114.66 -114.62 -114.59 -114.56 -114.56 -114.53 -114.50 -114.47 -114.44 -114.41 -114.38 -114.34 -114.28 -114.25 -114.22 -114.19 -114.12 -114.09
-116.12 -116.09 -116.06 -116.03 -116.00 -115.97 -115.94 -115.91 -115.84 -115.81 -115.78 -115.75 -115.72 -115.69 -115.66 -115.66 -115.62 -115.59 -115.56 -115.53 -115.50 -115.47 -115.44 -115.41 -115.41 -115.38 -115.34 -115.31 -115.28 -115.25 -115.25 -115.22 -115.19 -115.16 -115.12 -115.09 -115.06 -115.03 -115.00 -114.97 -114.94 -114.91 -114.88 -114.84 -114.81 -114.78 -114.75 -114.72 -114.69 -114.69 -114.66 -114.62 -114.59 -114.56 -114.56 -114.53 -114.50 -114.47 -114.44 -114.41 -114.38 -114.34 -114.31 -114.25 -114.22 -114.19 -114.12
-116.28 -116.22 -116.19 -116.16 -116.12 -116.09 -116.06 -116.00 -115.97 -115.94 -115.91 -115.88 -115.84 -115.81 -115.78 -115.75 -115.72 -115.69 -115.66 -115.62 -115.59 -115.56 -115.56 -115.53 -115.50 -115.47 -115.44 -115.41 -115.38 -115.34 -115.31 -115.31 -115.28 -115.25 -115.22 -115.19 -115.12 -115.09 -115.06 -115.03 -115.00 -114.97 -114.94 -114.91 -114.88 -114.84 -114.81 -114.78 -114.75 -114.72 -114.69 -114.66 -114.62 -114.59 -114.56 -114.56 -114.53 -114.50 -114.47 -114.44 -114.41 -114.38 -114.34 -114.31 -114.25 -114.22 -114.19
-116.41 -116.38 -116.31 -116.28 -116.25 -116.22 -116.16 -116.12 -116.09 -116.06 -116.03 -116.00 -115.97 -115.94 -115.91 -115.88 -115.84 -115.81 -115.78 -115.75 -115.72 -115.69 -115.66 -115.62 -115.59 -115.56 -115.53 -115.50 -115.47 -115.44 -115.41 -115.38 -115.34 -115.31 -115.28 -115.25 -115.22 -115.19 -115.16 -115.09 -115.06 -115.03 -115.00 -114.97 -114.91 -114.88 -114.84 -114.81 -114.78 -114.75 -114.72 -114.69 -114.66 -114.62 -114.59 -114.56 -114.56 -114.53 -114.50 -114.47 -114.44 -114.41 -114.38 -114.34 -114.31 -114.28 -114.22
-116.53 -116.50 -116.44 -116.41 -116.38 -116.34 -116.28 -116.25 -116.22 -116.19 -116.16 -116.12 -116.06 -116.03 -116.00 -115.97 -115.94 -115.91 -115.88 -115.84 -115.81 -115.78 -115.75 -115.72 -115.69 -115.66 -115.62 -115.59 -115.56 -115.53 -115.50 -115.47 -115.44 -115.41 -115.38 -115.34 -115.31 -115.25 -115.22 -115.19 -115.12 -115.09 -115.06 -115.00 -114.97 -114.94 -114.91 -114.84 -114.81 -114.78 -114.75 -114.72 -114.69 -114.66 -114.62 -114.59 -114.59 -114.56 -114.53 -114.50 -114.47 -114.44 -114.41 -114.38 -114.34 -114.31 -114.28
-116.66 -116.62 -116.56 -116.53 -116.50 -116.44 -116.41 -116.38 -116.34 -116.31 -116.25 -116.22 -116.19 -116.16 -116.12 -116.09 -116.06 -116.03 -116.00 -115.97 -115.94 -115.91 -115.88 -115.84 -115.81 -115.78 -115.75 -115.69 -115.66 -115.62 -115.59 -115.56 -115.53 -115.50 -115.47 -115.41 -115.38 -115.34 -115.28 -115.25 -115.19 -115.16 -115.12 -115.06 -115.03 -114.97 -114.94 -114.91 -114.88 -114.84 -114.78 -114.75 -114.72 -114.69 -114.66 -114.62 -114.62 -114.59 -114.56 -114.53 -114.50 -114.47 -114.44 -114.41 -114.38 -114.34 -114.31
-116.78 -116.72 -116.69 -116.66 -116.59 -116.56 -116.53 -116.50 -116.44 -116.41 -116.38 -116.34 -116.31 -116.28 -116.25 -116.19 -116.16 -116.12 -116.09 -116.06 -116.03 -116.00 -115.97 -115.94 -115.91 -115.88 -115.84 -115.81 -115.75 -115.72 -115.69 -115.66 -115.62 -115.59 -115.53 -115.50 -115.47 -115.41 -115.38 -115.31 -115.28 -115.22 -115.19 -115.12 -115.09 -115.03 -115.00 -114.97 -114.91 -114.88 -114.84 -114.81 -114.78 -114.75 -114.72 -114.69 -114.66 -114.62 -114.59 -114.56 -114.53 -114.50 -114.47 -114.44 -114.41 -114.38 -114.34
-116.91 -116.84 -116.81 -116.78 -116.72 -116.69 -116.66 -116.59 -116.56 -116.53 -116.50 -116.44 -116.41 -116.38 -116.34 -116.31 -116.28 -116.25 -116.22 -116.16 -116.12 -116.09 -116.06 -116.03 -116.00 -115.97 -115.94 -115.91 -115.84 -115.81 -115.78 -115.75 -115.72 -115.66 -115.62 -115.59 -115.53 -115.50 -115.44 -115.41 -115.34 -115.28 -115.25 -115.19 -115.16 -115.09 -115.06 -115.00 -114.97 -114.94 -114.88 -114.84 -114.81 -114.78 -114.75 -114.72 -114.69 -114.66 -114.62 -114.59 -114.56 -114.53 -114.50 -114.47 -114.44 -114.41 -114.38
-117.03 -116.97 -116.94 -116.88 -116.84 -116.81 -116.75 -116.72 -116.69 -116.62 -116.59 -116.56 -116.53 -116.47 -116.44 -116.41 -116.38 -116.34 -116.31 -116.28 -116.25 -116.19 -116.16 -116.12 -116.09 -116.06 -116.03 -115.97 -115.94 -115.91 -115.88 -115.81 -115.78 -115.75 -115.69 -115.66 -115.59 -115.56 -115.50 -115.47 -115.41 -115.34 -115.31 -115.25 -115.19 -115.16 -115.09 -115.06 -115.03 -114.97 -114.94 -114.91 -114.88 -114.81 -114.78 -114.75 -114.72 -114.69 -114.66 -114.62 -114.59 -114.56 -114.53 -114.50 -114.47 -114.44 -114.41
-117.12 -117.09 -117.03 -117.00 -116.94 -116.91 -116.88 -116.81 -116.78 -116.75 -116.69 -116.66 -116.62 -116.59 -116.56 -116.50 -116.47 -116.44 -116.41 -116.38 -116.34 -116.28 -116.25 -116.22 -116.19 -116.16 -116.12 -116.06 -116.03 -116.00 -115.94 -115.91 -115.88 -115.81 -115.78 -115.72 -115.69 -115.62 -115.56 -115.53 -115.47 -115.41 -115.38 -115.31 -115.25 -115.22 -115.16 -115.12 -115.06 -115.03 -115.00 -114.94 -114.91 -114.88 -114.84 -114.81 -114.75 -114.72 -114.69 -114.66 -114.62 -114.59 -114.56 -114.53 -114.50 -114.47 -114.44
-117.25 -117.19 -117.16 -117.09 -117.06 -117.00 -116.97 -116.94 -116.88 -116.84 -116.81 -116.75 -116.72 -116.69 -116.66 -116.62 -116.56 -116.53 -116.50 -116.47 -116.44 -116.38 -116.34 -116.31 -116.28 -116.25 -116.19 -116.16 -116.12 -116.09 -116.03 -116.00 -115.94 -115.91 -115.84 -115.81 -115.75 -115.69 -115.66 -115.59 -115.53 -115.47 -115.44 -115.38 -115.31 -115.28 -115.22 -115.19 -115.12 -115.09 -115.03 -115.00 -114.97 -114.91 -114.88 -114.84 -114.81 -114.78 -114.75 -114.72 -114.69 -114.66 -114.62 -114.59 -114.56 -114.53 -114.50
-117.34 -117.31 -117.25 -117.22 -117.16 -117.12 -117.06 -117.03 -117.00 -116.94 -116.91 -116.88 -116.81 -116.78 -116.75 -116.72 -116.66 -116.62 -116.59 -116.56 -116.53 -116.47 -116.44 -116.41 -116.38 -116.31 -116.28 -116.25 -116.22 -116.16 -116.12 -116.06 -116.03 -115.97 -115.94 -115.88 -115.81 -115.75 -115.72 -115.66 -115.59 -115.53 -115.50 -115.44 -115.38 -115.34 -115.28 -115.25 -115.19 -115.16 -115.09 -115.06 -115.00 -114.97 -114.94 -114.91 -114.84 -114.81 -114.78 -114.75 -114.72 -114.69 -114.66 -114.62 -114.59 -114.56 -114.53
-117.47 -117.41 -117.34 -117.31 -117.28 -117.22 -117.19 -117.12 -117.09 -117.03 -117.00 -116.97 -116.94 -116.88 -116.84 -116.81 -116.75 -116.72 -116.69 -116.66 -116.59 -116.56 -116.53 -116.50 -116.44 -116.41 -116.38 -116.34 -116.28 -116.25 -116.19 -116.16 -116.09 -116.03 -116.00 -115.94 -115.88 -115.81 -115.78 -115.72 -115.66 -115.59 -115.56 -115.50 -115.44 -115.41 -115.34 -115.28 -115.25 -115.19 -115.16 -115.09 -115.06 -115.03 -114.97 -114.94 -114.91 -114.88 -114.84 -114.78 -114.75 -114.72 -114.69 -114.66 -114.62 -114.59 -114.56
-117.56 -117.50 -117.47 -117.41 -117.38 -117.31 -117.28 -117.22 -117.19 -117.16 -117.09 -117.06 -117.03 -116.97 -116.94 -116.91 -116.84 -116.81 -116.78 -116.75 -116.69 -116.66 -116.62 -116.59 -116.53 -116.50 -116.44 -116.41 -116.38 -116.31 -116.28 -116.22 -116.16 -116.12 -116.06 -116.00 -115.94 -115.91 -115.84 -115.78 -115.72 -115.66 -115.62 -115.56 -115.50 -115.47 -115.41 -115.34 -115.31 -115.25 -115.22 -115.16 -115.12 -115.06 -115.03 -115.00 -114.94 -114.91 -114.88 -114.84 -114.81 -114.78 -114.75 -114.72 -114.69 -114.66 -114.59
-117.66 -117.62 -117.56 -117.53 -117.47 -117.44 -117.38 -117.34 -117.28 -117.25 -117.19 -117.16 -117.12 -117.06 -117.03 -117.00 -116.94 -116.91 -116.88 -116.81 -116.78 -116.75 -116.72 -116.66 -116.62 -116.59 -116.53 -116.50 -116.44 -116.41 -116.34 -116.28 -116.25 -116.19 -116.12 -116.06 -116.00 -115.97 -115.91 -115.84 -115.78 -115.72 -115.69 -115.62 -115.56 -115.50 -115.47 -115.41 -115.38 -115.31 -115.28 -115.22 -115.19 -115.12 -115.09 -115.03 -115.00 -114.97 -114.94 -114.88 -114.84 -114.81 -114.78 -114.75 -114.72 -114.69 -114.66
-117.78 -117.72 -117.66 -117.62 -117.56 -117.53 -117.47 -117.44 -117.38 -117.34 -117.28 -117.25 -117.22 -117.16 -117.12 -117.06 -117.03 -117.00 -116.97 -116.91 -116.88 -116.84 -116.78 -116.75 -116.72 -116.66 -116.62 -116.56 -116.53 -116.47 -116.41 -116.38 -116.31 -116.25 -116.19 -116.12 -116.09 -116.03 -115.97 -115.91 -115.84 -115.78 -115.72 -115.69 -115.62 -115.56 -115.53 -115.47 -115.41 -115.38 -115.31 -115.28 -115.22 -115.19 -115.16 -115.09 -115.06 -115.03 -114.97 -114.94 -114.91 -114.88 -114.84 -114.78 -114.75 -114.72 -114.69
-117.88 -117.81 -117.78 -117.72 -117.66 -117.62 -117.56 -117.53 -117.47 -117.44 -117.38 -117.34 -117.28 -117.25 -117.22 -117.16 -117.12 -117.09 -117.03 -117.00 -116.97 -116.91 -116.88 -116.84 -116.78 -116.75 -116.69 -116.66 -116.59 -116.53 -116.50 -116.44 -116.38 -116.31 -116.25 -116.19 -116.16 -116.09 -116.03 -115.97 -115.91 -115.84 -115.78 -115.75 -115.69 -115.62 -115.56 -115.53 -115.47 -115.44 -115.38 -115.34 -115.28 -115.25 -115.19 -115.16 -115.12 -115.06 -115.03 -115.00 -114.94 -114.91 -114.88 -114.84 -114.81 -114.78 -114.75
-117.97 -117.94 -117.88 -117.81 -117.78 -117.72 -117.66 -117.62 -117.56 -117.53 -117.47 -117.44 -117.38 -117.34 -117.31 -117.25 -117.22 -117.16 -117.12 -117.09 -117.03 -117.00 -116.94 -116.91 -116.88 -116.81 -116.78 -116.72 -116.66 -116.62 -116.56 -116.50 -116.44 -116.38 -116.31 -116.28 -116.22 -116.16 -116.09 -116.03 -115.97 -115.91 -115.84 -115.78 -115.75 -115.69 -115.62 -115.59 -115.53 -115.47 -115.44 -115.38 -115.34 -115.28 -115.25 -115.22 -115.16 -115.12 -115.09 -115.03 -115.00 -114.97 -114.94 -114.88 -114.84 -114.81 -114.78
-118.06 -118.03 -117.97 -117.91 -117.88 -117.81 -117.78 -117.72 -117.66 -117.62 -117.56 -117.53 -117.47 -117.44 -117.38 -117.34 -117.31 -117.25 -117.22 -117.16 -117.12 -117.06 -117.03 -117.00 -116.94 -116.91 -116.84 -116.78 -116.75 -116.69 -116.62 -116.56 -116.50 -116.44 -116.41 -116.34 -116.28 -116.22 -116.16 -116.09 -116.03 -115.97 -115.91 -115.84 -115.81 -115.75 -115.69 -115.62 -115.59 -115.53 -115.50 -115.44 -115.41 -115.34 -115.31 -115.25 -115.22 -115.19 -115.12 -115.09 -115.06 -115.00 -114.97 -114.94 -114.91 -114.88 -114.81
-118.19 -118.12 -118.06 -118.03 -117.97 -117.91 -117.88 -117.81 -117.75 -117.72 -117.66 -117.62 -117.56 -117.53 -117.47 -117.44 -117.38 -117.34 -117.28 -117.25 -117.19 -117.16 -117.09 -117.06 -117.00 -116.97 -116.91 -116.88 -116.81 -116.75 -116.69 -116.62 -116.56 -116.50 -116.47 -116.41 -116.34 -116.28 -116.22 -116.16 -116.09 -116.03 -115.97 -115.91 -115.84 -115.81 -115.75 -115.69 -115.66 -115.59 -115.53 -115.50 -115.44 -115.41 -115.38 -115.31 -115.28 -115.22 -115.19 -115.16 -115.09 -115.06 -115.03 -115.00 -114.94 -114.91 -114.88
-118.28 -118.22 -118.16 -118.12 -118.06 -118.00 -117.97 -117.91 -117.84 -117.81 -117.75 -117.72 -117.66 -117.62 -117.56 -117.53 -117.47 -117.44 -117.38 -117.34 -117.28 -117.22 -117.19 -117.12 -117.09 -117.03 -116.97 -116.94 -116.88 -116.81 -116.75 -116.69 -116.62 -116.59 -116.53 -116.47 -116.41 -116.34 -116.28 -116.22 -116.16 -116.09 -116.03 -115.97 -115.91 -115.84 -115.81 -115.75 -115.69 -115.66 -115.59 -115.56 -115.50 -115.47 -115.41 -115.38 -115.31 -115.28 -115.25 -115.19 -115.16 -115.12 -115.06 -115.03 -115.00 -114.97 -114.91
-118.38 -118.31 -118.28 -118.22 -118.16 -118.09 -118.06 -118.00 -117.94 -117.91 -117.84 -117.81 -117.75 -117.72 -117.66 -117.59 -117.56 -117.50 -117.47 -117.41 -117.38 -117.31 -117.25 -117.22 -117.16 -117.09 -117.06 -117.00 -116.94 -116.88 -116.81 -116.75 -116.69 -116.66 -116.59 -116.53 -116.47 -116.41 -116.34 -116.28 -116.22 -116.16 -116.09 -116.03 -115.97 -115.91 -115.84 -115.81 -115.75 -115.69 -115.66 -115.59 -115.56 -115.50 -115.47 -115.44 -115.38 -115.34 -115.28 -115.25 -115.22 -115.16 -115.12 -115.09 -115.03 -115.00 -114.97
-118.47 -118.41 -118.38 -118.31 -118.25 -118.19 -118.16 -118.09 -118.03 -118.00 -117.94 -117.91 -117.84 -117.78 -117.75 -117.69 -117.66 -117.59 -117.53 -117.50 -117.44 -117.38 -117.34 -117.28 -117.22 -117.16 -117.12 -117.06 -117.00 -116.94 -116.88 -116.81 -116.75 -116.69 -116.62 -116.56 -116.50 -116.44 -116.38 -116.31 -116.28 -116.22 -116.16 -116.09 -116.03 -115.97 -115.91 -115.84 -115.81 -115.75 -115.69 -115.66 -115.59 -115.56 -115.53 -115.47 -115.44 -115.38 -115.34 -115.31 -115.25 -115.22 -115.19 -115.12 -115.09 -115.06 -115.00
-118.56 -118.53 -118.47 -118.41 -118.34 -118.31 -118.25 -118.19 -118.12 -118.09 -118.03 -117.97 -117.94 -117.88 -117.84 -117.78 -117.72 -117.69 -117.62 -117.56 -117.53 -117.47 -117.41 -117.34 -117.28 -117.25 -117.19 -117.12 -117.06 -117.00 -116.94 -116.88 -116.81 -116.75 -116.69 -116.62 -116.56 -116.50 -116.44 -116.38 -116.31 -116.25 -116.19 -116.12 -116.09 -116.03 -115.97 -115.91 -115.84 -115.81 -115.75 -115.69 -115.66 -115.62 -115.56 -115.53 -115.47 -115.44 -115.41 -115.34 -115.31 -115.25 -115.22 -115.19 -115.12 -115.09 -115.06
-118.66 -118.62 -118.56 -118.50 -118.44 -118.38 -118.34 -118.28 -118.22 -118.19 -118.12 -118.06 -118.03 -117.97 -117.91 -117.88 -117.81 -117.75 -117.72 -117.66 -117.59 -117.53 -117.47 -117.44 -117.38 -117.31 -117.25 -117.19 -117.12 -117.06 -117.00 -116.94 -116.88 -116.81 -116.75 -116.69 -116.62 -116.56 -116.50 -116.44 -116.38 -116.31 -116.25 -116.19 -116.12 -116.06 -116.00 -115.97 -115.91 -115.84 -115.81 -115.75 -115.69 -115.66 -115.62 -115.56 -115.53 -115.47 -115.44 -115.41 -115.34 -115.31 -115.28 -115.22 -115.19 -115.16 -115.09
-118.75 -118.72 -118.66 -118.59 -118.53 -118.47 -118.44 -118.38 -118.31 -118.28 -118.22 -118.16 -118.09 -118.06 -118.00 -117.94 -117.91 -117.84 -117.78 -117.72 -117.69 -117.62 -117.56 -117.50 -117.44 -117.38 -117.31 -117.25 -117.19 -117.12 -117.06 -117.00 -116.94 -116.88 -116.81 -116.75 -116.69 -116.62 -116.56 -116.50 -116.44 -116.38 -116.31 -116.25 -116.19 -116.12 -116.06 -116.00 -115.94 -115.91 -115.84 -115.81 -115.75 -115.69 -115.66 -115.62 -115.56 -115.53 -115.47 -115.44 -115.41 -115.34 -115.31 -115.28 -115.22 -115.19 -115.16
