arlandasctiles/Tile[10,7].asc
ncols 128
nrows 128
xllcorner 0
yllcorner 0
cellsize 2.0
NODATA_value  -9999
[rows 68 to 101 of 128, columns 0 to 76 of 128]
93.00 92.94 92.81 92.53 92.16 91.94 91.69 91.44 91.47 91.88 92.28 92.28 92.12 91.94 91.72 91.53 91.34 91.12 90.88 90.62 90.31 90.03 89.75 89.47 89.16 88.84 88.56 88.25 87.94 87.62 87.31 86.97 86.66 86.34 86.00 85.69 85.34 85.00 84.66 84.31 83.97 83.62 83.16 81.81 80.97 80.88 80.84 80.81 80.78 80.47 79.88 79.50 79.16 78.81 78.53 78.25 78.06 78.09 78.34 78.31 78.28 78.25 78.25 78.22 78.19 78.16 77.34 76.09 75.81 75.56 75.31 75.06 74.81 74.53 74.25 73.97 73.66
93.22 93.09 92.97 92.84 92.56 92.28 91.94 91.81 91.97 92.31 92.44 92.34 92.12 91.94 91.72 91.53 91.31 91.12 90.88 90.62 90.38 90.06 89.78 89.50 89.19 88.88 88.56 88.25 87.94 87.62 87.31 86.97 86.66 86.34 86.00 85.69 85.34 85.00 84.69 84.34 84.00 83.62 83.25 82.53 81.22 80.81 80.78 80.75 80.69 80.59 80.19 79.72 79.38 79.06 78.78 78.56 78.34 78.38 78.44 78.41 78.38 78.34 78.31 78.28 78.28 78.19 76.78 76.00 75.75 75.50 75.28 75.03 74.78 74.53 74.28 74.00 73.69
93.38 93.25 93.19 93.22 93.09 92.84 92.59 92.53 92.59 92.62 92.50 92.28 92.09 91.88 91.69 91.44 91.28 91.03 90.78 90.62 90.38 90.09 89.81 89.53 89.22 88.91 88.59 88.28 87.94 87.62 87.31 87.00 86.66 86.34 86.00 85.69 85.34 85.00 84.69 84.34 84.00 83.66 83.28 82.88 81.75 80.78 80.72 80.66 80.62 80.59 80.38 79.91 79.62 79.34 79.06 78.84 78.62 78.53 78.53 78.50 78.47 78.44 78.41 78.38 78.34 78.03 76.31 75.97 75.72 75.47 75.25 75.03 74.78 74.53 74.28 74.00 73.72
93.56 93.44 93.38 93.38 93.38 93.31 93.12 92.97 92.78 92.53 92.38 92.19 91.97 91.78 91.53 91.38 91.12 90.94 90.72 90.53 90.31 90.00 89.78 89.53 89.25 88.94 88.62 88.28 87.97 87.62 87.31 87.00 86.69 86.34 86.03 85.69 85.34 85.03 84.69 84.34 84.00 83.66 83.31 82.91 82.31 81.09 80.62 80.59 80.56 80.50 80.44 80.12 79.78 79.56 79.34 79.12 78.81 78.62 78.59 78.56 78.56 78.53 78.50 78.47 78.44 77.66 76.22 75.94 75.69 75.47 75.25 75.00 74.78 74.56 74.31 74.03 73.72
93.66 93.53 93.47 93.44 93.44 93.28 93.06 92.88 92.69 92.47 92.28 92.06 91.88 91.62 91.44 91.22 91.03 90.84 90.62 90.44 90.22 89.97 89.75 89.44 89.22 88.91 88.56 88.28 87.97 87.66 87.31 87.00 86.69 86.38 86.03 85.69 85.34 85.03 84.69 84.34 84.00 83.66 83.31 82.94 82.56 81.56 80.62 80.53 80.47 80.44 80.41 80.28 79.94 79.69 79.47 79.28 78.84 78.72 78.69 78.66 78.62 78.59 78.59 78.56 78.47 77.09 76.19 75.91 75.66 75.44 75.22 75.00 74.78 74.56 74.31 74.03 73.75
93.78 93.62 93.50 93.47 93.31 93.12 92.97 92.72 92.56 92.38 92.12 91.97 91.78 91.56 91.38 91.12 90.97 90.78 90.53 90.38 90.12 89.94 89.66 89.41 89.12 88.84 88.53 88.25 87.91 87.62 87.34 87.03 86.72 86.38 86.03 85.69 85.34 85.03 84.69 84.34 84.00 83.66 83.31 82.97 82.56 82.03 80.94 80.44 80.41 80.38 80.31 80.28 80.06 79.78 79.56 79.31 78.88 78.81 78.78 78.75 78.72 78.69 78.66 78.62 78.38 76.62 76.19 75.91 75.69 75.44 75.25 75.03 74.81 74.56 74.31 74.03 73.75
93.88 93.66 93.50 93.34 93.19 93.00 92.81 92.59 92.41 92.22 92.00 91.81 91.62 91.41 91.22 91.03 90.81 90.62 90.44 90.28 90.03 89.81 89.56 89.34 89.03 88.81 88.53 88.25 87.94 87.66 87.38 87.09 86.75 86.41 86.06 85.72 85.38 85.03 84.69 84.34 84.00 83.66 83.31 82.97 82.59 82.19 81.41 80.47 80.34 80.31 80.25 80.22 80.16 79.84 79.62 79.25 78.94 78.88 78.88 78.84 78.81 78.78 78.75 78.72 78.03 76.50 76.19 75.94 75.69 75.47 75.25 75.03 74.81 74.59 74.31 74.03 73.75
93.72 93.56 93.38 93.16 92.97 92.84 92.66 92.50 92.28 92.16 91.97 91.75 91.53 91.31 91.12 90.91 90.72 90.53 90.38 90.12 89.94 89.72 89.47 89.25 89.00 88.78 88.50 88.22 87.94 87.62 87.41 87.19 86.81 86.44 86.09 85.72 85.38 85.00 84.66 84.31 83.97 83.66 83.31 82.97 82.62 82.25 81.84 80.81 80.28 80.25 80.22 80.19 80.16 79.97 79.66 79.19 79.00 78.97 78.94 78.91 78.91 78.88 78.84 78.78 77.53 76.53 76.22 75.97 75.72 75.50 75.28 75.06 74.84 74.59 74.31 74.03 73.75
93.66 93.41 93.22 93.09 92.88 92.78 92.66 92.53 92.44 92.19 91.97 91.78 91.53 91.28 91.03 90.81 90.62 90.44 90.28 90.03 89.84 89.62 89.41 89.16 88.94 88.72 88.41 88.19 87.91 87.66 87.38 87.16 86.88 86.50 86.09 85.72 85.34 85.00 84.66 84.31 83.97 83.62 83.31 82.97 82.66 82.31 82.00 81.31 80.38 80.19 80.16 80.12 80.09 80.03 79.72 79.16 79.09 79.06 79.03 79.00 78.97 78.94 78.94 78.72 77.09 76.56 76.28 76.03 75.78 75.56 75.34 75.09 74.88 74.59 74.31 74.03 73.72
93.47 93.34 93.25 93.16 93.06 92.94 92.81 92.69 92.53 92.31 92.12 91.84 91.56 91.28 91.03 90.78 90.59 90.34 90.19 90.00 89.78 89.59 89.38 89.09 88.84 88.62 88.38 88.09 87.88 87.59 87.34 87.06 86.81 86.47 86.09 85.69 85.31 84.97 84.62 84.28 83.97 83.62 83.28 82.97 82.66 82.34 82.06 81.69 80.72 80.12 80.09 80.06 80.03 79.91 79.62 79.22 79.19 79.16 79.12 79.09 79.06 79.03 79.00 78.47 76.97 76.62 76.34 76.09 75.84 75.62 75.38 75.12 74.88 74.59 74.31 74.00 73.69
93.47 93.38 93.34 93.28 93.22 93.19 93.12 92.97 92.72 92.44 92.19 91.91 91.59 91.31 91.03 90.72 90.50 90.31 90.16 89.97 89.75 89.53 89.28 89.06 88.81 88.59 88.31 88.09 87.78 87.56 87.34 87.03 86.72 86.41 86.03 85.66 85.28 84.94 84.59 84.25 83.94 83.59 83.28 82.97 82.66 82.38 82.09 81.75 81.09 80.25 80.03 80.03 79.97 79.84 79.53 79.28 79.25 79.22 79.22 79.19 79.16 79.12 79.06 78.06 77.03 76.72 76.44 76.16 75.94 75.69 75.44 75.16 74.88 74.56 74.28 73.97 73.66
93.44 93.44 93.41 93.38 93.38 93.34 93.25 93.03 92.78 92.44 92.12 91.81 91.62 91.31 91.00 90.72 90.50 90.31 90.12 89.91 89.69 89.50 89.25 89.03 88.81 88.53 88.28 88.00 87.75 87.50 87.25 86.94 86.66 86.31 85.97 85.59 85.25 84.91 84.56 84.22 83.91 83.56 83.25 82.94 82.62 82.34 82.09 81.75 81.22 80.47 80.03 80.00 79.94 79.81 79.53 79.38 79.34 79.31 79.28 79.28 79.25 79.22 79.06 77.69 77.12 76.81 76.53 76.25 76.00 75.72 75.44 75.16 74.84 74.53 74.22 73.91 73.59
93.41 93.44 93.41 93.38 93.31 93.31 93.22 93.06 92.78 92.41 92.09 91.81 91.50 91.28 90.94 90.62 90.41 90.22 90.06 89.88 89.66 89.41 89.19 88.94 88.72 88.50 88.22 87.94 87.69 87.41 87.12 86.84 86.56 86.25 85.91 85.56 85.22 84.88 84.53 84.19 83.84 83.53 83.19 82.91 82.59 82.31 82.06 81.62 81.09 80.59 80.12 80.00 79.94 79.81 79.56 79.47 79.44 79.41 79.38 79.34 79.31 79.31 78.94 77.53 77.12 76.81 76.50 76.25 76.00 75.75 75.44 75.12 74.81 74.50 74.19 73.88 73.56
93.41 93.34 93.28 93.28 93.25 93.22 93.16 93.03 92.69 92.38 92.06 91.75 91.47 91.22 90.88 90.59 90.31 90.16 89.97 89.78 89.56 89.34 89.09 88.88 88.62 88.38 88.12 87.84 87.59 87.31 87.03 86.75 86.47 86.16 85.84 85.50 85.16 84.81 84.47 84.12 83.81 83.47 83.16 82.81 82.53 82.25 81.91 81.44 80.88 80.41 80.19 80.00 79.97 79.81 79.59 79.53 79.53 79.50 79.47 79.44 79.41 79.38 78.66 77.50 77.09 76.75 76.47 76.22 75.97 75.69 75.38 75.06 74.75 74.44 74.12 73.81 73.50
93.41 93.25 93.19 93.16 93.12 93.09 93.06 92.91 92.69 92.31 91.94 91.69 91.38 91.06 90.72 90.47 90.22 90.03 89.84 89.62 89.41 89.19 88.97 88.75 88.53 88.28 88.03 87.75 87.50 87.22 86.94 86.66 86.38 86.06 85.75 85.44 85.09 84.75 84.41 84.06 83.75 83.41 83.06 82.75 82.41 82.06 81.69 81.22 80.69 80.19 80.09 80.00 79.97 79.81 79.66 79.62 79.59 79.59 79.56 79.53 79.50 79.44 78.31 77.50 77.06 76.69 76.41 76.16 75.88 75.59 75.28 74.97 74.69 74.38 74.06 73.75 73.44
93.31 93.12 93.03 93.03 92.94 92.94 92.84 92.66 92.31 91.88 91.50 91.22 90.94 90.62 90.44 90.19 89.97 89.78 89.62 89.41 89.19 89.00 88.75 88.53 88.34 88.16 87.91 87.66 87.38 87.12 86.84 86.56 86.28 85.97 85.66 85.34 85.03 84.69 84.34 84.00 83.66 83.31 82.97 82.62 82.25 81.88 81.47 81.03 80.56 80.03 80.00 79.97 79.94 79.81 79.75 79.72 79.69 79.66 79.66 79.62 79.59 79.38 78.06 77.50 77.06 76.69 76.38 76.09 75.78 75.50 75.22 74.91 74.62 74.34 74.03 73.72 73.41
93.09 92.88 92.66 92.53 92.34 92.12 91.91 91.66 91.41 91.16 91.00 90.81 90.66 90.47 90.31 90.12 89.97 89.78 89.59 89.38 89.16 88.97 88.72 88.50 88.25 88.06 87.81 87.56 87.28 87.03 86.75 86.47 86.19 85.88 85.59 85.28 84.94 84.62 84.28 83.94 83.59 83.25 82.88 82.53 82.16 81.75 81.38 80.97 80.53 80.03 80.00 79.97 79.91 79.88 79.84 79.81 79.78 79.75 79.72 79.72 79.69 79.25 78.09 77.56 77.12 76.75 76.41 76.06 75.75 75.44 75.16 74.88 74.59 74.31 74.00 73.69 73.38
92.50 92.28 92.09 91.94 91.78 91.66 91.53 91.41 91.28 91.12 91.00 90.84 90.66 90.50 90.34 90.16 89.97 89.78 89.59 89.38 89.16 88.94 88.72 88.47 88.25 88.00 87.72 87.47 87.22 86.94 86.66 86.38 86.09 85.78 85.50 85.19 84.88 84.56 84.22 83.88 83.53 83.19 82.81 82.47 82.09 81.72 81.34 80.94 80.53 80.06 80.03 80.00 79.97 79.94 79.91 79.91 79.88 79.84 79.81 79.78 79.75 79.09 78.22 77.69 77.25 76.88 76.50 76.12 75.78 75.47 75.19 74.88 74.59 74.31 74.00 73.69 73.38
92.34 92.19 92.03 91.91 91.78 91.66 91.56 91.44 91.28 91.16 91.00 90.84 90.69 90.53 90.34 90.16 90.00 89.81 89.59 89.38 89.16 88.94 88.69 88.47 88.22 87.91 87.62 87.38 87.12 86.84 86.56 86.28 86.00 85.72 85.41 85.09 84.78 84.47 84.16 83.81 83.47 83.12 82.78 82.41 82.06 81.69 81.31 80.91 80.53 80.12 80.06 80.03 80.03 80.00 80.00 79.97 79.97 79.94 79.91 79.88 79.81 79.00 78.38 77.84 77.41 77.03 76.62 76.25 75.88 75.56 75.25 74.94 74.62 74.31 74.00 73.69 73.34
92.34 92.22 92.06 91.94 91.81 91.69 91.56 91.44 91.31 91.19 91.03 90.88 90.69 90.53 90.38 90.19 90.00 89.81 89.59 89.38 89.16 88.91 88.69 88.44 88.12 87.81 87.56 87.28 87.03 86.78 86.50 86.22 85.94 85.62 85.34 85.03 84.72 84.41 84.06 83.75 83.41 83.06 82.72 82.38 82.00 81.66 81.28 80.91 80.53 80.19 80.09 80.09 80.09 80.06 80.06 80.03 80.03 80.03 80.00 79.97 79.81 79.03 78.53 78.03 77.59 77.19 76.78 76.41 76.03 75.66 75.34 75.00 74.69 74.34 74.03 73.69 73.34
92.38 92.22 92.09 91.94 91.81 91.72 91.59 91.44 91.31 91.16 91.00 90.84 90.69 90.53 90.38 90.19 90.00 89.78 89.53 89.28 89.03 88.78 88.53 88.28 88.00 87.75 87.47 87.22 86.97 86.69 86.44 86.16 85.88 85.56 85.28 84.97 84.66 84.31 84.00 83.69 83.34 83.00 82.66 82.31 81.97 81.59 81.25 80.91 80.56 80.28 80.16 80.16 80.16 80.12 80.12 80.09 80.09 80.09 80.06 80.06 79.78 79.12 78.66 78.22 77.78 77.34 76.94 76.53 76.16 75.78 75.44 75.09 74.72 74.38 74.03 73.69 73.34
92.38 92.22 92.03 91.84 91.66 91.47 91.28 91.12 91.00 90.91 90.81 90.72 90.62 90.50 90.38 90.22 90.03 89.81 89.56 89.28 89.00 88.72 88.44 88.19 87.94 87.69 87.41 87.16 86.91 86.62 86.34 86.09 85.81 85.53 85.22 84.91 84.59 84.25 83.94 83.62 83.31 82.97 82.62 82.28 81.91 81.56 81.22 80.88 80.56 80.31 80.19 80.19 80.19 80.19 80.19 80.16 80.16 80.16 80.12 80.12 79.69 79.16 78.75 78.34 77.91 77.50 77.09 76.69 76.28 75.91 75.50 75.16 74.78 74.41 74.03 73.69 73.31
91.78 91.62 91.47 91.28 91.09 90.91 90.81 90.75 90.72 90.69 90.69 90.62 90.59 90.50 90.41 90.25 90.09 89.94 89.66 89.31 89.00 88.69 88.41 88.12 87.88 87.62 87.34 87.09 86.84 86.56 86.31 86.03 85.75 85.47 85.19 84.91 84.59 84.28 83.97 83.62 83.28 82.97 82.59 82.25 81.88 81.53 81.19 80.84 80.56 80.34 80.22 80.22 80.25 80.25 80.25 80.22 80.22 80.22 80.19 80.16 79.56 79.19 78.81 78.44 78.03 77.59 77.19 76.78 76.38 75.97 75.56 75.19 74.78 74.41 74.03 73.66 73.28
91.22 91.19 91.12 91.03 90.88 90.75 90.66 90.59 90.62 90.56 90.56 90.50 90.53 90.56 90.47 90.28 90.09 89.91 89.69 89.38 89.00 88.66 88.34 88.09 87.81 87.56 87.31 87.03 86.78 86.50 86.25 86.00 85.72 85.47 85.19 84.94 84.66 84.34 84.03 83.69 83.38 83.03 82.72 82.34 82.00 81.62 81.25 80.91 80.59 80.34 80.22 80.25 80.28 80.28 80.28 80.28 80.25 80.25 80.25 80.16 79.47 79.16 78.84 78.47 78.06 77.66 77.22 76.81 76.41 75.97 75.56 75.19 74.78 74.41 74.00 73.62 73.25
90.94 90.88 90.78 90.75 90.66 90.50 90.38 90.34 90.41 90.44 90.47 90.41 90.38 90.44 90.38 90.19 90.00 89.81 89.59 89.34 88.97 88.62 88.31 88.06 87.81 87.53 87.28 87.00 86.72 86.47 86.22 85.97 85.72 85.47 85.22 84.97 84.69 84.41 84.12 83.84 83.56 83.28 82.94 82.62 82.28 81.84 81.38 80.97 80.62 80.38 80.25 80.28 80.28 80.28 80.28 80.28 80.28 80.28 80.28 80.12 79.44 79.16 78.81 78.47 78.06 77.62 77.19 76.78 76.34 75.94 75.53 75.12 74.72 74.34 73.97 73.56 73.19
90.56 90.47 90.38 90.28 90.19 90.03 89.94 89.94 90.00 89.91 89.88 89.81 89.81 89.81 89.75 89.59 89.50 89.31 89.25 89.09 88.84 88.53 88.25 88.03 87.81 87.56 87.31 87.06 86.78 86.53 86.25 86.00 85.69 85.44 85.19 84.94 84.66 84.44 84.25 84.03 83.78 83.50 83.19 82.94 82.59 82.09 81.47 80.97 80.62 80.44 80.34 80.31 80.31 80.31 80.31 80.31 80.28 80.28 80.28 80.03 79.41 79.12 78.78 78.44 78.00 77.56 77.16 76.72 76.28 75.88 75.47 75.06 74.66 74.28 73.88 73.50 73.12
90.41 90.28 90.19 90.09 89.97 89.88 89.78 89.78 89.66 89.44 89.16 89.06 89.09 89.12 89.00 88.88 88.72 88.62 88.47 88.31 88.16 87.94 87.75 87.56 87.34 87.12 86.91 86.72 86.56 86.41 86.25 86.00 85.75 85.50 85.25 85.00 84.75 84.62 84.44 84.22 83.97 83.66 83.41 83.16 82.81 82.31 81.69 81.16 80.94 80.81 80.59 80.31 80.31 80.31 80.31 80.31 80.31 80.31 80.31 79.97 79.38 79.09 78.75 78.34 77.94 77.50 77.06 76.66 76.22 75.81 75.38 75.00 74.59 74.19 73.81 73.41 73.03
90.28 90.19 90.06 89.97 89.88 89.75 89.69 89.66 89.47 89.31 89.16 89.06 88.97 88.91 88.78 88.66 88.50 88.31 88.16 87.94 87.72 87.50 87.28 87.09 86.91 86.69 86.50 86.38 86.22 86.09 85.94 85.75 85.59 85.41 85.12 84.84 84.62 84.50 84.34 84.16 83.94 83.72 83.53 83.31 83.09 82.84 82.44 81.81 81.50 81.19 80.72 80.34 80.34 80.34 80.34 80.31 80.31 80.31 80.31 79.88 79.38 79.06 78.69 78.28 77.84 77.44 77.00 76.56 76.16 75.72 75.31 74.91 74.50 74.12 73.72 73.34 72.97
90.19 90.09 89.97 89.88 89.78 89.69 89.59 89.50 89.38 89.25 89.09 88.97 88.88 88.78 88.66 88.50 88.34 88.16 87.97 87.78 87.56 87.38 87.16 86.97 86.75 86.53 86.34 86.19 86.06 85.91 85.75 85.56 85.34 85.12 84.84 84.59 84.38 84.19 84.00 83.81 83.72 83.59 83.50 83.38 83.28 83.25 83.00 82.53 82.00 81.50 80.75 80.34 80.34 80.34 80.34 80.34 80.34 80.34 80.31 79.78 79.34 79.00 78.62 78.19 77.75 77.31 76.91 76.47 76.06 75.66 75.22 74.81 74.44 74.03 73.66 73.25 72.88
90.12 90.00 89.91 89.81 89.69 89.59 89.53 89.41 89.28 89.16 89.03 88.91 88.78 88.66 88.53 88.38 88.22 88.06 87.84 87.66 87.47 87.28 87.06 86.84 86.62 86.44 86.22 86.03 85.88 85.72 85.56 85.38 85.12 84.91 84.66 84.44 84.22 84.03 83.88 83.72 83.59 83.47 83.38 83.28 83.19 83.03 82.81 82.53 82.16 81.69 80.72 80.38 80.38 80.38 80.38 80.34 80.34 80.34 80.31 79.69 79.28 78.91 78.50 78.06 77.66 77.22 76.81 76.41 75.97 75.56 75.16 74.75 74.34 73.97 73.56 73.19 72.78
90.03 89.94 89.84 89.75 89.62 89.53 89.44 89.31 89.22 89.09 88.97 88.84 88.72 88.59 88.44 88.28 88.12 87.94 87.75 87.56 87.38 87.19 86.97 86.75 86.53 86.31 86.09 85.88 85.69 85.50 85.31 85.09 84.84 84.62 84.41 84.19 83.97 83.78 83.66 83.53 83.41 83.31 83.19 83.09 83.00 82.84 82.62 82.38 82.06 81.69 80.69 80.38 80.38 80.38 80.38 80.38 80.38 80.38 80.28 79.59 79.19 78.81 78.41 78.00 77.59 77.19 76.75 76.34 75.91 75.50 75.06 74.66 74.25 73.88 73.47 73.09 72.72
89.97 89.88 89.78 89.69 89.56 89.47 89.38 89.25 89.12 89.03 88.91 88.78 88.66 88.50 88.38 88.22 88.03 87.88 87.69 87.47 87.28 87.09 86.88 86.66 86.44 86.22 86.00 85.78 85.53 85.31 85.09 84.84 84.62 84.41 84.19 83.97 83.78 83.59 83.44 83.34 83.25 83.12 83.03 82.94 82.81 82.66 82.50 82.25 81.94 81.59 80.66 80.41 80.41 80.41 80.41 80.38 80.38 80.38 80.25 79.50 79.12 78.72 78.34 77.94 77.53 77.12 76.72 76.28 75.88 75.44 75.00 74.59 74.19 73.78 73.41 73.00 72.62
89.81 89.75 89.66 89.59 89.50 89.38 89.28 89.19 89.06 88.97 88.84 88.72 88.59 88.44 88.31 88.12 87.97 87.78 87.59 87.41 87.22 87.03 86.81 86.59 86.38 86.16 85.91 85.69 85.47 85.22 84.97 84.75 84.53 84.31 84.09 83.88 83.69 83.50 83.34 83.19 83.06 82.97 82.88 82.75 82.62 82.50 82.34 82.12 81.84 81.47 80.59 80.41 80.41 80.41 80.41 80.41 80.41 80.41 80.22 79.44 79.06 78.69 78.28 77.88 77.50 77.09 76.66 76.25 75.84 75.41 74.94 74.53 74.12 73.72 73.31 72.94 72.53
89.69 89.62 89.56 89.47 89.38 89.31 89.22 89.12 89.00 88.91 88.78 88.69 88.53 88.41 88.25 88.09 87.91 87.75 87.56 87.34 87.16 86.94 86.75 86.53 86.31 86.06 85.84 85.59 85.38 85.12 84.91 84.66 84.44 84.22 84.00 83.78 83.59 83.41 83.22 83.06 82.94 82.81 82.69 82.59 82.47 82.34 82.19 82.00 81.75 81.38 80.53 80.41 80.41 80.41 80.41 80.41 80.41 80.41 80.12 79.44 79.06 78.66 78.28 77.88 77.47 77.09 76.66 76.25 75.81 75.38 74.91 74.50 74.06 73.66 73.25 72.84 72.47
