arlandasctiles/Tile11,3.asc
ncols 128
nrows 128
xllcorner 0
yllcorner 0
cellsize 2.0
NODATA_value  -9999
[rows 64 to 95 of 128, columns 0 to 72 of 128]
0.44 0.31 0.19 0.03 -0.16 -0.34 -0.56 -0.81 -1.03 -1.28 -1.56 -1.84 -2.12 -2.44 -2.75 -3.06 -3.41 -3.81 -4.19 -4.59 -5.06 -5.59 -6.16 -6.69 -7.00 -7.31 -7.59 -7.84 -8.06 -8.25 -8.44 -8.62 -8.75 -8.91 -9.03 -9.16 -9.28 -9.59 -9.69 -9.78 -9.88 -9.97 -10.06 -10.16 -10.25 -10.34 -10.44 -10.53 -10.62 -10.72 -10.81 -10.91 -10.97 -11.06 -11.12 -11.19 -11.28 -11.38 -11.44 -11.53 -11.59 -11.69 -11.75 -11.81 -11.88 -11.91 -11.97 -12.03 -12.09 -12.12 -12.19 -12.25 -12.31
0.34 0.22 0.09 -0.06 -0.25 -0.47 -0.69 -0.91 -1.16 -1.44 -1.72 -2.00 -2.28 -2.62 -2.94 -3.28 -3.66 -4.06 -4.47 -4.94 -5.41 -5.91 -6.47 -6.94 -7.19 -7.47 -7.72 -7.94 -8.16 -8.34 -8.50 -8.69 -8.81 -8.97 -9.09 -9.22 -9.50 -9.62 -9.72 -9.81 -9.91 -10.00 -10.09 -10.19 -10.28 -10.38 -10.47 -10.56 -10.66 -10.75 -10.84 -10.94 -11.00 -11.09 -11.16 -11.25 -11.31 -11.41 -11.47 -11.56 -11.66 -11.72 -11.81 -11.88 -11.91 -11.97 -12.03 -12.09 -12.12 -12.19 -12.25 -12.31 -12.38
0.28 0.16 0.00 -0.16 -0.38 -0.56 -0.78 -1.03 -1.28 -1.56 -1.88 -2.19 -2.50 -2.81 -3.16 -3.50 -3.91 -4.31 -4.75 -5.22 -5.69 -6.22 -6.69 -7.03 -7.31 -7.59 -7.81 -8.03 -8.22 -8.41 -8.56 -8.72 -8.88 -9.00 -9.12 -9.44 -9.53 -9.62 -9.72 -9.81 -9.94 -10.03 -10.12 -10.22 -10.31 -10.41 -10.50 -10.59 -10.69 -10.78 -10.88 -10.97 -11.03 -11.12 -11.19 -11.28 -11.34 -11.44 -11.53 -11.59 -11.69 -11.78 -11.84 -11.91 -11.97 -12.03 -12.09 -12.16 -12.19 -12.25 -12.31 -12.38 -12.44
0.19 0.06 -0.09 -0.25 -0.47 -0.66 -0.91 -1.16 -1.41 -1.69 -2.00 -2.34 -2.69 -3.03 -3.38 -3.75 -4.16 -4.59 -5.03 -5.53 -6.00 -6.44 -6.91 -7.16 -7.44 -7.66 -7.91 -8.09 -8.28 -8.47 -8.62 -8.78 -8.91 -9.22 -9.34 -9.44 -9.56 -9.66 -9.75 -9.84 -9.94 -10.06 -10.16 -10.25 -10.34 -10.44 -10.53 -10.62 -10.72 -10.81 -10.91 -10.97 -11.06 -11.16 -11.22 -11.31 -11.38 -11.47 -11.56 -11.62 -11.72 -11.81 -11.88 -11.94 -12.03 -12.09 -12.12 -12.19 -12.25 -12.31 -12.38 -12.44 -12.50
0.12 0.00 -0.19 -0.34 -0.56 -0.75 -1.00 -1.25 -1.53 -1.84 -2.16 -2.50 -2.88 -3.25 -3.62 -4.00 -4.44 -4.88 -5.34 -5.81 -6.22 -6.66 -7.06 -7.25 -7.53 -7.78 -8.00 -8.19 -8.38 -8.53 -8.69 -8.81 -9.12 -9.25 -9.38 -9.47 -9.59 -9.69 -9.78 -9.88 -9.97 -10.06 -10.16 -10.28 -10.38 -10.47 -10.56 -10.66 -10.75 -10.81 -10.91 -11.00 -11.06 -11.16 -11.25 -11.31 -11.41 -11.50 -11.59 -11.66 -11.75 -11.84 -11.91 -12.00 -12.06 -12.12 -12.19 -12.25 -12.31 -12.38 -12.44 -12.50 -12.56
0.03 -0.09 -0.28 -0.44 -0.66 -0.84 -1.09 -1.34 -1.62 -1.97 -2.31 -2.69 -3.06 -3.47 -3.88 -4.28 -4.72 -5.22 -5.66 -6.06 -6.47 -6.88 -7.25 -7.53 -7.62 -7.84 -8.06 -8.25 -8.44 -8.59 -8.72 -8.88 -9.16 -9.28 -9.41 -9.50 -9.59 -9.72 -9.81 -9.91 -10.00 -10.09 -10.19 -10.28 -10.38 -10.47 -10.56 -10.66 -10.75 -10.84 -10.94 -11.00 -11.09 -11.19 -11.25 -11.34 -11.44 -11.53 -11.59 -11.69 -11.78 -11.88 -11.94 -12.03 -12.12 -12.19 -12.25 -12.31 -12.38 -12.44 -12.50 -12.56 -12.62
-0.03 -0.19 -0.38 -0.53 -0.72 -0.94 -1.19 -1.41 -1.69 -2.03 -2.41 -2.84 -3.25 -3.69 -4.12 -4.56 -5.09 -5.53 -5.91 -6.31 -6.69 -7.03 -7.38 -7.62 -7.75 -7.97 -8.16 -8.34 -8.50 -8.66 -8.78 -9.09 -9.22 -9.31 -9.44 -9.53 -9.62 -9.75 -9.84 -9.94 -10.03 -10.12 -10.22 -10.31 -10.41 -10.50 -10.59 -10.69 -10.78 -10.84 -10.94 -11.03 -11.09 -11.19 -11.28 -11.38 -11.44 -11.53 -11.62 -11.72 -11.81 -11.88 -11.97 -12.06 -12.16 -12.22 -12.31 -12.38 -12.44 -12.50 -12.56 -12.62 -12.69
-0.16 -0.31 -0.47 -0.62 -0.81 -1.03 -1.28 -1.56 -1.88 -2.22 -2.53 -2.91 -3.41 -3.91 -4.41 -4.97 -5.44 -5.84 -6.22 -6.56 -6.94 -7.22 -7.50 -7.72 -7.97 -8.03 -8.22 -8.41 -8.56 -8.72 -9.00 -9.12 -9.25 -9.34 -9.47 -9.56 -9.69 -9.78 -9.88 -9.97 -10.06 -10.16 -10.25 -10.34 -10.44 -10.53 -10.62 -10.72 -10.78 -10.88 -10.97 -11.03 -11.12 -11.22 -11.28 -11.38 -11.47 -11.56 -11.66 -11.72 -11.81 -11.91 -12.00 -12.09 -12.19 -12.28 -12.34 -12.44 -12.50 -12.56 -12.62 -12.69 -12.75
-0.28 -0.44 -0.59 -0.75 -0.94 -1.12 -1.34 -1.66 -2.00 -2.28 -2.72 -3.12 -3.53 -4.16 -4.72 -5.38 -5.78 -6.22 -6.56 -6.88 -7.16 -7.41 -7.53 -7.78 -7.97 -8.16 -8.31 -8.47 -8.62 -8.78 -9.06 -9.19 -9.31 -9.41 -9.50 -9.59 -9.72 -9.81 -9.91 -10.00 -10.09 -10.19 -10.28 -10.38 -10.47 -10.56 -10.62 -10.72 -10.81 -10.88 -10.97 -11.06 -11.12 -11.22 -11.31 -11.41 -11.47 -11.56 -11.66 -11.75 -11.84 -11.94 -12.03 -12.12 -12.22 -12.31 -12.41 -12.47 -12.56 -12.62 -12.69 -12.75 -12.81
-0.44 -0.59 -0.72 -0.88 -1.03 -1.25 -1.50 -1.81 -2.16 -2.56 -2.94 -3.41 -4.00 -4.62 -5.25 -5.78 -6.19 -6.53 -6.75 -7.00 -7.25 -7.59 -7.81 -8.00 -8.06 -8.22 -8.41 -8.56 -8.69 -8.84 -9.12 -9.25 -9.34 -9.44 -9.56 -9.66 -9.75 -9.84 -9.94 -10.03 -10.12 -10.22 -10.31 -10.41 -10.50 -10.56 -10.66 -10.75 -10.81 -10.91 -10.97 -11.06 -11.16 -11.22 -11.31 -11.41 -11.50 -11.59 -11.69 -11.78 -11.88 -11.97 -12.06 -12.16 -12.25 -12.34 -12.44 -12.53 -12.59 -12.69 -12.75 -12.81 -12.91
-0.69 -0.78 -0.91 -1.06 -1.12 -1.31 -1.56 -1.88 -2.25 -2.75 -3.38 -3.91 -4.47 -5.12 -5.69 -6.16 -6.53 -6.88 -7.03 -7.25 -7.47 -7.66 -7.84 -8.03 -8.22 -8.38 -8.50 -8.66 -8.78 -8.91 -9.19 -9.31 -9.41 -9.50 -9.59 -9.69 -9.78 -9.88 -9.97 -10.06 -10.16 -10.25 -10.34 -10.44 -10.50 -10.59 -10.69 -10.75 -10.84 -10.91 -11.00 -11.09 -11.16 -11.25 -11.34 -11.44 -11.50 -11.59 -11.69 -11.78 -11.88 -11.97 -12.06 -12.19 -12.28 -12.38 -12.47 -12.56 -12.66 -12.75 -12.81 -12.88 -12.97
-1.06 -1.16 -1.28 -1.38 -1.38 -1.56 -1.78 -2.19 -2.66 -3.19 -3.81 -4.53 -5.03 -5.56 -6.12 -6.47 -6.88 -7.06 -7.28 -7.47 -7.69 -7.84 -8.03 -8.19 -8.34 -8.47 -8.59 -8.72 -8.88 -9.16 -9.25 -9.34 -9.44 -9.56 -9.66 -9.75 -9.84 -9.94 -10.00 -10.09 -10.19 -10.28 -10.38 -10.44 -10.53 -10.62 -10.69 -10.78 -10.84 -10.94 -11.00 -11.09 -11.19 -11.25 -11.34 -11.44 -11.53 -11.62 -11.72 -11.81 -11.91 -12.00 -12.09 -12.19 -12.28 -12.41 -12.50 -12.59 -12.69 -12.78 -12.88 -12.94 -13.03
-1.50 -1.56 -1.72 -1.81 -1.84 -1.97 -2.25 -2.66 -3.16 -3.72 -4.31 -4.94 -5.59 -6.12 -6.53 -6.88 -7.16 -7.31 -7.53 -7.72 -7.88 -8.03 -8.19 -8.31 -8.47 -8.59 -8.72 -8.84 -8.94 -9.22 -9.31 -9.41 -9.50 -9.59 -9.69 -9.78 -9.88 -9.97 -10.06 -10.12 -10.22 -10.31 -10.41 -10.47 -10.56 -10.62 -10.72 -10.78 -10.88 -10.94 -11.03 -11.12 -11.19 -11.28 -11.38 -11.47 -11.56 -11.62 -11.72 -11.81 -11.94 -12.03 -12.12 -12.22 -12.31 -12.41 -12.53 -12.62 -12.72 -12.81 -12.91 -13.00 -13.06
-2.00 -2.06 -2.19 -2.28 -2.34 -2.47 -2.75 -3.16 -3.66 -4.19 -4.75 -5.31 -5.91 -6.44 -6.84 -7.19 -7.34 -7.56 -7.75 -7.91 -8.03 -8.22 -8.34 -8.47 -8.59 -8.72 -8.81 -8.94 -9.03 -9.28 -9.38 -9.47 -9.56 -9.66 -9.75 -9.84 -9.91 -10.00 -10.09 -10.16 -10.25 -10.34 -10.41 -10.50 -10.59 -10.66 -10.72 -10.81 -10.88 -10.97 -11.03 -11.12 -11.22 -11.31 -11.38 -11.47 -11.56 -11.66 -11.75 -11.84 -11.94 -12.03 -12.12 -12.25 -12.34 -12.44 -12.53 -12.66 -12.75 -12.84 -12.94 -13.06 -13.12
-2.50 -2.53 -2.66 -2.72 -2.81 -2.97 -3.22 -3.62 -4.09 -4.62 -5.16 -5.66 -6.22 -6.72 -7.09 -7.34 -7.59 -7.81 -7.97 -8.12 -8.19 -8.38 -8.47 -8.59 -8.72 -8.81 -8.91 -9.00 -9.28 -9.38 -9.44 -9.53 -9.62 -9.69 -9.78 -9.88 -9.97 -10.03 -10.12 -10.22 -10.28 -10.38 -10.44 -10.53 -10.59 -10.69 -10.75 -10.81 -10.91 -10.97 -11.06 -11.16 -11.22 -11.31 -11.41 -11.50 -11.59 -11.69 -11.78 -11.88 -11.97 -12.06 -12.16 -12.25 -12.34 -12.47 -12.56 -12.66 -12.78 -12.88 -12.97 -13.09 -13.19
-2.94 -3.03 -3.03 -3.09 -3.19 -3.41 -3.66 -4.00 -4.44 -4.94 -5.50 -6.03 -6.50 -7.00 -7.34 -7.59 -7.84 -8.03 -8.19 -8.31 -8.38 -8.50 -8.62 -8.72 -8.81 -8.94 -9.00 -9.28 -9.34 -9.44 -9.50 -9.59 -9.69 -9.75 -9.84 -9.91 -10.00 -10.09 -10.16 -10.25 -10.31 -10.41 -10.47 -10.56 -10.62 -10.69 -10.78 -10.84 -10.91 -11.00 -11.09 -11.16 -11.25 -11.34 -11.41 -11.50 -11.59 -11.69 -11.78 -11.88 -11.97 -12.06 -12.19 -12.28 -12.38 -12.47 -12.59 -12.69 -12.78 -12.91 -13.00 -13.12 -13.22
-3.34 -3.44 -3.41 -3.53 -3.47 -3.81 -4.09 -4.34 -4.84 -5.28 -5.78 -6.31 -6.84 -7.31 -7.62 -7.78 -8.03 -8.22 -8.34 -8.47 -8.56 -8.62 -8.75 -8.84 -8.94 -9.00 -9.28 -9.34 -9.44 -9.50 -9.56 -9.66 -9.72 -9.81 -9.88 -9.97 -10.03 -10.12 -10.19 -10.28 -10.34 -10.44 -10.50 -10.56 -10.66 -10.72 -10.78 -10.88 -10.94 -11.03 -11.09 -11.19 -11.25 -11.34 -11.44 -11.53 -11.62 -11.72 -11.81 -11.91 -12.00 -12.09 -12.19 -12.28 -12.41 -12.50 -12.59 -12.72 -12.81 -12.91 -13.03 -13.12 -13.25
-3.72 -3.78 -3.69 -3.88 -3.94 -4.19 -4.50 -4.78 -5.22 -5.66 -6.16 -6.62 -7.09 -7.53 -7.91 -8.00 -8.16 -8.41 -8.50 -8.62 -8.72 -8.78 -8.84 -8.94 -9.03 -9.28 -9.34 -9.44 -9.50 -9.56 -9.62 -9.72 -9.78 -9.84 -9.94 -10.00 -10.09 -10.16 -10.22 -10.31 -10.38 -10.47 -10.53 -10.59 -10.69 -10.75 -10.81 -10.88 -10.97 -11.03 -11.12 -11.19 -11.28 -11.38 -11.44 -11.53 -11.62 -11.72 -11.81 -11.91 -12.00 -12.12 -12.22 -12.31 -12.41 -12.53 -12.62 -12.72 -12.84 -12.94 -13.03 -13.16 -13.25
-4.09 -4.06 -3.97 -4.16 -4.31 -4.53 -4.75 -5.09 -5.50 -5.91 -6.34 -6.84 -7.38 -7.81 -8.03 -8.22 -8.41 -8.53 -8.66 -8.75 -8.84 -8.91 -8.97 -9.03 -9.28 -9.34 -9.44 -9.50 -9.56 -9.62 -9.69 -9.75 -9.84 -9.91 -9.97 -10.06 -10.12 -10.19 -10.28 -10.34 -10.41 -10.50 -10.56 -10.62 -10.69 -10.75 -10.84 -10.91 -10.97 -11.06 -11.12 -11.22 -11.31 -11.38 -11.47 -11.56 -11.66 -11.75 -11.84 -11.94 -12.03 -12.12 -12.22 -12.31 -12.44 -12.53 -12.62 -12.75 -12.84 -12.97 -13.06 -13.16 -13.28
-4.34 -4.28 -4.22 -4.41 -4.56 -4.81 -5.03 -5.31 -5.78 -6.28 -6.66 -7.03 -7.44 -7.91 -8.28 -8.41 -8.56 -8.69 -8.78 -8.88 -8.94 -9.00 -9.06 -9.31 -9.38 -9.44 -9.50 -9.56 -9.62 -9.69 -9.75 -9.81 -9.88 -9.94 -10.03 -10.09 -10.16 -10.22 -10.31 -10.38 -10.44 -10.53 -10.59 -10.66 -10.72 -10.78 -10.84 -10.94 -11.00 -11.06 -11.16 -11.25 -11.31 -11.41 -11.50 -11.56 -11.66 -11.75 -11.84 -11.94 -12.03 -12.16 -12.25 -12.34 -12.44 -12.53 -12.66 -12.75 -12.88 -12.97 -13.06 -13.19 -13.28
-4.50 -4.44 -4.41 -4.59 -4.59 -5.06 -5.34 -5.69 -6.00 -6.47 -6.97 -7.47 -7.84 -8.25 -8.34 -8.59 -8.69 -8.81 -8.91 -9.00 -9.06 -9.12 -9.34 -9.41 -9.44 -9.50 -9.56 -9.62 -9.69 -9.75 -9.81 -9.88 -9.94 -10.00 -10.06 -10.12 -10.19 -10.28 -10.34 -10.41 -10.47 -10.56 -10.62 -10.69 -10.75 -10.81 -10.88 -10.94 -11.03 -11.09 -11.19 -11.25 -11.34 -11.41 -11.50 -11.59 -11.69 -11.78 -11.88 -11.97 -12.06 -12.16 -12.25 -12.34 -12.47 -12.56 -12.66 -12.78 -12.88 -12.97 -13.09 -13.19 -13.28
-4.72 -4.62 -4.62 -4.75 -4.91 -5.12 -5.56 -6.06 -6.47 -6.75 -7.16 -7.62 -7.97 -8.34 -8.44 -8.66 -8.81 -8.91 -9.03 -9.09 -9.16 -9.38 -9.41 -9.47 -9.53 -9.56 -9.62 -9.69 -9.75 -9.78 -9.84 -9.91 -9.97 -10.03 -10.09 -10.16 -10.25 -10.31 -10.38 -10.44 -10.50 -10.56 -10.66 -10.72 -10.78 -10.84 -10.91 -10.97 -11.03 -11.12 -11.19 -11.28 -11.34 -11.44 -11.53 -11.62 -11.69 -11.78 -11.88 -11.97 -12.06 -12.16 -12.28 -12.38 -12.47 -12.56 -12.69 -12.78 -12.88 -13.00 -13.09 -13.19 -13.28
-4.78 -4.84 -4.81 -4.91 -5.12 -5.34 -5.69 -6.19 -6.72 -7.09 -7.50 -7.88 -8.25 -8.41 -8.62 -8.81 -8.91 -9.03 -9.12 -9.19 -9.41 -9.47 -9.50 -9.53 -9.59 -9.62 -9.69 -9.75 -9.78 -9.84 -9.91 -9.97 -10.03 -10.09 -10.16 -10.22 -10.28 -10.34 -10.41 -10.47 -10.53 -10.59 -10.66 -10.72 -10.81 -10.88 -10.94 -11.00 -11.06 -11.12 -11.22 -11.28 -11.38 -11.47 -11.53 -11.62 -11.72 -11.81 -11.91 -12.00 -12.09 -12.19 -12.28 -12.38 -12.47 -12.56 -12.69 -12.78 -12.88 -13.00 -13.09 -13.19 -13.28
-4.91 -5.09 -5.06 -5.09 -5.31 -5.66 -6.00 -6.41 -6.91 -7.34 -7.72 -8.03 -8.31 -8.47 -8.72 -8.84 -9.00 -9.09 -9.19 -9.44 -9.50 -9.53 -9.56 -9.62 -9.66 -9.69 -9.75 -9.78 -9.84 -9.91 -9.94 -10.00 -10.06 -10.12 -10.19 -10.25 -10.31 -10.38 -10.44 -10.50 -10.56 -10.62 -10.69 -10.75 -10.81 -10.88 -10.94 -11.03 -11.09 -11.16 -11.22 -11.31 -11.38 -11.47 -11.56 -11.66 -11.72 -11.81 -11.91 -12.00 -12.09 -12.19 -12.28 -12.38 -12.47 -12.59 -12.69 -12.78 -12.91 -13.00 -13.09 -13.19 -13.28
-5.06 -5.16 -5.34 -5.50 -5.59 -5.94 -6.31 -6.72 -7.06 -7.47 -7.91 -8.28 -8.41 -8.62 -8.78 -8.94 -9.09 -9.19 -9.44 -9.50 -9.56 -9.59 -9.62 -9.66 -9.72 -9.75 -9.81 -9.84 -9.91 -9.94 -10.00 -10.03 -10.09 -10.16 -10.22 -10.28 -10.34 -10.41 -10.47 -10.53 -10.59 -10.66 -10.72 -10.78 -10.84 -10.91 -10.97 -11.03 -11.09 -11.19 -11.25 -11.34 -11.41 -11.50 -11.56 -11.66 -11.75 -11.84 -11.91 -12.00 -12.09 -12.19 -12.28 -12.41 -12.50 -12.59 -12.69 -12.78 -12.91 -13.00 -13.09 -13.19 -13.28
-5.19 -5.47 -5.66 -5.88 -6.06 -6.28 -6.62 -7.03 -7.41 -7.66 -7.91 -8.31 -8.66 -8.78 -8.94 -9.06 -9.16 -9.25 -9.53 -9.56 -9.62 -9.66 -9.69 -9.72 -9.78 -9.81 -9.84 -9.91 -9.94 -10.00 -10.03 -10.09 -10.16 -10.19 -10.25 -10.31 -10.38 -10.44 -10.50 -10.56 -10.62 -10.69 -10.75 -10.81 -10.88 -10.94 -11.00 -11.06 -11.12 -11.19 -11.28 -11.34 -11.44 -11.50 -11.59 -11.66 -11.75 -11.84 -11.94 -12.03 -12.12 -12.22 -12.31 -12.41 -12.50 -12.59 -12.69 -12.78 -12.91 -13.00 -13.09 -13.19 -13.28
-5.31 -5.69 -5.91 -6.22 -6.53 -6.75 -6.94 -7.25 -7.72 -8.06 -8.28 -8.47 -8.75 -8.88 -9.06 -9.16 -9.25 -9.34 -9.56 -9.62 -9.66 -9.72 -9.75 -9.78 -9.81 -9.88 -9.91 -9.94 -10.00 -10.03 -10.06 -10.12 -10.19 -10.22 -10.28 -10.34 -10.41 -10.47 -10.53 -10.59 -10.66 -10.72 -10.78 -10.84 -10.91 -10.97 -11.00 -11.06 -11.16 -11.22 -11.28 -11.38 -11.44 -11.53 -11.59 -11.69 -11.75 -11.84 -11.94 -12.03 -12.12 -12.22 -12.31 -12.41 -12.50 -12.59 -12.69 -12.78 -12.91 -13.00 -13.09 -13.19 -13.28
-5.50 -5.91 -6.22 -6.50 -6.78 -7.06 -7.38 -7.62 -7.75 -8.16 -8.44 -8.66 -8.88 -9.00 -9.12 -9.22 -9.31 -9.56 -9.62 -9.69 -9.72 -9.75 -9.81 -9.84 -9.88 -9.91 -9.94 -10.00 -10.03 -10.06 -10.12 -10.16 -10.22 -10.28 -10.31 -10.38 -10.44 -10.50 -10.56 -10.62 -10.69 -10.75 -10.81 -10.88 -10.91 -10.97 -11.03 -11.09 -11.16 -11.22 -11.31 -11.38 -11.44 -11.53 -11.59 -11.69 -11.78 -11.84 -11.94 -12.03 -12.12 -12.22 -12.31 -12.41 -12.50 -12.59 -12.69 -12.78 -12.88 -13.00 -13.09 -13.19 -13.28
-5.78 -6.09 -6.47 -6.78 -7.03 -7.25 -7.59 -7.84 -8.09 -8.25 -8.44 -8.72 -9.06 -9.09 -9.22 -9.31 -9.41 -9.62 -9.69 -9.72 -9.78 -9.81 -9.84 -9.88 -9.91 -9.97 -10.00 -10.03 -10.06 -10.12 -10.16 -10.19 -10.25 -10.31 -10.34 -10.41 -10.47 -10.53 -10.59 -10.66 -10.72 -10.75 -10.81 -10.88 -10.94 -11.00 -11.06 -11.12 -11.19 -11.25 -11.31 -11.38 -11.47 -11.53 -11.62 -11.69 -11.78 -11.88 -11.94 -12.03 -12.12 -12.22 -12.31 -12.41 -12.50 -12.59 -12.69 -12.78 -12.88 -12.97 -13.09 -13.19 -13.28
-6.03 -6.38 -6.62 -7.00 -7.28 -7.53 -7.78 -8.03 -8.28 -8.50 -8.75 -8.97 -9.09 -9.22 -9.31 -9.56 -9.62 -9.69 -9.72 -9.78 -9.81 -9.88 -9.91 -9.94 -9.97 -10.00 -10.03 -10.06 -10.12 -10.16 -10.19 -10.25 -10.28 -10.34 -10.38 -10.44 -10.50 -10.56 -10.59 -10.66 -10.72 -10.78 -10.84 -10.91 -10.97 -11.00 -11.06 -11.12 -11.19 -11.25 -11.34 -11.41 -11.47 -11.56 -11.62 -11.72 -11.78 -11.88 -11.97 -12.03 -12.12 -12.22 -12.31 -12.41 -12.50 -12.59 -12.69 -12.78 -12.88 -12.97 -13.06 -13.19 -13.28
-6.25 -6.59 -6.88 -7.22 -7.50 -7.72 -7.97 -8.22 -8.44 -8.62 -8.91 -9.00 -9.16 -9.28 -9.56 -9.62 -9.69 -9.72 -9.78 -9.81 -9.88 -9.91 -9.94 -9.97 -10.00 -10.03 -10.09 -10.12 -10.16 -10.19 -10.25 -10.28 -10.31 -10.38 -10.41 -10.47 -10.53 -10.56 -10.62 -10.69 -10.75 -10.81 -10.88 -10.91 -10.97 -11.03 -11.09 -11.16 -11.22 -11.28 -11.34 -11.41 -11.50 -11.56 -11.62 -11.72 -11.78 -11.88 -11.97 -12.03 -12.12 -12.22 -12.31 -12.41 -12.47 -12.56 -12.69 -12.78 -12.88 -12.97 -13.06 -13.16 -13.28
-6.50 -6.81 -7.06 -7.44 -7.69 -7.91 -8.09 -8.25 -8.56 -8.75 -8.94 -9.25 -9.28 -9.38 -9.62 -9.69 -9.72 -9.78 -9.81 -9.88 -9.91 -9.94 -10.00 -10.03 -10.06 -10.09 -10.12 -10.16 -10.19 -10.25 -10.28 -10.31 -10.34 -10.41 -10.44 -10.50 -10.53 -10.59 -10.66 -10.72 -10.78 -10.81 -10.88 -10.94 -11.00 -11.03 -11.09 -11.16 -11.22 -11.28 -11.34 -11.44 -11.50 -11.56 -11.66 -11.72 -11.81 -11.88 -11.97 -12.03 -12.12 -12.22 -12.31 -12.38 -12.47 -12.56 -12.66 -12.75 -12.88 -12.97 -13.06 -13.16 -13.25
