arlandasctiles/Tile[0,9].asc
ncols 128
nrows 128
xllcorner 0
yllcorner 0
cellsize 2.0
NODATA_value  -9999
[rows 64 to 95 of 128, columns 0 to 71 of 128]
-87.88 -87.91 -87.91 -87.88 -87.88 -87.88 -87.88 -87.84 -87.84 -87.84 -87.84 -87.84 -87.81 -87.81 -87.81 -87.81 -87.78 -87.78 -87.78 -87.75 -87.75 -87.75 -87.75 -87.75 -87.75 -87.75 -87.75 -87.75 -87.75 -87.75 -87.72 -87.72 -87.72 -87.69 -87.53 -87.47 -87.41 -87.31 -87.22 -87.06 -86.88 -86.69 -86.47 -86.25 -86.03 -85.78 -85.53 -85.25 -84.94 -84.59 -84.25 -83.91 -83.56 -83.22 -82.84 -82.47 -82.09 -81.69 -81.28 -80.88 -80.44 -80.00 -79.53 -79.03 -78.53 -78.03 -77.47 -76.88 -76.25 -75.66 -75.03 -74.41
-87.88 -87.88 -87.88 -87.88 -87.84 -87.84 -87.84 -87.84 -87.84 -87.84 -87.81 -87.81 -87.81 -87.78 -87.78 -87.78 -87.78 -87.75 -87.75 -87.75 -87.75 -87.72 -87.72 -87.72 -87.72 -87.72 -87.72 -87.72 -87.72 -87.72 -87.72 -87.72 -87.72 -87.69 -87.50 -87.44 -87.38 -87.28 -87.16 -87.00 -86.81 -86.62 -86.41 -86.19 -85.94 -85.72 -85.50 -85.22 -84.91 -84.53 -84.19 -83.88 -83.50 -83.16 -82.78 -82.41 -82.03 -81.62 -81.22 -80.81 -80.38 -79.94 -79.47 -79.00 -78.50 -77.97 -77.41 -76.81 -76.22 -75.59 -75.00 -74.41
-87.84 -87.88 -87.88 -87.88 -87.84 -87.84 -87.84 -87.81 -87.81 -87.81 -87.81 -87.78 -87.78 -87.78 -87.75 -87.75 -87.75 -87.72 -87.72 -87.72 -87.72 -87.72 -87.72 -87.72 -87.69 -87.69 -87.69 -87.69 -87.69 -87.69 -87.69 -87.69 -87.69 -87.66 -87.47 -87.41 -87.34 -87.25 -87.12 -86.97 -86.78 -86.59 -86.34 -86.12 -85.88 -85.66 -85.41 -85.19 -84.88 -84.50 -84.16 -83.84 -83.47 -83.09 -82.72 -82.34 -81.97 -81.56 -81.19 -80.75 -80.31 -79.88 -79.41 -78.94 -78.44 -77.91 -77.34 -76.78 -76.19 -75.59 -75.03 -74.41
-87.84 -87.88 -87.88 -87.84 -87.84 -87.81 -87.81 -87.81 -87.81 -87.78 -87.78 -87.78 -87.75 -87.75 -87.75 -87.72 -87.72 -87.72 -87.72 -87.69 -87.69 -87.69 -87.69 -87.69 -87.69 -87.69 -87.69 -87.69 -87.69 -87.69 -87.69 -87.66 -87.66 -87.50 -87.44 -87.38 -87.31 -87.22 -87.06 -86.91 -86.72 -86.50 -86.31 -86.06 -85.84 -85.62 -85.41 -85.12 -84.81 -84.47 -84.12 -83.78 -83.41 -83.03 -82.66 -82.28 -81.91 -81.50 -81.12 -80.69 -80.25 -79.81 -79.34 -78.84 -78.34 -77.84 -77.31 -76.75 -76.19 -75.62 -75.06 -74.44
-87.84 -87.84 -87.84 -87.84 -87.81 -87.81 -87.81 -87.78 -87.78 -87.78 -87.75 -87.75 -87.75 -87.72 -87.72 -87.72 -87.69 -87.69 -87.69 -87.69 -87.69 -87.66 -87.66 -87.66 -87.66 -87.66 -87.66 -87.66 -87.66 -87.66 -87.66 -87.66 -87.62 -87.47 -87.41 -87.34 -87.28 -87.19 -87.03 -86.88 -86.69 -86.47 -86.25 -86.03 -85.81 -85.59 -85.34 -85.06 -84.72 -84.41 -84.03 -83.69 -83.34 -82.97 -82.59 -82.22 -81.81 -81.44 -81.03 -80.62 -80.19 -79.75 -79.28 -78.78 -78.28 -77.78 -77.25 -76.72 -76.19 -75.62 -75.09 -74.50
-87.81 -87.84 -87.84 -87.81 -87.81 -87.78 -87.78 -87.78 -87.75 -87.75 -87.75 -87.72 -87.72 -87.69 -87.69 -87.69 -87.66 -87.66 -87.66 -87.66 -87.66 -87.66 -87.66 -87.66 -87.62 -87.62 -87.62 -87.62 -87.62 -87.62 -87.62 -87.62 -87.62 -87.44 -87.38 -87.31 -87.25 -87.12 -86.97 -86.78 -86.59 -86.41 -86.19 -85.97 -85.75 -85.50 -85.25 -84.94 -84.62 -84.28 -83.94 -83.59 -83.25 -82.88 -82.50 -82.12 -81.75 -81.38 -80.97 -80.53 -80.09 -79.66 -79.19 -78.69 -78.22 -77.72 -77.19 -76.69 -76.16 -75.62 -75.09 -74.53
-87.78 -87.81 -87.81 -87.81 -87.78 -87.78 -87.75 -87.75 -87.75 -87.75 -87.72 -87.69 -87.69 -87.69 -87.66 -87.66 -87.66 -87.66 -87.62 -87.62 -87.62 -87.62 -87.62 -87.62 -87.62 -87.62 -87.62 -87.62 -87.62 -87.62 -87.62 -87.62 -87.59 -87.41 -87.34 -87.28 -87.19 -87.09 -86.91 -86.75 -86.53 -86.34 -86.12 -85.91 -85.72 -85.44 -85.12 -84.81 -84.50 -84.19 -83.84 -83.50 -83.16 -82.81 -82.44 -82.03 -81.66 -81.28 -80.88 -80.47 -80.00 -79.56 -79.09 -78.62 -78.16 -77.66 -77.16 -76.66 -76.12 -75.62 -75.09 -74.53
-87.78 -87.78 -87.78 -87.78 -87.75 -87.75 -87.75 -87.75 -87.72 -87.72 -87.69 -87.69 -87.66 -87.66 -87.66 -87.62 -87.62 -87.62 -87.62 -87.62 -87.59 -87.59 -87.59 -87.59 -87.59 -87.59 -87.59 -87.59 -87.59 -87.59 -87.59 -87.59 -87.56 -87.38 -87.31 -87.25 -87.16 -87.03 -86.84 -86.66 -86.47 -86.25 -86.09 -85.88 -85.62 -85.34 -85.03 -84.72 -84.41 -84.06 -83.72 -83.38 -83.06 -82.69 -82.31 -81.94 -81.56 -81.19 -80.78 -80.34 -79.91 -79.47 -79.00 -78.56 -78.09 -77.59 -77.09 -76.59 -76.09 -75.56 -75.06 -74.53
-87.75 -87.75 -87.75 -87.75 -87.75 -87.75 -87.72 -87.72 -87.72 -87.69 -87.66 -87.66 -87.66 -87.62 -87.62 -87.62 -87.59 -87.59 -87.59 -87.59 -87.59 -87.59 -87.59 -87.59 -87.59 -87.59 -87.59 -87.59 -87.59 -87.59 -87.59 -87.59 -87.56 -87.38 -87.28 -87.22 -87.12 -86.97 -86.78 -86.59 -86.41 -86.19 -86.00 -85.81 -85.56 -85.28 -84.97 -84.66 -84.34 -84.00 -83.62 -83.28 -82.94 -82.59 -82.19 -81.81 -81.44 -81.06 -80.66 -80.25 -79.81 -79.38 -78.94 -78.50 -78.03 -77.56 -77.06 -76.56 -76.03 -75.53 -75.03 -74.50
-87.75 -87.75 -87.75 -87.75 -87.72 -87.72 -87.72 -87.69 -87.69 -87.66 -87.66 -87.62 -87.62 -87.59 -87.59 -87.59 -87.59 -87.59 -87.56 -87.56 -87.56 -87.56 -87.56 -87.56 -87.56 -87.56 -87.56 -87.56 -87.56 -87.56 -87.56 -87.56 -87.41 -87.34 -87.28 -87.19 -87.09 -86.94 -86.72 -86.53 -86.31 -86.12 -85.97 -85.72 -85.47 -85.19 -84.91 -84.59 -84.25 -83.91 -83.56 -83.19 -82.84 -82.50 -82.09 -81.72 -81.34 -80.97 -80.56 -80.16 -79.75 -79.31 -78.84 -78.41 -77.97 -77.50 -77.00 -76.50 -76.00 -75.50 -75.00 -74.47
-87.72 -87.75 -87.72 -87.72 -87.72 -87.69 -87.69 -87.69 -87.66 -87.62 -87.62 -87.62 -87.59 -87.59 -87.59 -87.56 -87.56 -87.56 -87.56 -87.56 -87.56 -87.56 -87.56 -87.56 -87.56 -87.56 -87.56 -87.56 -87.56 -87.56 -87.56 -87.53 -87.38 -87.31 -87.25 -87.16 -87.03 -86.88 -86.66 -86.47 -86.22 -86.03 -85.88 -85.62 -85.34 -85.06 -84.78 -84.47 -84.16 -83.81 -83.47 -83.12 -82.75 -82.41 -82.03 -81.66 -81.25 -80.88 -80.47 -80.06 -79.66 -79.22 -78.78 -78.34 -77.88 -77.41 -76.94 -76.41 -75.91 -75.44 -74.94 -74.41
-87.72 -87.72 -87.72 -87.72 -87.69 -87.69 -87.69 -87.66 -87.62 -87.62 -87.59 -87.59 -87.56 -87.56 -87.56 -87.56 -87.56 -87.56 -87.53 -87.53 -87.53 -87.53 -87.53 -87.53 -87.53 -87.53 -87.53 -87.53 -87.53 -87.53 -87.53 -87.53 -87.34 -87.28 -87.22 -87.12 -87.00 -86.84 -86.66 -86.44 -86.19 -85.97 -85.72 -85.50 -85.22 -84.97 -84.66 -84.34 -84.00 -83.66 -83.34 -83.03 -82.69 -82.34 -81.97 -81.56 -81.19 -80.78 -80.41 -80.00 -79.59 -79.16 -78.69 -78.25 -77.81 -77.34 -76.84 -76.34 -75.84 -75.38 -74.88 -74.38
-87.69 -87.72 -87.72 -87.69 -87.69 -87.66 -87.66 -87.62 -87.62 -87.59 -87.59 -87.56 -87.56 -87.56 -87.53 -87.53 -87.53 -87.53 -87.53 -87.53 -87.53 -87.53 -87.53 -87.53 -87.53 -87.53 -87.53 -87.53 -87.53 -87.53 -87.53 -87.50 -87.34 -87.28 -87.22 -87.12 -86.91 -86.75 -86.56 -86.34 -86.09 -85.91 -85.62 -85.34 -85.09 -84.81 -84.53 -84.22 -83.88 -83.56 -83.25 -82.94 -82.62 -82.28 -81.91 -81.50 -81.12 -80.72 -80.31 -79.94 -79.53 -79.09 -78.66 -78.19 -77.75 -77.28 -76.78 -76.28 -75.78 -75.28 -74.81 -74.28
-87.69 -87.72 -87.69 -87.69 -87.66 -87.66 -87.62 -87.62 -87.59 -87.56 -87.56 -87.56 -87.53 -87.53 -87.53 -87.53 -87.50 -87.50 -87.50 -87.50 -87.50 -87.50 -87.50 -87.50 -87.50 -87.50 -87.50 -87.50 -87.50 -87.50 -87.50 -87.50 -87.34 -87.31 -87.19 -87.09 -86.88 -86.75 -86.56 -86.28 -86.03 -85.78 -85.50 -85.25 -84.97 -84.69 -84.41 -84.09 -83.78 -83.47 -83.16 -82.84 -82.53 -82.19 -81.81 -81.44 -81.03 -80.66 -80.25 -79.88 -79.47 -79.03 -78.59 -78.16 -77.69 -77.22 -76.72 -76.22 -75.72 -75.22 -74.72 -74.19
-87.69 -87.69 -87.66 -87.66 -87.62 -87.62 -87.62 -87.59 -87.56 -87.56 -87.53 -87.53 -87.53 -87.50 -87.50 -87.50 -87.50 -87.50 -87.50 -87.50 -87.50 -87.50 -87.50 -87.50 -87.50 -87.50 -87.50 -87.50 -87.50 -87.50 -87.50 -87.50 -87.31 -87.28 -87.16 -87.06 -86.84 -86.72 -86.38 -86.25 -85.97 -85.62 -85.38 -85.12 -84.84 -84.56 -84.28 -84.00 -83.69 -83.38 -83.03 -82.75 -82.44 -82.09 -81.72 -81.34 -80.97 -80.59 -80.22 -79.81 -79.41 -78.97 -78.53 -78.09 -77.59 -77.12 -76.62 -76.12 -75.62 -75.12 -74.62 -74.09
-87.66 -87.66 -87.66 -87.62 -87.62 -87.59 -87.59 -87.56 -87.56 -87.53 -87.53 -87.53 -87.50 -87.50 -87.50 -87.50 -87.50 -87.50 -87.50 -87.47 -87.47 -87.47 -87.47 -87.50 -87.50 -87.50 -87.50 -87.50 -87.50 -87.50 -87.50 -87.47 -87.28 -87.19 -87.12 -86.97 -86.84 -86.50 -86.41 -86.19 -85.94 -85.59 -85.28 -85.00 -84.75 -84.47 -84.19 -83.88 -83.59 -83.28 -82.97 -82.66 -82.34 -82.03 -81.66 -81.28 -80.91 -80.53 -80.16 -79.75 -79.34 -78.94 -78.47 -78.00 -77.50 -77.03 -76.53 -76.03 -75.53 -75.03 -74.53 -74.03
-87.62 -87.66 -87.62 -87.62 -87.62 -87.59 -87.56 -87.56 -87.53 -87.53 -87.50 -87.50 -87.50 -87.50 -87.50 -87.47 -87.47 -87.47 -87.47 -87.47 -87.47 -87.47 -87.47 -87.47 -87.47 -87.47 -87.47 -87.47 -87.47 -87.47 -87.47 -87.44 -87.25 -87.19 -87.09 -86.97 -86.75 -86.62 -86.31 -86.12 -85.81 -85.44 -85.16 -84.91 -84.66 -84.38 -84.09 -83.81 -83.50 -83.19 -82.88 -82.56 -82.28 -81.94 -81.59 -81.25 -80.88 -80.47 -80.06 -79.69 -79.28 -78.84 -78.38 -77.91 -77.44 -76.97 -76.47 -75.97 -75.47 -74.97 -74.47 -73.94
-87.62 -87.62 -87.62 -87.59 -87.59 -87.56 -87.56 -87.53 -87.53 -87.50 -87.50 -87.50 -87.47 -87.47 -87.47 -87.47 -87.47 -87.47 -87.47 -87.47 -87.47 -87.47 -87.47 -87.47 -87.47 -87.47 -87.47 -87.47 -87.47 -87.47 -87.44 -87.28 -87.22 -87.16 -87.06 -86.91 -86.75 -86.56 -86.31 -86.12 -85.81 -85.44 -85.09 -84.84 -84.59 -84.31 -84.03 -83.75 -83.44 -83.12 -82.81 -82.50 -82.19 -81.88 -81.53 -81.19 -80.81 -80.41 -80.03 -79.59 -79.19 -78.75 -78.31 -77.84 -77.38 -76.91 -76.44 -75.94 -75.44 -74.91 -74.38 -73.84
-87.62 -87.62 -87.62 -87.59 -87.59 -87.56 -87.53 -87.50 -87.50 -87.50 -87.47 -87.47 -87.47 -87.47 -87.47 -87.47 -87.44 -87.44 -87.44 -87.44 -87.44 -87.44 -87.44 -87.44 -87.47 -87.47 -87.47 -87.47 -87.47 -87.47 -87.44 -87.25 -87.19 -87.12 -87.03 -86.91 -86.72 -86.53 -86.28 -86.06 -85.78 -85.44 -85.12 -84.81 -84.56 -84.28 -84.00 -83.69 -83.38 -83.09 -82.78 -82.44 -82.12 -81.81 -81.50 -81.16 -80.75 -80.38 -79.97 -79.56 -79.12 -78.69 -78.25 -77.81 -77.34 -76.88 -76.38 -75.88 -75.38 -74.84 -74.31 -73.78
-87.62 -87.62 -87.59 -87.59 -87.56 -87.53 -87.50 -87.50 -87.47 -87.47 -87.47 -87.47 -87.47 -87.44 -87.44 -87.44 -87.44 -87.44 -87.44 -87.44 -87.44 -87.44 -87.44 -87.44 -87.44 -87.44 -87.44 -87.44 -87.44 -87.44 -87.44 -87.25 -87.19 -87.12 -86.97 -86.84 -86.62 -86.34 -86.22 -85.97 -85.72 -85.41 -85.09 -84.81 -84.53 -84.25 -83.97 -83.66 -83.34 -83.03 -82.72 -82.41 -82.06 -81.75 -81.44 -81.09 -80.69 -80.31 -79.91 -79.50 -79.06 -78.66 -78.22 -77.75 -77.28 -76.81 -76.31 -75.81 -75.31 -74.78 -74.22 -73.69
-87.62 -87.59 -87.59 -87.56 -87.53 -87.50 -87.50 -87.47 -87.47 -87.47 -87.47 -87.44 -87.44 -87.44 -87.44 -87.44 -87.44 -87.44 -87.44 -87.44 -87.44 -87.44 -87.44 -87.44 -87.44 -87.44 -87.44 -87.44 -87.44 -87.44 -87.41 -87.22 -87.16 -87.06 -86.97 -86.78 -86.56 -86.38 -86.16 -85.94 -85.69 -85.41 -85.09 -84.84 -84.56 -84.28 -83.97 -83.62 -83.31 -83.00 -82.69 -82.34 -82.03 -81.72 -81.41 -81.03 -80.62 -80.22 -79.84 -79.44 -79.03 -78.59 -78.16 -77.72 -77.25 -76.75 -76.28 -75.75 -75.22 -74.69 -74.16 -73.59
-87.59 -87.59 -87.56 -87.53 -87.50 -87.50 -87.47 -87.47 -87.47 -87.44 -87.44 -87.44 -87.44 -87.44 -87.44 -87.44 -87.44 -87.44 -87.44 -87.44 -87.44 -87.41 -87.41 -87.41 -87.44 -87.44 -87.44 -87.44 -87.44 -87.44 -87.41 -87.25 -87.16 -87.03 -86.91 -86.75 -86.56 -86.44 -86.19 -85.97 -85.72 -85.44 -85.12 -84.84 -84.56 -84.28 -83.94 -83.59 -83.28 -82.97 -82.66 -82.31 -82.00 -81.66 -81.34 -81.00 -80.59 -80.19 -79.81 -79.41 -79.00 -78.56 -78.12 -77.69 -77.19 -76.72 -76.22 -75.72 -75.19 -74.62 -74.09 -73.50
-87.59 -87.59 -87.56 -87.53 -87.50 -87.47 -87.47 -87.44 -87.44 -87.44 -87.44 -87.44 -87.44 -87.41 -87.41 -87.41 -87.41 -87.41 -87.41 -87.41 -87.41 -87.41 -87.41 -87.41 -87.41 -87.41 -87.41 -87.41 -87.41 -87.41 -87.41 -87.22 -87.12 -87.03 -86.84 -86.69 -86.50 -86.38 -86.16 -85.91 -85.66 -85.38 -85.12 -84.84 -84.56 -84.25 -83.94 -83.56 -83.25 -82.94 -82.62 -82.28 -81.94 -81.62 -81.31 -80.97 -80.59 -80.16 -79.78 -79.38 -78.97 -78.56 -78.09 -77.62 -77.16 -76.69 -76.19 -75.69 -75.16 -74.62 -74.03 -73.44
-87.59 -87.56 -87.53 -87.50 -87.47 -87.47 -87.44 -87.44 -87.44 -87.44 -87.44 -87.41 -87.41 -87.41 -87.41 -87.41 -87.41 -87.41 -87.41 -87.41 -87.41 -87.41 -87.41 -87.41 -87.41 -87.41 -87.41 -87.41 -87.41 -87.41 -87.38 -87.19 -87.12 -87.03 -86.91 -86.72 -86.53 -86.31 -86.09 -85.88 -85.62 -85.34 -85.09 -84.81 -84.53 -84.25 -83.94 -83.59 -83.25 -82.94 -82.59 -82.25 -81.91 -81.59 -81.25 -80.94 -80.56 -80.12 -79.72 -79.34 -78.94 -78.53 -78.06 -77.59 -77.12 -76.66 -76.16 -75.66 -75.16 -74.59 -74.00 -73.38
-87.59 -87.56 -87.53 -87.50 -87.47 -87.44 -87.44 -87.44 -87.41 -87.41 -87.41 -87.41 -87.41 -87.41 -87.41 -87.41 -87.41 -87.41 -87.41 -87.41 -87.41 -87.41 -87.41 -87.41 -87.41 -87.41 -87.41 -87.41 -87.41 -87.41 -87.38 -87.19 -87.09 -87.00 -86.84 -86.69 -86.47 -86.38 -86.09 -85.88 -85.62 -85.38 -85.09 -84.81 -84.53 -84.25 -83.94 -83.62 -83.28 -82.94 -82.59 -82.25 -81.91 -81.56 -81.22 -80.88 -80.50 -80.09 -79.69 -79.28 -78.88 -78.47 -78.03 -77.56 -77.09 -76.62 -76.16 -75.66 -75.12 -74.59 -73.97 -73.31
-87.62 -87.56 -87.50 -87.47 -87.44 -87.44 -87.41 -87.41 -87.41 -87.41 -87.41 -87.38 -87.38 -87.38 -87.41 -87.38 -87.38 -87.41 -87.41 -87.41 -87.41 -87.41 -87.41 -87.41 -87.41 -87.41 -87.41 -87.41 -87.41 -87.38 -87.22 -87.16 -87.09 -87.00 -86.88 -86.72 -86.50 -86.31 -86.12 -85.88 -85.66 -85.41 -85.16 -84.84 -84.56 -84.22 -83.94 -83.62 -83.28 -82.94 -82.59 -82.25 -81.88 -81.53 -81.19 -80.81 -80.47 -80.06 -79.66 -79.25 -78.81 -78.41 -77.97 -77.53 -77.09 -76.62 -76.16 -75.66 -75.12 -74.56 -73.94 -73.28
-87.62 -87.56 -87.50 -87.47 -87.44 -87.41 -87.41 -87.41 -87.38 -87.38 -87.38 -87.38 -87.38 -87.38 -87.38 -87.38 -87.38 -87.38 -87.38 -87.38 -87.38 -87.38 -87.38 -87.38 -87.38 -87.38 -87.38 -87.38 -87.38 -87.38 -87.22 -87.16 -87.06 -87.00 -86.84 -86.66 -86.50 -86.31 -86.09 -85.91 -85.66 -85.41 -85.16 -84.88 -84.56 -84.25 -83.94 -83.62 -83.28 -82.94 -82.59 -82.25 -81.88 -81.50 -81.16 -80.78 -80.41 -80.03 -79.62 -79.22 -78.78 -78.38 -77.94 -77.50 -77.09 -76.62 -76.12 -75.62 -75.09 -74.53 -73.91 -73.22
-87.62 -87.56 -87.50 -87.44 -87.44 -87.41 -87.41 -87.38 -87.38 -87.38 -87.38 -87.38 -87.38 -87.38 -87.38 -87.38 -87.38 -87.38 -87.38 -87.38 -87.38 -87.38 -87.38 -87.38 -87.38 -87.38 -87.38 -87.38 -87.38 -87.38 -87.22 -87.16 -87.06 -87.00 -86.88 -86.72 -86.50 -86.31 -86.12 -85.88 -85.69 -85.41 -85.12 -84.84 -84.53 -84.25 -83.94 -83.62 -83.28 -82.97 -82.62 -82.25 -81.88 -81.50 -81.12 -80.75 -80.38 -80.00 -79.59 -79.19 -78.78 -78.34 -77.94 -77.50 -77.06 -76.59 -76.12 -75.59 -75.06 -74.47 -73.84 -73.16
-87.62 -87.56 -87.50 -87.47 -87.44 -87.41 -87.38 -87.38 -87.38 -87.38 -87.38 -87.38 -87.38 -87.38 -87.38 -87.38 -87.38 -87.38 -87.38 -87.38 -87.38 -87.38 -87.38 -87.38 -87.38 -87.38 -87.38 -87.38 -87.38 -87.38 -87.34 -87.16 -87.06 -87.00 -86.84 -86.69 -86.50 -86.31 -86.16 -85.94 -85.69 -85.44 -85.09 -84.81 -84.53 -84.22 -83.91 -83.59 -83.28 -82.94 -82.62 -82.28 -81.91 -81.53 -81.16 -80.75 -80.38 -79.97 -79.59 -79.19 -78.78 -78.34 -77.91 -77.47 -77.03 -76.59 -76.09 -75.56 -75.00 -74.41 -73.75 -73.03
-87.62 -87.56 -87.53 -87.47 -87.44 -87.41 -87.38 -87.38 -87.38 -87.38 -87.38 -87.38 -87.38 -87.38 -87.38 -87.38 -87.38 -87.38 -87.38 -87.38 -87.38 -87.38 -87.38 -87.38 -87.38 -87.38 -87.38 -87.38 -87.38 -87.38 -87.34 -87.16 -87.06 -87.00 -86.88 -86.69 -86.50 -86.31 -86.12 -85.91 -85.66 -85.44 -85.12 -84.81 -84.53 -84.22 -83.91 -83.56 -83.25 -82.94 -82.59 -82.25 -81.91 -81.53 -81.16 -80.75 -80.34 -79.94 -79.56 -79.16 -78.75 -78.34 -77.91 -77.47 -77.03 -76.56 -76.06 -75.50 -74.94 -74.31 -73.62 -72.91
-87.62 -87.56 -87.53 -87.47 -87.44 -87.41 -87.41 -87.38 -87.38 -87.38 -87.38 -87.38 -87.38 -87.38 -87.38 -87.38 -87.38 -87.38 -87.38 -87.38 -87.38 -87.34 -87.34 -87.34 -87.38 -87.38 -87.38 -87.38 -87.38 -87.34 -87.34 -87.16 -87.09 -87.00 -86.91 -86.75 -86.56 -86.34 -86.16 -85.97 -85.72 -85.41 -85.12 -84.84 -84.56 -84.25 -83.94 -83.59 -83.25 -82.91 -82.56 -82.22 -81.88 -81.53 -81.16 -80.75 -80.31 -79.91 -79.53 -79.12 -78.75 -78.34 -77.91 -77.47 -77.00 -76.53 -76.00 -75.44 -74.81 -74.16 -73.47 -72.75
-87.62 -87.59 -87.53 -87.50 -87.44 -87.41 -87.41 -87.38 -87.38 -87.34 -87.34 -87.34 -87.34 -87.34 -87.38 -87.38 -87.38 -87.38 -87.38 -87.34 -87.34 -87.34 -87.34 -87.34 -87.34 -87.34 -87.34 -87.34 -87.34 -87.34 -87.34 -87.16 -87.09 -87.03 -86.91 -86.75 -86.56 -86.41 -86.19 -86.03 -85.78 -85.44 -85.12 -84.84 -84.56 -84.25 -83.94 -83.62 -83.28 -82.94 -82.56 -82.19 -81.84 -81.47 -81.09 -80.72 -80.31 -79.91 -79.50 -79.12 -78.75 -78.34 -77.91 -77.47 -76.97 -76.50 -75.97 -75.38 -74.72 -74.06 -73.34 -72.62
