arlandasctiles/Tile4,12.asc
ncols 128
nrows 128
xllcorner 0
yllcorner 0
cellsize 2.0
NODATA_value  -9999
[rows 0 to 35 of 128, columns 0 to 81 of 128]
-3.22 -3.12 -3.06 -3.00 -2.94 -2.88 -2.81 -2.75 -2.88 -3.06 -3.22 -3.38 -3.50 -3.59 -3.62 -3.69 -3.72 -3.72 -3.75 -3.75 -3.78 -3.78 -3.78 -3.75 -3.75 -3.72 -3.72 -3.69 -3.69 -3.66 -3.62 -3.59 -3.56 -3.56 -3.53 -3.50 -3.47 -3.44 -3.41 -3.34 -3.31 -3.28 -3.22 -3.19 -3.12 -3.03 -2.97 -2.88 -2.78 -2.69 -2.59 -2.47 -2.31 -2.16 -2.00 -0.38 0.81 1.16 1.16 1.16 1.16 1.16 1.16 1.16 1.16 1.12 1.12 1.12 1.09 1.09 1.09 1.06 1.06 1.16 1.22 1.25 1.25 1.28 1.31 1.09 1.06 1.03
-3.22 -3.16 -3.06 -3.00 -2.94 -2.88 -2.81 -2.75 -2.94 -3.12 -3.28 -3.41 -3.53 -3.59 -3.66 -3.69 -3.72 -3.72 -3.75 -3.78 -3.78 -3.78 -3.78 -3.75 -3.75 -3.72 -3.69 -3.69 -3.66 -3.62 -3.59 -3.59 -3.56 -3.53 -3.50 -3.47 -3.44 -3.41 -3.38 -3.31 -3.28 -3.25 -3.19 -3.16 -3.09 -3.03 -2.97 -2.91 -2.81 -2.72 -2.62 -2.53 -2.44 -2.31 -2.25 -1.81 -0.31 1.12 1.16 1.16 1.16 1.16 1.16 1.16 1.16 1.12 1.12 1.12 1.12 1.09 1.09 1.09 1.09 1.16 1.19 1.19 1.22 1.22 1.22 1.06 1.06 1.03
-3.22 -3.16 -3.06 -3.00 -2.94 -2.88 -2.81 -2.78 -3.00 -3.16 -3.34 -3.47 -3.53 -3.59 -3.66 -3.69 -3.72 -3.78 -3.81 -3.81 -3.81 -3.78 -3.78 -3.75 -3.72 -3.72 -3.69 -3.66 -3.62 -3.59 -3.59 -3.56 -3.53 -3.50 -3.47 -3.44 -3.41 -3.38 -3.34 -3.28 -3.25 -3.22 -3.16 -3.12 -3.06 -3.00 -2.97 -2.88 -2.81 -2.75 -2.66 -2.56 -2.50 -2.41 -2.34 -2.34 -1.53 0.81 1.16 1.16 1.16 1.16 1.16 1.16 1.16 1.16 1.12 1.12 1.12 1.12 1.12 1.12 1.12 1.12 1.16 1.16 1.16 1.16 1.12 1.09 1.06 1.03
-3.25 -3.16 -3.09 -3.00 -2.94 -2.88 -2.81 -2.84 -3.03 -3.22 -3.38 -3.47 -3.56 -3.62 -3.66 -3.72 -3.78 -3.81 -3.81 -3.81 -3.81 -3.78 -3.78 -3.75 -3.72 -3.69 -3.66 -3.62 -3.59 -3.59 -3.56 -3.53 -3.50 -3.47 -3.44 -3.41 -3.38 -3.34 -3.31 -3.25 -3.22 -3.19 -3.12 -3.09 -3.03 -3.00 -2.94 -2.88 -2.81 -2.75 -2.66 -2.59 -2.53 -2.47 -2.41 -2.38 -2.03 0.28 1.00 1.16 1.16 1.16 1.16 1.16 1.16 1.16 1.16 1.12 1.12 1.12 1.12 1.12 1.12 1.12 1.12 1.12 1.12 1.12 1.12 1.09 1.09 1.03
-3.25 -3.16 -3.09 -3.03 -2.94 -2.88 -2.81 -2.88 -3.09 -3.25 -3.41 -3.50 -3.59 -3.66 -3.72 -3.78 -3.81 -3.84 -3.84 -3.81 -3.78 -3.78 -3.75 -3.72 -3.69 -3.69 -3.66 -3.62 -3.59 -3.56 -3.53 -3.50 -3.47 -3.44 -3.41 -3.38 -3.34 -3.31 -3.28 -3.22 -3.19 -3.16 -3.09 -3.06 -3.00 -2.97 -2.91 -2.84 -2.78 -2.72 -2.66 -2.59 -2.53 -2.47 -2.41 -2.38 -2.25 -0.62 0.56 1.16 1.16 1.16 1.16 1.16 1.16 1.16 1.16 1.16 1.16 1.12 1.12 1.12 1.12 1.09 1.09 1.09 1.09 1.09 1.12 1.09 1.09 1.06
-3.25 -3.19 -3.09 -3.03 -2.97 -2.88 -2.81 -2.94 -3.12 -3.28 -3.44 -3.53 -3.62 -3.72 -3.78 -3.81 -3.84 -3.84 -3.84 -3.81 -3.78 -3.75 -3.72 -3.69 -3.69 -3.66 -3.62 -3.59 -3.56 -3.53 -3.50 -3.47 -3.44 -3.41 -3.38 -3.34 -3.31 -3.28 -3.25 -3.19 -3.16 -3.12 -3.06 -3.00 -2.97 -2.94 -2.88 -2.84 -2.78 -2.72 -2.66 -2.59 -2.53 -2.47 -2.41 -2.34 -2.28 -1.66 -0.44 1.16 1.16 1.16 1.16 1.16 1.16 1.16 1.16 1.16 1.16 1.16 1.16 1.12 1.12 1.09 1.09 1.09 1.09 1.09 1.12 1.12 1.12 1.09
-3.25 -3.19 -3.09 -3.03 -2.97 -2.91 -2.84 -2.97 -3.16 -3.34 -3.47 -3.59 -3.69 -3.78 -3.81 -3.84 -3.84 -3.84 -3.81 -3.78 -3.75 -3.72 -3.69 -3.69 -3.66 -3.62 -3.59 -3.56 -3.53 -3.50 -3.47 -3.47 -3.44 -3.38 -3.34 -3.31 -3.28 -3.25 -3.22 -3.16 -3.12 -3.09 -3.03 -2.94 -2.91 -2.88 -2.84 -2.81 -2.75 -2.69 -2.62 -2.56 -2.50 -2.44 -2.41 -2.34 -2.28 -2.03 -1.19 1.16 1.16 1.16 1.16 1.16 1.16 1.16 1.16 1.16 1.16 1.16 1.16 1.16 1.12 1.12 1.06 1.06 1.09 1.12 1.12 1.12 1.12 1.12
-3.28 -3.19 -3.09 -3.03 -2.97 -2.91 -2.84 -3.00 -3.19 -3.41 -3.56 -3.69 -3.78 -3.84 -3.88 -3.88 -3.84 -3.84 -3.81 -3.78 -3.72 -3.69 -3.69 -3.66 -3.62 -3.62 -3.59 -3.56 -3.53 -3.50 -3.47 -3.44 -3.41 -3.38 -3.31 -3.28 -3.25 -3.22 -3.19 -3.16 -3.09 -3.06 -3.00 -2.91 -2.88 -2.84 -2.81 -2.78 -2.72 -2.66 -2.62 -2.56 -2.50 -2.44 -2.38 -2.31 -2.25 -2.12 -1.44 1.16 1.16 1.16 1.16 1.16 1.16 1.16 1.16 1.16 1.16 1.16 1.16 1.16 1.16 1.12 1.12 1.12 1.12 1.12 1.12 1.12 1.12 1.12
-3.28 -3.19 -3.09 -3.03 -2.97 -2.91 -2.84 -3.03 -3.28 -3.53 -3.72 -3.81 -3.88 -3.91 -3.88 -3.88 -3.84 -3.81 -3.78 -3.75 -3.72 -3.69 -3.66 -3.62 -3.62 -3.59 -3.56 -3.53 -3.50 -3.47 -3.44 -3.41 -3.38 -3.34 -3.31 -3.25 -3.22 -3.19 -3.16 -3.12 -3.06 -3.03 -2.97 -2.91 -2.81 -2.78 -2.78 -2.75 -2.69 -2.66 -2.59 -2.53 -2.47 -2.41 -2.34 -2.25 -2.19 -2.06 -1.41 1.16 1.16 1.16 1.16 1.16 1.16 1.16 1.16 1.16 1.16 1.16 1.16 1.16 1.16 1.12 1.12 1.12 1.12 1.12 1.12 1.12 1.12 1.12
-3.28 -3.19 -3.12 -3.03 -2.97 -2.91 -2.84 -3.12 -3.47 -3.72 -3.88 -3.94 -3.94 -3.91 -3.88 -3.84 -3.81 -3.81 -3.78 -3.75 -3.72 -3.69 -3.66 -3.62 -3.62 -3.59 -3.53 -3.50 -3.47 -3.44 -3.41 -3.38 -3.34 -3.31 -3.28 -3.25 -3.19 -3.16 -3.12 -3.09 -3.03 -3.00 -2.94 -2.88 -2.78 -2.75 -2.75 -2.72 -2.66 -2.62 -2.56 -2.50 -2.44 -2.38 -2.28 -2.22 -2.09 -1.91 -1.03 1.16 1.16 1.16 1.16 1.16 1.16 1.16 1.16 1.16 1.16 1.16 1.16 1.16 1.16 1.16 1.12 1.12 1.12 1.12 1.12 1.12 1.12 1.12
-3.28 -3.19 -3.12 -3.03 -2.97 -2.91 -2.88 -3.28 -3.69 -3.91 -3.97 -3.94 -3.91 -3.84 -3.81 -3.78 -3.78 -3.78 -3.78 -3.75 -3.72 -3.69 -3.66 -3.62 -3.59 -3.56 -3.53 -3.50 -3.44 -3.44 -3.41 -3.38 -3.31 -3.28 -3.25 -3.22 -3.19 -3.12 -3.09 -3.06 -3.03 -2.97 -2.94 -2.88 -2.78 -2.72 -2.72 -2.69 -2.66 -2.59 -2.53 -2.47 -2.41 -2.34 -2.25 -2.16 -2.00 -1.75 -0.56 1.16 1.16 1.16 1.16 1.16 1.16 1.16 1.16 1.16 1.16 1.16 1.16 1.16 1.16 1.16 1.12 1.12 1.12 1.12 1.12 1.12 1.12 1.12
-3.28 -3.19 -3.12 -3.03 -2.97 -2.91 -3.09 -3.56 -3.88 -4.00 -3.97 -3.84 -3.75 -3.69 -3.66 -3.69 -3.72 -3.75 -3.75 -3.72 -3.69 -3.69 -3.66 -3.62 -3.56 -3.53 -3.50 -3.47 -3.44 -3.41 -3.38 -3.34 -3.31 -3.25 -3.22 -3.19 -3.16 -3.09 -3.06 -3.03 -3.00 -2.94 -2.91 -2.84 -2.78 -2.72 -2.69 -2.66 -2.62 -2.56 -2.53 -2.47 -2.41 -2.31 -2.22 -2.09 -1.91 -1.56 -0.28 1.16 1.16 1.16 1.16 1.16 1.16 1.16 1.16 1.16 1.16 1.16 1.16 1.16 1.16 1.16 1.12 1.12 1.12 1.12 1.12 1.12 1.12 1.12
-3.28 -3.19 -3.12 -3.03 -2.97 -2.94 -3.31 -3.72 -3.97 -4.00 -3.91 -3.75 -3.62 -3.53 -3.50 -3.56 -3.66 -3.75 -3.75 -3.72 -3.69 -3.66 -3.62 -3.59 -3.53 -3.50 -3.47 -3.44 -3.41 -3.38 -3.34 -3.31 -3.28 -3.25 -3.19 -3.16 -3.12 -3.09 -3.03 -3.00 -2.97 -2.91 -2.88 -2.81 -2.78 -2.72 -2.69 -2.66 -2.59 -2.56 -2.50 -2.44 -2.38 -2.28 -2.19 -2.06 -1.84 -1.47 -0.28 1.12 1.16 1.16 1.16 1.16 1.16 1.16 1.16 1.16 1.16 1.16 1.16 1.16 1.16 1.16 1.16 1.12 1.12 1.12 1.12 1.12 1.12 1.12
-3.28 -3.19 -3.09 -3.03 -2.97 -3.09 -3.50 -3.84 -4.00 -4.00 -3.84 -3.69 -3.50 -3.41 -3.38 -3.44 -3.62 -3.72 -3.75 -3.69 -3.66 -3.62 -3.59 -3.56 -3.53 -3.50 -3.47 -3.44 -3.41 -3.38 -3.34 -3.28 -3.25 -3.22 -3.19 -3.12 -3.09 -3.06 -3.00 -2.97 -2.94 -2.91 -2.84 -2.81 -2.75 -2.72 -2.66 -2.62 -2.56 -2.53 -2.47 -2.41 -2.34 -2.28 -2.19 -2.03 -1.84 -1.47 -0.41 1.00 1.16 1.16 1.16 1.16 1.16 1.16 1.16 1.16 1.16 1.16 1.16 1.16 1.16 1.16 1.16 1.12 1.12 1.12 1.12 1.12 1.12 1.12
-3.28 -3.19 -3.09 -3.03 -2.97 -3.25 -3.62 -3.91 -4.03 -3.97 -3.81 -3.62 -3.44 -3.31 -3.28 -3.41 -3.59 -3.72 -3.72 -3.66 -3.59 -3.59 -3.56 -3.53 -3.50 -3.47 -3.44 -3.41 -3.38 -3.34 -3.31 -3.28 -3.25 -3.19 -3.16 -3.12 -3.06 -3.03 -3.00 -2.94 -2.91 -2.88 -2.81 -2.78 -2.75 -2.69 -2.66 -2.59 -2.56 -2.50 -2.44 -2.41 -2.34 -2.25 -2.16 -2.06 -1.88 -1.56 -0.59 0.94 1.16 1.16 1.16 1.16 1.16 1.16 1.16 1.16 1.16 1.16 1.16 1.16 1.16 1.16 1.12 1.12 1.12 1.12 1.12 1.12 1.12 1.12
-3.25 -3.19 -3.09 -3.03 -3.03 -3.34 -3.69 -3.94 -4.03 -3.97 -3.81 -3.59 -3.41 -3.28 -3.25 -3.38 -3.59 -3.75 -3.69 -3.62 -3.59 -3.56 -3.53 -3.53 -3.50 -3.47 -3.44 -3.41 -3.38 -3.31 -3.28 -3.25 -3.22 -3.19 -3.12 -3.09 -3.06 -3.00 -2.97 -2.91 -2.88 -2.84 -2.81 -2.75 -2.72 -2.66 -2.62 -2.56 -2.53 -2.47 -2.44 -2.38 -2.31 -2.25 -2.16 -2.06 -1.94 -1.72 -0.88 0.72 1.16 1.16 1.16 1.16 1.16 1.12 1.09 1.16 1.16 1.16 1.16 1.16 1.16 1.16 1.12 1.12 1.12 1.12 1.12 1.12 1.12 1.12
-3.25 -3.19 -3.09 -3.03 -3.12 -3.44 -3.75 -3.97 -4.03 -3.97 -3.81 -3.59 -3.41 -3.25 -3.25 -3.38 -3.59 -3.72 -3.69 -3.59 -3.56 -3.56 -3.53 -3.50 -3.47 -3.44 -3.41 -3.38 -3.34 -3.31 -3.28 -3.22 -3.19 -3.16 -3.12 -3.06 -3.03 -2.97 -2.94 -2.91 -2.84 -2.81 -2.78 -2.75 -2.69 -2.66 -2.59 -2.56 -2.50 -2.44 -2.41 -2.34 -2.28 -2.22 -2.16 -2.09 -1.97 -1.88 -1.56 0.19 1.16 1.16 1.16 1.16 1.16 1.16 1.16 1.12 1.16 1.16 1.16 1.16 1.16 1.16 1.12 1.12 1.12 1.12 1.12 1.12 1.12 1.12
-3.25 -3.19 -3.09 -3.03 -3.22 -3.50 -3.78 -3.97 -4.03 -3.97 -3.84 -3.66 -3.47 -3.31 -3.28 -3.41 -3.59 -3.72 -3.69 -3.59 -3.56 -3.56 -3.53 -3.50 -3.47 -3.44 -3.41 -3.38 -3.34 -3.28 -3.25 -3.22 -3.16 -3.12 -3.09 -3.03 -3.00 -2.97 -2.91 -2.88 -2.81 -2.78 -2.75 -2.72 -2.66 -2.62 -2.56 -2.53 -2.47 -2.44 -2.38 -2.34 -2.28 -2.22 -2.16 -2.09 -2.00 -1.94 -1.84 -0.09 1.16 1.16 1.16 1.16 1.16 1.16 1.16 1.16 1.16 1.16 1.16 1.16 1.16 1.16 1.12 1.12 1.12 1.12 1.12 1.12 1.12 1.12
-3.25 -3.16 -3.09 -3.06 -3.31 -3.56 -3.78 -3.97 -4.03 -4.00 -3.88 -3.72 -3.56 -3.44 -3.41 -3.44 -3.56 -3.69 -3.69 -3.62 -3.59 -3.56 -3.53 -3.50 -3.47 -3.44 -3.38 -3.34 -3.31 -3.28 -3.22 -3.19 -3.16 -3.09 -3.06 -3.03 -2.97 -2.94 -2.91 -2.84 -2.81 -2.75 -2.72 -2.69 -2.62 -2.59 -2.56 -2.50 -2.44 -2.41 -2.34 -2.31 -2.25 -2.19 -2.16 -2.06 -2.00 -1.94 -1.84 -0.12 1.16 1.16 1.16 1.16 1.16 1.16 1.16 1.16 1.16 1.16 1.16 1.16 1.16 1.16 1.12 1.12 1.12 1.12 1.12 1.12 1.12 1.12
-3.25 -3.16 -3.09 -3.16 -3.38 -3.62 -3.81 -3.94 -4.03 -4.00 -3.91 -3.75 -3.62 -3.50 -3.44 -3.47 -3.56 -3.66 -3.69 -3.66 -3.59 -3.56 -3.50 -3.47 -3.44 -3.41 -3.38 -3.34 -3.31 -3.25 -3.22 -3.19 -3.12 -3.09 -3.03 -3.00 -2.97 -2.91 -2.88 -2.81 -2.78 -2.75 -2.69 -2.66 -2.62 -2.56 -2.53 -2.47 -2.44 -2.38 -2.34 -2.28 -2.25 -2.19 -2.12 -2.06 -2.00 -1.91 -1.78 -0.22 0.69 1.16 1.16 1.16 1.16 1.16 1.16 1.16 1.16 1.16 1.16 1.16 1.16 1.16 1.12 1.12 1.12 1.12 1.09 1.09 1.09 1.09
-3.25 -3.16 -3.09 -3.22 -3.44 -3.66 -3.84 -3.97 -4.00 -4.00 -3.94 -3.81 -3.69 -3.56 -3.50 -3.50 -3.53 -3.59 -3.62 -3.62 -3.59 -3.56 -3.50 -3.47 -3.44 -3.41 -3.34 -3.31 -3.28 -3.25 -3.19 -3.16 -3.12 -3.06 -3.03 -2.97 -2.94 -2.91 -2.84 -2.81 -2.75 -2.72 -2.66 -2.62 -2.59 -2.56 -2.50 -2.44 -2.41 -2.34 -2.31 -2.28 -2.22 -2.16 -2.09 -2.03 -1.97 -1.84 -1.66 -0.34 0.91 1.16 1.16 1.16 1.16 1.16 1.16 1.16 1.16 1.16 1.16 1.16 1.16 1.16 1.12 1.12 1.12 1.09 1.09 1.09 1.09 1.09
-3.25 -3.16 -3.09 -3.28 -3.50 -3.69 -3.84 -3.97 -4.00 -4.00 -3.94 -3.84 -3.72 -3.62 -3.53 -3.47 -3.47 -3.50 -3.53 -3.56 -3.56 -3.53 -3.50 -3.47 -3.44 -3.38 -3.34 -3.31 -3.25 -3.22 -3.19 -3.12 -3.09 -3.06 -3.00 -2.97 -2.91 -2.88 -2.81 -2.78 -2.75 -2.69 -2.66 -2.59 -2.56 -2.53 -2.47 -2.44 -2.38 -2.34 -2.28 -2.25 -2.19 -2.16 -2.09 -2.00 -1.94 -1.81 -1.44 -0.41 0.97 1.16 1.16 1.16 1.16 1.16 1.16 1.16 1.16 1.16 1.16 1.16 1.16 1.16 1.12 1.12 1.09 1.09 1.09 1.09 1.09 1.09
-3.22 -3.16 -3.19 -3.34 -3.56 -3.72 -3.88 -3.97 -4.00 -4.00 -3.94 -3.84 -3.72 -3.62 -3.50 -3.44 -3.41 -3.41 -3.41 -3.47 -3.50 -3.50 -3.50 -3.44 -3.41 -3.38 -3.31 -3.28 -3.25 -3.19 -3.16 -3.12 -3.06 -3.03 -2.97 -2.94 -2.91 -2.84 -2.81 -2.75 -2.72 -2.66 -2.62 -2.59 -2.53 -2.50 -2.47 -2.41 -2.38 -2.31 -2.28 -2.22 -2.19 -2.12 -2.06 -2.00 -1.91 -1.78 -1.44 -0.44 0.94 1.16 1.16 1.16 1.16 1.16 1.16 1.16 1.16 1.16 1.16 1.16 1.16 1.12 1.12 1.12 1.09 1.09 1.06 1.06 1.06 1.06
-3.22 -3.16 -3.25 -3.41 -3.59 -3.75 -3.91 -3.97 -4.03 -4.00 -3.94 -3.84 -3.72 -3.59 -3.47 -3.38 -3.31 -3.31 -3.31 -3.34 -3.44 -3.47 -3.47 -3.44 -3.41 -3.34 -3.31 -3.28 -3.22 -3.19 -3.16 -3.09 -3.06 -3.00 -2.97 -2.91 -2.88 -2.81 -2.78 -2.75 -2.69 -2.66 -2.59 -2.56 -2.53 -2.47 -2.44 -2.38 -2.34 -2.31 -2.25 -2.22 -2.16 -2.09 -2.03 -1.97 -1.88 -1.75 -1.50 -0.44 0.72 1.16 1.16 1.16 1.16 1.16 1.16 1.16 1.16 1.16 1.16 1.16 1.16 1.12 1.12 1.09 1.09 1.06 1.06 1.03 1.03 1.03
-3.22 -3.16 -3.31 -3.47 -3.62 -3.78 -3.91 -4.00 -4.03 -4.00 -3.94 -3.84 -3.72 -3.59 -3.47 -3.34 -3.25 -3.22 -3.19 -3.22 -3.31 -3.41 -3.44 -3.41 -3.38 -3.34 -3.31 -3.25 -3.22 -3.16 -3.12 -3.09 -3.03 -3.00 -2.94 -2.91 -2.84 -2.81 -2.75 -2.72 -2.66 -2.62 -2.59 -2.53 -2.50 -2.47 -2.41 -2.38 -2.31 -2.28 -2.22 -2.19 -2.12 -2.09 -2.03 -1.94 -1.88 -1.78 -1.62 -0.38 0.38 1.16 1.16 1.16 1.16 1.16 1.16 1.16 1.16 1.16 1.16 1.16 1.16 1.12 1.12 1.09 1.06 1.06 1.03 1.03 0.97 0.94
-3.22 -3.25 -3.38 -3.50 -3.66 -3.81 -3.91 -4.00 -4.03 -4.00 -3.94 -3.84 -3.72 -3.59 -3.47 -3.34 -3.22 -3.16 -3.12 -3.12 -3.19 -3.31 -3.38 -3.38 -3.34 -3.31 -3.28 -3.25 -3.19 -3.16 -3.09 -3.06 -3.00 -2.97 -2.94 -2.88 -2.84 -2.78 -2.75 -2.69 -2.66 -2.59 -2.56 -2.53 -2.47 -2.44 -2.41 -2.34 -2.31 -2.25 -2.22 -2.16 -2.12 -2.06 -2.00 -1.94 -1.84 -1.75 -1.66 -0.31 0.53 1.16 1.16 1.16 1.16 1.16 1.16 1.16 1.16 1.16 1.16 1.16 1.16 1.12 1.09 1.09 1.06 1.03 1.03 0.97 0.94 0.91
-3.25 -3.31 -3.44 -3.56 -3.69 -3.84 -3.94 -4.00 -4.03 -4.00 -3.94 -3.84 -3.72 -3.59 -3.47 -3.34 -3.22 -3.12 -3.06 -3.06 -3.09 -3.19 -3.31 -3.34 -3.34 -3.31 -3.28 -3.22 -3.19 -3.12 -3.09 -3.03 -3.00 -2.94 -2.91 -2.84 -2.81 -2.75 -2.72 -2.69 -2.62 -2.59 -2.56 -2.50 -2.47 -2.44 -2.38 -2.31 -2.28 -2.25 -2.19 -2.16 -2.09 -2.03 -1.97 -1.91 -1.81 -1.72 -1.59 -0.22 0.91 1.16 1.16 1.16 1.16 1.16 1.16 1.16 1.16 1.16 1.16 1.16 1.12 1.12 1.09 1.06 1.03 1.03 1.00 0.94 0.91 0.91
-3.31 -3.38 -3.50 -3.59 -3.72 -3.84 -3.94 -4.00 -4.03 -4.00 -3.94 -3.84 -3.72 -3.59 -3.47 -3.34 -3.22 -3.12 -3.06 -3.03 -3.03 -3.09 -3.22 -3.28 -3.28 -3.28 -3.25 -3.22 -3.16 -3.12 -3.06 -3.03 -2.97 -2.94 -2.88 -2.84 -2.78 -2.75 -2.69 -2.66 -2.62 -2.56 -2.53 -2.50 -2.44 -2.41 -2.34 -2.31 -2.25 -2.22 -2.19 -2.12 -2.09 -2.03 -1.97 -1.88 -1.75 -1.62 -1.34 -0.25 1.00 1.16 1.16 1.16 1.16 1.16 1.16 1.16 1.16 1.16 1.16 1.16 1.12 1.09 1.06 1.03 1.03 1.00 1.00 0.94 0.91 0.88
-3.44 -3.47 -3.53 -3.66 -3.75 -3.88 -3.94 -4.00 -4.00 -4.00 -3.94 -3.84 -3.75 -3.62 -3.47 -3.34 -3.22 -3.12 -3.03 -3.00 -3.00 -3.03 -3.12 -3.22 -3.25 -3.25 -3.22 -3.19 -3.16 -3.09 -3.06 -3.00 -2.97 -2.91 -2.88 -2.81 -2.78 -2.72 -2.69 -2.62 -2.59 -2.56 -2.53 -2.47 -2.44 -2.41 -2.34 -2.28 -2.25 -2.19 -2.16 -2.12 -2.06 -2.00 -1.94 -1.84 -1.72 -1.50 -0.97 -0.28 0.91 1.12 1.16 1.16 1.16 1.16 1.16 1.16 1.16 1.16 1.16 1.12 1.09 1.06 1.03 1.03 1.00 1.00 0.97 0.94 0.91 0.91
-3.53 -3.53 -3.59 -3.69 -3.78 -3.88 -3.94 -4.00 -4.00 -4.00 -3.94 -3.84 -3.75 -3.62 -3.50 -3.34 -3.22 -3.12 -3.03 -3.00 -2.97 -3.00 -3.03 -3.12 -3.19 -3.19 -3.19 -3.16 -3.12 -3.09 -3.03 -3.00 -2.94 -2.91 -2.84 -2.78 -2.75 -2.69 -2.66 -2.62 -2.56 -2.53 -2.50 -2.47 -2.41 -2.38 -2.31 -2.28 -2.22 -2.19 -2.16 -2.09 -2.03 -1.97 -1.91 -1.81 -1.69 -1.47 -0.91 -0.31 0.56 0.97 1.12 1.16 1.16 1.16 1.16 1.09 1.09 1.06 1.06 1.06 1.06 1.03 1.00 1.00 0.97 0.97 0.97 0.94 0.91 0.91
-3.62 -3.59 -3.66 -3.72 -3.81 -3.88 -3.94 -4.00 -4.00 -4.00 -3.94 -3.88 -3.75 -3.62 -3.50 -3.38 -3.25 -3.12 -3.06 -2.97 -2.94 -2.97 -3.00 -3.03 -3.12 -3.16 -3.16 -3.12 -3.12 -3.06 -3.03 -2.97 -2.94 -2.88 -2.81 -2.78 -2.72 -2.69 -2.62 -2.59 -2.56 -2.53 -2.50 -2.44 -2.41 -2.38 -2.31 -2.25 -2.22 -2.19 -2.12 -2.09 -2.03 -1.97 -1.91 -1.81 -1.69 -1.47 -0.94 -0.38 0.19 0.75 1.03 1.16 1.16 1.12 1.06 1.03 1.00 0.97 0.97 0.97 0.97 0.97 0.97 0.97 0.97 0.94 0.94 0.94 0.91 0.91
-3.69 -3.69 -3.69 -3.75 -3.81 -3.91 -3.94 -4.00 -4.00 -4.00 -3.94 -3.88 -3.78 -3.66 -3.53 -3.41 -3.28 -3.16 -3.06 -3.00 -2.94 -2.94 -2.94 -3.00 -3.06 -3.12 -3.12 -3.12 -3.09 -3.06 -3.00 -2.97 -2.91 -2.88 -2.81 -2.75 -2.69 -2.66 -2.59 -2.56 -2.53 -2.50 -2.47 -2.44 -2.41 -2.34 -2.28 -2.25 -2.22 -2.16 -2.12 -2.06 -2.00 -1.97 -1.88 -1.81 -1.69 -1.56 -1.22 -0.56 -0.03 0.56 0.94 1.03 1.00 1.00 0.97 0.94 0.91 0.88 0.84 0.81 0.88 0.91 0.91 0.94 0.94 0.94 0.94 0.91 0.91 0.88
-3.78 -3.75 -3.75 -3.78 -3.84 -3.91 -3.94 -4.00 -4.00 -3.97 -3.94 -3.88 -3.78 -3.69 -3.56 -3.44 -3.28 -3.19 -3.06 -3.00 -2.94 -2.91 -2.91 -2.97 -3.00 -3.06 -3.09 -3.09 -3.06 -3.03 -3.00 -2.97 -2.91 -2.84 -2.78 -2.75 -2.69 -2.62 -2.59 -2.56 -2.53 -2.50 -2.47 -2.41 -2.38 -2.34 -2.28 -2.25 -2.19 -2.16 -2.09 -2.06 -2.00 -1.94 -1.88 -1.81 -1.72 -1.66 -1.53 -1.00 -0.22 0.34 0.78 0.88 0.91 0.91 0.91 0.88 0.81 0.78 0.75 0.75 0.78 0.84 0.88 0.88 0.91 0.91 0.91 0.91 0.91 0.91
-3.84 -3.81 -3.78 -3.81 -3.84 -3.91 -3.94 -3.97 -4.00 -3.97 -3.94 -3.88 -3.81 -3.69 -3.56 -3.44 -3.31 -3.22 -3.09 -3.03 -2.94 -2.91 -2.91 -2.94 -2.97 -3.03 -3.06 -3.06 -3.03 -3.03 -2.97 -2.94 -2.91 -2.84 -2.78 -2.72 -2.66 -2.62 -2.56 -2.53 -2.50 -2.47 -2.44 -2.41 -2.38 -2.31 -2.28 -2.25 -2.19 -2.16 -2.09 -2.03 -2.00 -1.94 -1.88 -1.81 -1.75 -1.69 -1.66 -1.28 -0.34 0.22 0.69 0.81 0.84 0.84 0.81 0.78 0.75 0.69 0.62 0.69 0.75 0.78 0.81 0.84 0.88 0.91 0.94 0.94 0.94 0.97
-3.94 -3.88 -3.84 -3.81 -3.88 -3.91 -3.94 -3.97 -3.97 -3.97 -3.94 -3.88 -3.81 -3.72 -3.59 -3.50 -3.38 -3.25 -3.12 -3.03 -2.97 -2.91 -2.91 -2.91 -2.94 -2.97 -3.00 -3.03 -3.00 -3.00 -2.97 -2.94 -2.88 -2.84 -2.78 -2.72 -2.66 -2.59 -2.53 -2.50 -2.50 -2.47 -2.44 -2.41 -2.38 -2.31 -2.28 -2.22 -2.19 -2.12 -2.09 -2.03 -1.97 -1.94 -1.88 -1.81 -1.75 -1.72 -1.66 -1.38 -0.41 0.19 0.69 0.78 0.78 0.78 0.75 0.72 0.66 0.62 0.56 0.59 0.66 0.75 0.81 0.81 0.88 0.91 0.94 0.97 0.97 1.03
-4.00 -3.94 -3.91 -3.84 -3.88 -3.91 -3.94 -3.97 -3.97 -3.97 -3.94 -3.88 -3.81 -3.75 -3.62 -3.53 -3.41 -3.28 -3.19 -3.09 -3.00 -2.94 -2.91 -2.91 -2.91 -2.97 -2.97 -3.00 -3.00 -2.97 -2.94 -2.91 -2.88 -2.84 -2.78 -2.72 -2.66 -2.59 -2.53 -2.50 -2.47 -2.44 -2.41 -2.41 -2.38 -2.31 -2.28 -2.22 -2.19 -2.12 -2.06 -2.03 -1.97 -1.91 -1.88 -1.81 -1.75 -1.72 -1.66 -1.38 -0.47 0.19 0.75 0.78 0.78 0.75 0.69 0.66 0.59 0.53 0.50 0.50 0.59 0.69 0.78 0.81 0.84 0.88 0.94 0.94 0.97 0.97
