arlandasctiles/Tile[2,9].asc
ncols 128
nrows 128
xllcorner 0
yllcorner 0
cellsize 2.0
NODATA_value  -9999
[rows 0 to 33 of 128, columns 0 to 76 of 128]
31.91 32.50 33.12 33.72 34.28 34.78 35.28 35.72 36.12 36.50 36.84 37.19 37.69 37.69 37.69 38.16 38.34 38.50 38.62 38.75 38.84 38.91 38.94 38.97 39.00 39.00 39.00 39.00 39.00 39.00 39.00 39.00 39.00 39.00 39.00 39.00 39.00 39.00 39.00 39.00 39.00 39.00 39.00 39.00 39.00 39.00 39.00 39.00 39.00 39.00 39.00 39.00 39.00 39.00 39.00 39.00 39.00 39.00 39.00 39.00 39.00 39.00 39.00 39.00 39.00 39.00 39.00 39.00 39.00 39.00 39.00 39.00 39.00 39.00 39.00 39.00 39.00
32.16 32.78 33.34 33.94 34.47 34.94 35.41 35.84 36.25 36.59 36.94 37.38 37.69 37.69 37.75 38.22 38.41 38.56 38.69 38.78 38.88 38.91 38.97 39.00 39.00 39.00 39.00 39.00 39.00 39.00 39.00 39.00 39.00 39.00 39.00 39.00 39.00 39.00 39.00 39.00 39.00 39.00 39.00 39.00 39.00 39.00 39.00 39.00 39.00 39.00 39.00 39.00 39.00 39.00 39.00 39.00 39.00 39.00 39.00 39.00 39.00 39.00 39.00 39.00 39.00 39.00 39.00 39.00 39.00 39.00 39.00 39.00 39.00 39.00 39.00 39.00 39.00
32.41 33.00 33.56 34.12 34.62 35.09 35.53 35.97 36.34 36.69 37.03 37.56 37.69 37.69 37.91 38.25 38.44 38.59 38.72 38.81 38.88 38.94 38.97 39.00 39.00 39.00 39.00 39.00 39.00 39.00 39.00 39.00 39.00 39.00 39.00 39.00 39.00 39.00 39.00 39.00 39.00 39.00 39.00 39.00 39.00 39.00 39.00 39.00 39.00 39.00 39.00 39.00 39.00 39.00 39.00 39.00 39.00 39.00 39.00 39.00 39.00 39.00 39.00 39.00 39.00 39.00 39.00 39.00 39.00 39.00 39.00 39.00 39.00 39.00 39.00 39.00 39.00
32.62 33.19 33.75 34.28 34.78 35.22 35.66 36.06 36.44 36.78 37.09 37.66 37.69 37.69 38.06 38.31 38.47 38.62 38.75 38.84 38.91 38.94 38.97 39.00 39.00 39.00 39.00 39.00 39.00 39.00 39.00 39.00 39.00 39.00 39.00 39.00 39.00 39.00 39.00 39.00 39.00 39.00 39.00 39.00 39.00 39.00 39.00 39.00 39.00 39.00 39.00 39.00 39.00 39.00 39.00 39.00 39.00 39.00 39.00 39.00 39.00 39.00 39.00 39.00 39.00 39.00 39.00 39.00 39.00 39.00 39.00 39.00 39.00 39.00 39.00 39.00 39.00
32.81 33.38 33.91 34.44 34.91 35.34 35.78 36.16 36.53 36.88 37.25 37.66 37.66 37.69 38.16 38.34 38.50 38.66 38.75 38.84 38.91 38.97 38.97 39.00 39.00 39.00 39.00 39.00 39.00 39.00 39.00 39.00 39.00 39.00 39.00 39.00 39.00 39.00 39.00 39.00 39.00 39.00 39.00 39.00 39.00 39.00 39.00 39.00 39.00 39.00 39.00 39.00 39.00 39.00 39.00 39.00 39.00 39.00 39.00 39.00 39.00 39.00 39.00 39.00 39.00 39.00 39.00 39.00 39.00 39.00 39.00 39.00 39.00 39.00 39.00 39.00 39.00
32.97 33.53 34.06 34.56 35.03 35.47 35.88 36.25 36.59 36.94 37.47 37.66 37.66 37.81 38.22 38.38 38.53 38.69 38.78 38.88 38.94 38.97 39.00 39.00 39.00 39.00 39.00 39.00 39.00 39.00 39.00 39.00 39.00 39.00 39.00 39.00 39.00 39.00 39.00 39.00 39.00 39.00 39.00 39.00 39.00 39.00 39.00 39.00 39.00 39.00 39.00 39.00 39.00 39.00 39.00 39.00 39.00 39.00 39.00 39.00 39.00 39.00 39.00 39.00 39.00 39.00 39.00 39.00 39.00 39.00 39.00 39.00 39.00 39.00 39.00 39.00 39.00
33.12 33.69 34.19 34.69 35.12 35.56 35.97 36.34 36.69 37.00 37.59 37.62 37.62 37.97 38.25 38.41 38.56 38.69 38.81 38.88 38.94 38.97 39.00 39.00 39.00 39.00 39.00 39.00 39.00 39.00 39.00 39.00 39.00 39.00 39.00 39.00 39.00 39.00 39.00 39.00 39.00 39.00 39.00 39.00 39.00 39.00 39.00 39.00 39.00 39.00 39.00 39.00 39.00 39.00 39.00 39.00 39.00 39.00 39.00 39.00 39.00 39.00 39.00 39.00 39.00 39.00 39.00 39.00 39.00 39.00 39.00 39.00 39.00 39.00 39.00 39.00 39.00
33.25 33.81 34.31 34.78 35.25 35.66 36.03 36.41 36.75 37.06 37.59 37.59 37.62 38.06 38.28 38.44 38.59 38.72 38.81 38.88 38.94 38.97 39.00 39.00 39.00 39.00 39.00 39.00 39.00 39.00 39.00 39.00 39.00 39.00 39.00 39.00 39.00 39.00 39.00 39.00 39.00 39.00 39.00 39.00 39.00 39.00 39.00 39.00 39.00 39.00 39.00 39.00 39.00 39.00 39.00 39.00 39.00 39.00 39.00 39.00 39.00 39.00 39.00 39.00 39.00 39.00 39.00 39.00 39.00 39.00 39.00 39.00 39.00 39.00 39.00 39.00 39.00
33.38 33.91 34.44 34.91 35.31 35.75 36.12 36.47 36.81 37.22 37.56 37.59 37.66 38.09 38.28 38.47 38.59 38.72 38.81 38.91 38.94 38.97 39.00 39.00 39.00 39.00 39.00 39.00 39.00 39.00 39.00 39.00 39.00 39.00 39.00 39.00 39.00 39.00 39.00 39.00 39.00 39.00 39.00 39.00 39.00 39.00 39.00 39.00 39.00 39.00 39.00 39.00 39.00 39.00 39.00 39.00 39.00 39.00 39.00 39.00 39.00 39.00 39.00 39.00 39.00 39.00 39.00 39.00 39.00 39.00 39.00 39.00 39.00 39.00 39.00 39.00 39.00
33.50 34.03 34.53 34.97 35.41 35.81 36.19 36.53 36.84 37.34 37.56 37.56 37.72 38.12 38.31 38.47 38.59 38.72 38.81 38.88 38.94 38.97 38.97 39.00 39.00 39.00 39.00 39.00 39.00 39.00 39.00 39.00 39.00 39.00 39.00 39.00 39.00 39.00 39.00 39.00 39.00 39.00 39.00 39.00 39.00 39.00 39.00 39.00 39.00 39.00 39.00 39.00 39.00 39.00 39.00 39.00 39.00 39.00 39.00 39.00 39.00 39.00 39.00 39.00 39.00 39.00 39.00 39.00 39.00 39.00 39.00 39.00 39.00 39.00 39.00 39.00 39.00
33.59 34.12 34.62 35.06 35.50 35.88 36.25 36.59 36.91 37.44 37.56 37.56 37.81 38.12 38.31 38.47 38.59 38.72 38.81 38.88 38.91 38.94 38.97 38.97 38.97 39.00 39.00 39.00 39.00 39.00 39.00 39.00 39.00 39.00 39.00 39.00 39.00 39.00 39.00 39.00 39.00 39.00 39.00 39.00 39.00 39.00 39.00 39.00 39.00 39.00 39.00 39.00 39.00 39.00 39.00 39.00 39.00 39.00 39.00 39.00 39.00 39.00 39.00 39.00 39.00 39.00 39.00 39.00 39.00 39.00 39.00 39.00 39.00 39.00 39.00 39.00 39.00
33.72 34.25 34.72 35.16 35.56 35.94 36.28 36.62 36.94 37.44 37.56 37.56 37.81 38.09 38.28 38.41 38.56 38.66 38.75 38.81 38.88 38.91 38.94 38.94 38.97 38.97 38.97 38.97 39.00 39.00 39.00 39.00 39.00 39.00 39.00 39.00 39.00 39.00 39.00 39.00 39.00 39.00 39.00 39.00 39.00 39.00 39.00 39.00 39.00 39.00 39.00 39.00 39.00 39.00 39.00 39.00 39.00 39.00 39.00 39.00 39.00 39.00 39.00 39.00 39.00 39.00 39.00 39.00 39.00 39.00 39.00 39.00 39.00 39.00 39.00 39.00 39.00
33.81 34.34 34.81 35.22 35.62 36.00 36.34 36.66 36.94 37.41 37.59 37.59 37.75 38.06 38.22 38.38 38.50 38.59 38.69 38.75 38.81 38.84 38.88 38.91 38.91 38.94 38.94 38.97 38.97 39.00 39.00 39.00 39.00 39.00 39.00 39.00 39.00 39.00 39.00 39.00 39.00 39.00 39.00 39.00 39.00 39.00 39.00 39.00 39.00 39.00 39.00 39.00 39.00 39.00 39.00 39.00 39.00 39.00 39.00 39.00 39.00 39.00 39.00 39.00 39.00 39.00 39.00 39.00 39.00 39.00 39.00 39.00 39.00 39.00 39.00 39.00 39.00
33.94 34.44 34.88 35.31 35.69 36.03 36.38 36.69 36.97 37.38 37.62 37.59 37.66 38.00 38.16 38.28 38.41 38.50 38.59 38.66 38.72 38.78 38.81 38.84 38.88 38.88 38.91 38.94 38.97 38.97 39.00 39.00 39.00 39.00 39.00 39.00 39.00 39.00 39.00 39.00 39.00 39.00 39.00 39.00 39.00 39.00 39.00 39.00 39.00 39.00 39.00 39.00 39.00 39.00 39.00 39.00 39.00 39.00 39.00 39.00 39.00 39.00 39.00 39.00 39.00 39.00 39.00 39.00 39.00 39.00 39.00 39.00 39.00 39.00 39.00 39.00 39.00
34.03 34.53 34.97 35.38 35.75 36.09 36.41 36.69 36.94 37.22 37.56 37.56 37.56 37.91 38.06 38.19 38.31 38.41 38.50 38.56 38.62 38.69 38.72 38.75 38.78 38.81 38.84 38.88 38.91 38.94 38.97 38.97 39.00 39.00 39.00 39.00 39.00 39.00 39.00 39.00 39.00 39.00 39.00 39.00 39.00 39.00 39.00 39.00 39.00 39.00 39.00 39.00 39.00 39.00 39.00 39.00 39.00 39.00 39.00 39.00 39.00 39.00 39.00 39.00 39.00 39.00 39.00 39.00 39.00 39.00 39.00 39.00 39.00 38.94 38.88 38.81 38.75
34.16 34.62 35.03 35.41 35.78 36.09 36.41 36.66 36.91 37.12 37.50 37.50 37.47 37.78 37.97 38.06 38.19 38.28 38.38 38.44 38.50 38.56 38.59 38.66 38.69 38.72 38.78 38.81 38.84 38.88 38.91 38.94 38.94 38.97 38.97 38.97 39.00 39.00 39.00 39.00 39.00 39.00 39.00 39.00 39.00 39.00 39.00 39.00 39.00 39.00 39.00 39.00 39.00 39.00 39.00 39.00 39.00 39.00 39.00 39.00 39.00 39.00 39.00 39.00 39.00 39.00 39.00 39.00 39.00 39.00 39.00 38.97 38.84 38.69 38.56 38.47 38.38
34.25 34.69 35.09 35.47 35.81 36.09 36.38 36.62 36.84 37.06 37.38 37.44 37.41 37.53 37.84 37.97 38.06 38.16 38.25 38.31 38.38 38.44 38.47 38.53 38.56 38.62 38.66 38.69 38.75 38.78 38.81 38.84 38.88 38.88 38.91 38.94 38.94 38.97 39.00 39.00 39.00 39.00 39.00 39.00 39.00 39.00 39.00 39.00 39.00 39.00 39.00 39.00 39.00 39.00 39.00 39.00 39.00 39.00 38.97 38.97 38.97 38.94 38.94 38.97 38.97 39.00 39.00 39.00 39.00 38.97 38.88 38.69 38.47 38.31 38.16 38.03 37.94
34.34 34.75 35.16 35.50 35.81 36.09 36.34 36.59 36.78 36.97 37.22 37.34 37.31 37.34 37.72 37.81 37.94 38.03 38.09 38.16 38.22 38.28 38.34 38.38 38.44 38.47 38.53 38.56 38.62 38.66 38.69 38.75 38.78 38.81 38.84 38.88 38.91 38.94 38.97 39.00 39.00 39.00 39.00 39.00 39.00 39.00 39.00 39.00 39.00 39.00 39.00 39.00 39.00 39.00 38.97 38.91 38.84 38.81 38.75 38.72 38.72 38.72 38.72 38.75 38.78 38.84 38.88 38.88 38.75 38.59 38.41 38.19 37.97 37.81 37.66 37.53 37.44
34.44 34.81 35.19 35.50 35.81 36.06 36.31 36.50 36.72 36.88 37.06 37.28 37.25 37.22 37.53 37.66 37.75 37.84 37.91 38.00 38.06 38.09 38.16 38.22 38.28 38.31 38.38 38.44 38.47 38.53 38.56 38.62 38.66 38.69 38.75 38.78 38.81 38.88 38.91 38.94 38.97 39.00 39.00 39.00 39.00 39.00 39.00 39.00 38.97 38.94 38.84 38.78 38.75 38.69 38.62 38.59 38.53 38.47 38.44 38.38 38.38 38.34 38.34 38.38 38.38 38.38 38.38 38.28 38.12 37.94 37.75 37.56 37.41 37.25 37.12 37.00 36.94
34.50 34.88 35.22 35.50 35.78 36.03 36.25 36.44 36.62 36.78 36.94 37.16 37.16 37.12 37.25 37.50 37.59 37.69 37.75 37.81 37.88 37.94 38.00 38.06 38.09 38.16 38.22 38.28 38.34 38.38 38.44 38.50 38.53 38.59 38.62 38.69 38.75 38.78 38.84 38.91 38.94 38.97 39.00 39.00 38.97 38.94 38.88 38.78 38.66 38.56 38.50 38.44 38.38 38.31 38.25 38.19 38.12 38.06 38.03 37.97 37.94 37.91 37.91 37.88 37.88 37.81 37.75 37.62 37.47 37.31 37.16 37.03 36.91 36.78 36.66 36.56 36.47
34.56 34.91 35.22 35.50 35.75 35.97 36.16 36.34 36.50 36.66 36.78 36.97 37.06 37.00 37.00 37.34 37.41 37.50 37.56 37.62 37.69 37.75 37.81 37.88 37.94 38.00 38.06 38.12 38.16 38.22 38.28 38.34 38.41 38.47 38.50 38.56 38.62 38.66 38.72 38.75 38.75 38.75 38.75 38.72 38.69 38.62 38.53 38.41 38.31 38.19 38.09 38.03 37.97 37.88 37.81 37.75 37.69 37.62 37.56 37.53 37.47 37.44 37.41 37.34 37.31 37.22 37.12 37.03 36.88 36.75 36.62 36.50 36.38 36.28 36.19 36.09 36.00
34.59 34.91 35.19 35.47 35.69 35.88 36.06 36.22 36.38 36.50 36.66 36.75 36.94 36.91 36.88 37.12 37.25 37.31 37.38 37.47 37.53 37.59 37.66 37.69 37.75 37.81 37.88 37.94 38.00 38.06 38.12 38.19 38.25 38.31 38.34 38.38 38.41 38.44 38.47 38.47 38.47 38.47 38.44 38.41 38.34 38.25 38.12 38.00 37.91 37.78 37.69 37.59 37.50 37.44 37.38 37.28 37.22 37.16 37.09 37.03 36.97 36.91 36.84 36.78 36.72 36.62 36.53 36.41 36.28 36.16 36.06 35.94 35.84 35.75 35.69 35.62 35.56
34.59 34.91 35.16 35.41 35.59 35.78 35.97 36.09 36.25 36.38 36.47 36.59 36.78 36.78 36.75 36.84 37.03 37.12 37.19 37.28 37.34 37.41 37.47 37.53 37.59 37.62 37.69 37.75 37.81 37.88 37.97 38.03 38.06 38.12 38.16 38.19 38.19 38.19 38.22 38.19 38.19 38.16 38.09 38.06 37.97 37.84 37.72 37.59 37.47 37.34 37.25 37.16 37.06 36.97 36.88 36.81 36.72 36.66 36.56 36.50 36.44 36.38 36.28 36.22 36.12 36.03 35.94 35.81 35.72 35.59 35.50 35.41 35.34 35.25 35.19 35.16 35.09
34.59 34.88 35.12 35.31 35.50 35.69 35.81 35.97 36.09 36.22 36.31 36.41 36.56 36.69 36.62 36.62 36.84 36.94 37.00 37.09 37.16 37.22 37.28 37.34 37.41 37.44 37.50 37.56 37.66 37.72 37.78 37.84 37.88 37.91 37.94 37.97 37.97 37.94 37.94 37.91 37.88 37.81 37.75 37.69 37.56 37.44 37.28 37.16 37.03 36.91 36.81 36.69 36.59 36.50 36.41 36.31 36.22 36.12 36.06 35.97 35.91 35.81 35.72 35.66 35.56 35.44 35.34 35.22 35.12 35.03 34.94 34.88 34.81 34.75 34.69 34.66 34.62
34.53 34.81 35.03 35.22 35.41 35.56 35.69 35.81 35.91 36.03 36.12 36.22 36.31 36.56 36.50 36.47 36.62 36.75 36.81 36.91 36.97 37.03 37.09 37.12 37.19 37.25 37.31 37.38 37.44 37.53 37.59 37.62 37.69 37.72 37.72 37.72 37.72 37.69 37.66 37.59 37.56 37.50 37.41 37.31 37.16 37.00 36.88 36.72 36.59 36.47 36.34 36.22 36.09 36.00 35.91 35.78 35.69 35.62 35.53 35.44 35.34 35.25 35.16 35.06 34.97 34.88 34.75 34.66 34.56 34.47 34.41 34.31 34.28 34.22 34.19 34.16 34.16
34.44 34.72 34.94 35.09 35.25 35.41 35.53 35.62 35.75 35.84 35.94 36.03 36.09 36.34 36.38 36.31 36.38 36.56 36.62 36.69 36.75 36.81 36.88 36.94 37.00 37.06 37.12 37.19 37.25 37.31 37.38 37.44 37.47 37.50 37.50 37.47 37.44 37.41 37.38 37.31 37.22 37.16 37.03 36.91 36.75 36.59 36.44 36.28 36.16 36.00 35.88 35.75 35.62 35.50 35.38 35.28 35.19 35.06 34.97 34.88 34.78 34.69 34.59 34.50 34.38 34.28 34.19 34.06 34.00 33.91 33.84 33.78 33.75 33.69 33.69 33.69 33.69
34.31 34.62 34.81 34.97 35.09 35.22 35.34 35.44 35.53 35.62 35.72 35.81 35.91 36.06 36.22 36.16 36.12 36.34 36.44 36.50 36.56 36.62 36.69 36.75 36.81 36.88 36.91 36.97 37.03 37.09 37.19 37.22 37.25 37.25 37.25 37.22 37.19 37.16 37.06 37.00 36.91 36.78 36.66 36.50 36.31 36.16 36.00 35.84 35.69 35.56 35.41 35.28 35.12 35.00 34.88 34.75 34.66 34.53 34.44 34.34 34.25 34.12 34.03 33.94 33.81 33.72 33.59 33.50 33.44 33.38 33.31 33.25 33.22 33.19 33.16 33.16 33.19
34.12 34.47 34.66 34.78 34.91 35.03 35.12 35.25 35.34 35.44 35.53 35.62 35.72 35.81 36.06 36.00 35.97 36.12 36.22 36.28 36.38 36.44 36.47 36.53 36.59 36.66 36.72 36.78 36.81 36.91 36.94 37.00 37.03 37.03 37.03 37.00 36.94 36.88 36.78 36.69 36.56 36.44 36.28 36.09 35.91 35.72 35.56 35.41 35.25 35.09 34.94 34.78 34.62 34.50 34.34 34.22 34.12 34.00 33.91 33.78 33.69 33.56 33.47 33.34 33.25 33.12 33.03 32.97 32.88 32.81 32.75 32.72 32.66 32.62 32.62 32.62 32.66
33.88 34.28 34.44 34.59 34.72 34.81 34.91 35.03 35.12 35.22 35.31 35.41 35.50 35.59 35.84 35.84 35.81 35.88 36.03 36.09 36.16 36.22 36.28 36.31 36.38 36.44 36.50 36.53 36.59 36.66 36.72 36.78 36.81 36.81 36.78 36.75 36.69 36.59 36.50 36.38 36.22 36.06 35.88 35.69 35.50 35.28 35.12 34.97 34.81 34.62 34.47 34.31 34.16 34.00 33.84 33.69 33.56 33.44 33.31 33.19 33.06 32.97 32.88 32.78 32.69 32.59 32.50 32.41 32.34 32.28 32.22 32.16 32.12 32.09 32.09 32.09 32.12
33.66 34.06 34.22 34.34 34.47 34.56 34.69 34.78 34.88 35.00 35.09 35.19 35.28 35.38 35.59 35.72 35.66 35.62 35.81 35.88 35.97 36.00 36.06 36.12 36.16 36.22 36.25 36.31 36.38 36.44 36.47 36.53 36.56 36.56 36.56 36.50 36.44 36.31 36.19 36.06 35.88 35.69 35.50 35.28 35.06 34.88 34.69 34.53 34.34 34.19 34.00 33.84 33.66 33.44 33.25 33.06 32.94 32.81 32.72 32.62 32.56 32.47 32.38 32.28 32.16 32.06 31.97 31.91 31.84 31.75 31.69 31.62 31.56 31.50 31.47 31.50 31.59
33.38 33.81 33.94 34.06 34.19 34.31 34.41 34.53 34.66 34.75 34.88 34.97 35.09 35.19 35.28 35.56 35.50 35.47 35.62 35.69 35.75 35.81 35.84 35.91 35.94 36.00 36.03 36.09 36.12 36.19 36.22 36.28 36.31 36.34 36.31 36.28 36.19 36.06 35.91 35.72 35.53 35.31 35.09 34.88 34.66 34.44 34.25 34.06 33.91 33.72 33.53 33.31 33.09 32.88 32.66 32.47 32.34 32.28 32.19 32.12 32.03 31.94 31.84 31.72 31.62 31.53 31.44 31.34 31.28 31.22 31.12 31.06 30.97 30.94 30.94 30.94 31.06
33.12 33.47 33.59 33.72 33.88 34.00 34.12 34.25 34.38 34.50 34.62 34.75 34.88 34.97 35.09 35.34 35.34 35.28 35.34 35.47 35.53 35.59 35.62 35.69 35.72 35.75 35.78 35.84 35.88 35.91 35.97 36.00 36.03 36.06 36.06 36.03 35.91 35.75 35.59 35.38 35.19 34.94 34.69 34.44 34.22 34.00 33.81 33.62 33.44 33.25 33.03 32.81 32.59 32.38 32.12 32.03 31.94 31.88 31.78 31.69 31.59 31.50 31.38 31.25 31.12 31.03 30.94 30.84 30.78 30.72 30.66 30.56 30.50 30.50 30.50 30.47 30.38
32.88 33.06 33.19 33.34 33.50 33.69 33.84 33.97 34.12 34.25 34.41 34.53 34.66 34.78 34.88 35.06 35.16 35.09 35.06 35.25 35.31 35.38 35.41 35.44 35.47 35.50 35.53 35.56 35.59 35.62 35.66 35.69 35.75 35.78 35.81 35.78 35.62 35.44 35.22 35.00 34.75 34.47 34.22 34.00 33.78 33.59 33.38 33.19 33.00 32.81 32.59 32.38 32.12 31.88 31.72 31.66 31.59 31.50 31.41 31.28 31.19 31.06 30.94 30.78 30.66 30.53 30.44 30.34 30.28 30.25 30.19 30.06 29.91 29.78 29.69 29.72 29.78
32.38 32.56 32.75 32.94 33.12 33.31 33.50 33.69 33.84 34.00 34.19 34.31 34.47 34.59 34.69 34.81 34.97 34.91 34.84 35.03 35.09 35.12 35.19 35.22 35.25 35.28 35.28 35.31 35.31 35.34 35.34 35.38 35.38 35.44 35.44 35.34 35.19 35.00 34.78 34.56 34.31 34.03 33.78 33.56 33.38 33.16 32.97 32.78 32.56 32.38 32.16 31.94 31.75 31.59 31.47 31.34 31.22 31.12 31.03 30.91 30.78 30.66 30.50 30.31 30.16 30.03 29.94 29.78 29.59 29.44 29.34 29.38 29.47 29.53 29.62 29.69 29.78
