arlandasctiles/Tile[3,3].asc
ncols 128
nrows 128
xllcorner 0
yllcorner 0
cellsize 2.0
NODATA_value  -9999
[rows 0 to 31 of 128, columns 0 to 70 of 128]
-30.69 -30.59 -30.47 -30.47 -30.28 -30.12 -29.97 -29.75 -29.66 -29.44 -29.09 -29.19 -29.25 -29.19 -29.09 -29.00 -28.59 -28.31 -28.16 -28.00 -27.84 -27.69 -27.53 -27.41 -27.31 -27.22 -27.12 -26.97 -27.00 -26.88 -26.56 -26.34 -26.22 -26.16 -25.94 -25.75 -25.56 -25.53 -25.47 -25.44 -25.44 -25.75 -25.41 -25.28 -25.91 -25.44 -25.59 -25.62 -25.56 -25.53 -25.44 -25.41 -25.31 -25.19 -24.84 -24.88 -24.94 -24.66 -24.62 -24.72 -24.62 -24.50 -24.41 -24.22 -24.00 -23.81 -23.81 -23.72 -23.62 -23.44 -23.66
-30.72 -30.59 -30.66 -30.50 -30.25 -29.75 -29.53 -29.47 -29.22 -29.28 -29.19 -28.84 -28.81 -28.97 -28.75 -28.84 -28.84 -28.84 -28.62 -28.22 -27.78 -27.62 -27.53 -27.31 -27.28 -27.31 -27.38 -27.41 -27.31 -27.16 -27.06 -26.97 -26.62 -26.31 -26.03 -25.84 -25.56 -25.50 -25.53 -25.69 -25.44 -26.00 -25.56 -25.47 -25.97 -25.50 -25.75 -25.75 -25.66 -25.62 -25.59 -25.50 -25.31 -24.97 -24.94 -25.19 -24.97 -24.94 -24.94 -24.84 -24.72 -24.62 -24.47 -24.22 -24.09 -24.03 -23.88 -23.66 -23.69 -23.59 -23.78
-30.88 -30.75 -30.41 -30.16 -30.00 -30.09 -29.91 -29.69 -29.28 -28.97 -29.03 -28.75 -28.59 -28.53 -28.62 -28.59 -28.41 -28.16 -28.00 -28.22 -28.12 -27.88 -27.97 -28.03 -27.94 -27.78 -27.53 -27.12 -27.00 -26.91 -26.56 -26.38 -26.44 -26.31 -26.12 -25.88 -25.75 -25.72 -25.66 -25.94 -25.66 -26.19 -25.72 -26.19 -25.91 -25.69 -25.91 -25.88 -25.75 -25.78 -25.75 -25.50 -25.09 -25.09 -25.28 -25.28 -25.16 -25.12 -25.03 -24.94 -24.81 -24.72 -24.44 -24.28 -24.19 -24.09 -23.94 -23.72 -23.84 -23.62 -23.94
-30.84 -30.78 -30.69 -30.50 -30.25 -29.84 -29.47 -29.53 -29.47 -29.19 -29.00 -28.72 -28.53 -28.47 -28.38 -28.31 -28.25 -28.06 -27.97 -27.88 -27.75 -28.19 -28.00 -27.59 -27.38 -27.22 -27.03 -26.97 -26.72 -26.59 -26.72 -26.69 -26.41 -26.19 -26.03 -25.97 -25.97 -25.91 -25.75 -26.19 -26.00 -26.31 -26.03 -26.38 -25.75 -25.88 -26.12 -25.97 -25.94 -25.91 -25.84 -25.31 -25.28 -25.44 -25.47 -25.34 -25.28 -25.19 -25.09 -25.00 -24.91 -24.78 -24.56 -24.41 -24.25 -24.12 -23.88 -23.81 -24.00 -23.72 -24.09
-30.88 -30.62 -30.38 -30.09 -29.78 -29.69 -29.53 -29.31 -29.12 -29.00 -28.88 -28.84 -28.72 -28.56 -28.47 -28.47 -28.72 -28.66 -28.53 -28.44 -28.34 -27.78 -27.59 -27.47 -27.28 -27.16 -27.12 -26.84 -26.69 -26.44 -26.34 -26.19 -26.25 -26.16 -26.00 -26.16 -26.09 -26.19 -25.94 -26.34 -26.16 -26.41 -26.41 -26.38 -26.12 -26.25 -26.22 -26.06 -26.06 -26.00 -25.84 -25.72 -25.69 -25.66 -25.56 -25.47 -25.38 -25.28 -25.19 -25.09 -24.97 -24.69 -24.50 -24.41 -24.12 -24.00 -23.94 -24.09 -24.09 -23.88 -24.28
-30.81 -30.78 -30.56 -30.16 -29.81 -29.66 -29.41 -29.31 -29.19 -29.19 -29.44 -29.50 -29.44 -29.31 -29.22 -28.94 -28.31 -28.00 -28.00 -28.09 -28.28 -27.88 -27.69 -27.50 -27.44 -27.50 -27.19 -27.06 -26.88 -26.47 -26.38 -26.25 -26.09 -26.03 -26.03 -26.22 -26.31 -26.38 -26.03 -26.44 -26.34 -26.50 -26.50 -26.44 -26.41 -26.34 -26.31 -26.22 -26.19 -26.09 -25.91 -25.84 -25.84 -25.78 -25.66 -25.53 -25.44 -25.31 -25.25 -25.19 -25.00 -24.75 -24.75 -24.50 -24.25 -24.19 -24.06 -24.25 -24.16 -24.06 -24.25
-30.94 -30.69 -30.44 -30.28 -30.00 -29.72 -29.53 -29.47 -29.56 -29.66 -29.50 -28.84 -28.62 -28.44 -28.34 -28.28 -28.16 -28.09 -28.53 -28.44 -28.03 -27.97 -27.91 -27.81 -27.78 -27.75 -27.69 -27.47 -27.09 -26.72 -26.53 -26.25 -26.12 -26.00 -26.09 -26.19 -26.47 -26.50 -26.22 -26.50 -26.50 -26.56 -26.56 -26.53 -26.38 -26.47 -26.41 -26.31 -26.28 -26.12 -26.06 -26.06 -25.88 -25.88 -25.78 -25.62 -25.47 -25.38 -25.31 -25.25 -25.03 -25.00 -24.78 -24.53 -24.47 -24.25 -24.19 -24.44 -24.34 -24.38 -24.38
-31.00 -30.94 -30.66 -30.31 -30.00 -30.16 -30.31 -30.25 -30.00 -29.47 -29.06 -28.88 -28.69 -28.41 -28.25 -28.16 -28.12 -28.69 -28.09 -28.31 -28.12 -28.22 -28.12 -28.19 -28.12 -27.94 -27.31 -27.06 -26.84 -26.78 -26.62 -26.31 -26.09 -26.03 -26.16 -26.09 -26.25 -26.84 -26.25 -26.53 -26.62 -26.66 -26.66 -26.59 -26.59 -26.56 -26.47 -26.41 -26.34 -26.25 -26.22 -26.16 -25.97 -25.88 -25.81 -25.41 -25.56 -25.47 -25.50 -25.34 -25.25 -25.06 -24.81 -24.69 -24.53 -24.38 -24.31 -24.50 -24.47 -24.56 -24.34
-31.03 -31.00 -31.00 -30.94 -30.81 -30.53 -29.72 -29.53 -29.41 -29.38 -29.25 -28.81 -28.62 -28.47 -28.28 -28.19 -28.25 -28.84 -28.16 -28.34 -28.47 -28.50 -28.50 -28.31 -27.75 -27.50 -27.50 -27.59 -27.44 -27.12 -26.66 -26.41 -26.28 -26.28 -26.44 -26.38 -26.34 -26.91 -26.50 -26.50 -26.75 -26.75 -26.75 -26.72 -26.69 -26.62 -26.56 -26.50 -26.44 -26.34 -26.31 -26.19 -26.09 -26.03 -25.62 -25.81 -25.69 -25.59 -25.72 -25.47 -25.38 -25.22 -25.00 -24.75 -24.59 -24.41 -24.56 -24.53 -24.59 -24.59 -24.47
-30.88 -30.72 -30.69 -30.41 -30.00 -29.75 -29.88 -29.81 -29.72 -29.56 -29.22 -29.06 -29.00 -28.72 -28.53 -28.38 -28.47 -28.84 -28.38 -28.47 -28.91 -28.69 -28.09 -27.91 -28.00 -28.12 -27.84 -27.22 -27.03 -26.84 -26.66 -26.59 -26.56 -26.47 -26.56 -26.53 -26.59 -26.69 -27.09 -26.59 -26.84 -26.88 -26.84 -26.81 -26.78 -26.72 -26.66 -26.62 -26.47 -26.44 -26.38 -26.31 -26.28 -25.94 -25.69 -26.12 -25.78 -25.81 -25.75 -25.59 -25.47 -25.25 -24.97 -24.75 -24.62 -24.50 -24.91 -24.53 -24.72 -24.66 -24.59
-30.84 -31.00 -30.72 -30.44 -30.16 -30.06 -29.81 -29.69 -29.50 -29.72 -29.50 -29.31 -28.84 -28.78 -28.56 -28.47 -28.97 -28.75 -28.56 -29.00 -28.97 -28.38 -28.22 -28.59 -28.44 -27.91 -27.47 -27.25 -27.06 -26.81 -26.81 -26.94 -26.75 -26.62 -26.59 -26.88 -26.91 -26.72 -27.22 -26.66 -26.97 -26.97 -26.94 -26.94 -26.88 -26.81 -26.75 -26.66 -26.62 -26.56 -26.50 -26.44 -26.41 -25.94 -26.12 -26.19 -26.03 -26.06 -25.84 -25.69 -25.53 -25.25 -25.00 -24.78 -24.81 -24.66 -25.06 -24.72 -24.88 -24.72 -24.75
-31.16 -31.09 -30.88 -30.72 -30.50 -30.28 -30.03 -29.88 -30.09 -29.91 -29.72 -29.22 -29.06 -28.84 -28.59 -28.56 -29.09 -28.53 -29.09 -29.09 -28.75 -28.34 -28.72 -28.34 -28.00 -27.81 -27.59 -27.41 -27.25 -27.03 -27.06 -27.22 -26.81 -26.72 -26.59 -26.97 -27.06 -27.22 -27.19 -26.75 -27.09 -27.06 -27.06 -27.06 -26.97 -26.94 -26.81 -26.78 -26.72 -26.69 -26.62 -26.56 -26.53 -26.28 -26.44 -26.22 -26.19 -26.19 -25.91 -25.78 -25.50 -25.28 -25.03 -24.88 -25.00 -24.78 -25.16 -24.78 -25.03 -24.78 -24.91
-31.34 -31.09 -30.84 -30.78 -30.72 -30.59 -30.50 -30.44 -30.25 -29.88 -29.44 -29.25 -29.12 -28.94 -28.78 -29.16 -29.09 -28.47 -29.44 -28.88 -28.59 -29.12 -28.47 -28.09 -28.06 -27.94 -27.72 -27.59 -27.41 -27.41 -27.28 -27.38 -26.94 -26.91 -26.78 -26.91 -27.25 -27.53 -26.84 -26.97 -27.28 -27.12 -27.25 -27.22 -27.06 -27.09 -27.03 -26.91 -26.88 -26.84 -26.75 -26.69 -26.62 -26.62 -26.53 -26.34 -26.38 -26.19 -26.00 -25.75 -25.56 -25.44 -25.25 -25.25 -25.00 -24.91 -25.25 -25.06 -25.09 -24.78 -25.00
-31.12 -31.19 -31.09 -31.25 -31.12 -30.97 -30.84 -30.47 -29.94 -29.78 -29.97 -29.81 -29.56 -29.25 -28.94 -29.41 -28.66 -28.66 -29.62 -28.81 -29.34 -28.78 -28.59 -28.50 -28.31 -27.94 -27.84 -27.84 -27.78 -27.66 -27.22 -27.62 -27.25 -27.09 -27.16 -27.12 -27.38 -27.75 -26.97 -27.38 -27.34 -27.31 -27.38 -27.34 -27.22 -27.25 -27.12 -27.06 -27.00 -26.97 -26.88 -26.84 -26.84 -26.78 -26.59 -26.59 -26.47 -26.25 -26.06 -25.81 -25.59 -25.72 -25.50 -25.12 -25.03 -25.47 -25.16 -25.34 -25.09 -24.94 -25.03
-31.84 -31.69 -31.47 -31.09 -30.59 -30.62 -30.56 -30.16 -30.03 -30.25 -29.81 -29.44 -29.34 -29.22 -28.97 -29.59 -28.81 -28.84 -29.66 -29.53 -29.34 -28.84 -28.62 -28.22 -28.03 -27.91 -28.25 -28.03 -27.75 -27.53 -27.47 -27.91 -27.41 -27.22 -27.50 -27.44 -27.41 -27.97 -27.12 -27.62 -27.25 -27.50 -27.53 -27.47 -27.38 -27.41 -27.22 -27.22 -27.16 -27.09 -27.06 -27.00 -26.97 -26.81 -26.75 -26.78 -26.53 -26.22 -26.00 -25.78 -25.84 -25.94 -25.53 -25.19 -25.41 -25.66 -25.12 -25.59 -25.16 -25.19 -24.97
-31.91 -31.34 -30.97 -30.81 -30.81 -30.69 -30.44 -30.28 -30.62 -30.44 -30.34 -30.12 -29.72 -29.31 -29.09 -29.69 -28.94 -29.75 -29.75 -29.56 -28.78 -28.53 -28.25 -28.12 -28.09 -28.50 -28.06 -27.81 -27.91 -27.69 -27.72 -28.06 -27.53 -27.62 -27.81 -27.66 -27.81 -28.06 -27.31 -27.84 -27.28 -27.66 -27.66 -27.62 -27.50 -27.47 -27.38 -27.38 -27.31 -27.25 -27.34 -27.12 -27.25 -26.97 -26.94 -26.88 -26.69 -26.31 -26.09 -25.91 -26.19 -26.00 -25.56 -25.34 -25.94 -25.62 -25.38 -25.78 -25.22 -25.44 -25.09
-31.53 -31.25 -31.03 -30.94 -30.78 -30.84 -30.88 -31.09 -30.31 -30.03 -29.84 -29.56 -29.50 -29.34 -29.34 -29.19 -29.97 -29.94 -29.75 -28.97 -28.72 -28.44 -28.25 -28.22 -28.25 -28.75 -28.00 -28.16 -28.09 -27.72 -28.31 -28.12 -27.69 -28.16 -27.91 -28.09 -28.06 -28.12 -27.88 -27.88 -27.41 -27.78 -27.81 -27.78 -27.66 -27.59 -27.69 -27.56 -27.50 -27.41 -27.44 -27.28 -27.50 -27.12 -27.16 -27.00 -26.72 -26.50 -26.16 -26.28 -26.44 -26.03 -25.75 -25.81 -26.16 -25.72 -25.56 -25.97 -25.34 -25.62 -25.28
-31.59 -31.31 -31.31 -31.16 -31.00 -31.28 -31.41 -30.72 -30.38 -30.19 -30.00 -29.78 -29.47 -29.47 -29.59 -29.69 -30.41 -30.00 -29.28 -28.97 -28.75 -28.53 -28.56 -28.56 -28.38 -28.91 -28.38 -28.19 -28.34 -27.84 -28.69 -28.19 -27.91 -28.50 -28.06 -28.53 -28.22 -28.25 -28.09 -27.75 -27.50 -27.94 -27.94 -27.94 -27.91 -27.75 -27.91 -27.72 -27.81 -27.56 -27.78 -27.44 -27.59 -27.28 -27.41 -27.19 -26.94 -26.59 -26.44 -26.84 -26.44 -26.22 -25.94 -26.44 -26.03 -25.84 -25.75 -26.09 -25.50 -25.81 -25.56
-31.50 -31.44 -31.66 -31.31 -31.56 -31.59 -31.03 -30.88 -30.69 -30.25 -29.94 -29.66 -29.72 -29.81 -29.81 -30.62 -30.50 -29.53 -29.34 -29.09 -28.97 -28.81 -28.97 -28.66 -28.59 -29.12 -28.59 -28.47 -28.56 -28.06 -28.88 -28.47 -28.12 -28.81 -28.28 -28.81 -28.03 -28.47 -28.16 -27.72 -27.62 -28.03 -28.09 -28.09 -28.09 -27.94 -28.09 -27.88 -27.88 -27.72 -27.84 -27.59 -27.69 -27.47 -27.56 -27.38 -27.06 -26.81 -27.09 -27.06 -26.66 -26.28 -26.16 -26.69 -25.97 -26.38 -25.91 -26.25 -25.66 -26.12 -25.66
-31.75 -31.66 -31.84 -31.84 -31.88 -31.50 -31.22 -30.81 -30.50 -30.22 -30.03 -29.94 -30.03 -30.22 -30.66 -30.94 -29.66 -29.59 -29.44 -29.34 -29.22 -29.22 -29.22 -28.88 -29.03 -29.31 -28.84 -28.91 -28.56 -28.44 -29.00 -28.81 -28.44 -29.00 -29.00 -28.84 -28.56 -28.56 -28.06 -27.81 -27.78 -28.16 -28.16 -28.16 -28.16 -28.12 -28.25 -28.03 -28.19 -27.91 -27.97 -27.81 -27.78 -27.66 -27.84 -27.50 -27.22 -27.31 -27.28 -27.22 -26.75 -26.50 -26.62 -26.78 -26.12 -26.62 -26.00 -26.41 -25.88 -26.34 -25.75
-32.16 -32.34 -32.19 -32.16 -31.97 -31.50 -30.94 -30.69 -30.69 -30.38 -30.28 -30.34 -30.44 -30.59 -31.12 -30.97 -29.75 -29.81 -29.59 -29.66 -29.53 -29.72 -29.34 -29.06 -29.34 -29.47 -29.31 -29.19 -28.81 -28.72 -29.06 -29.19 -28.81 -29.34 -28.75 -29.00 -28.81 -28.44 -28.09 -27.97 -28.06 -28.28 -28.44 -28.34 -28.34 -28.28 -28.41 -28.25 -28.28 -28.12 -28.06 -28.06 -27.91 -27.88 -27.84 -27.62 -27.41 -27.56 -27.47 -27.31 -26.94 -26.84 -27.09 -26.34 -26.78 -26.59 -26.12 -26.53 -26.06 -26.47 -25.94
-32.59 -32.22 -31.94 -32.47 -31.81 -31.31 -31.03 -30.94 -30.84 -30.62 -30.69 -30.66 -30.84 -31.28 -31.38 -30.38 -29.91 -30.03 -29.81 -29.94 -30.12 -29.78 -29.62 -29.31 -29.56 -29.50 -29.88 -29.16 -29.19 -28.97 -29.12 -29.66 -29.19 -29.62 -28.94 -29.41 -28.91 -28.50 -28.38 -28.19 -28.59 -28.34 -28.66 -28.53 -28.53 -28.47 -28.56 -28.44 -28.34 -28.44 -28.19 -28.31 -28.09 -28.06 -27.94 -27.78 -27.66 -27.72 -27.53 -27.28 -27.00 -27.44 -27.06 -26.50 -27.12 -26.53 -26.34 -26.69 -26.34 -26.56 -26.09
-32.16 -32.34 -32.22 -32.91 -31.88 -31.59 -31.34 -31.34 -31.12 -31.06 -30.94 -31.00 -31.78 -31.56 -31.41 -30.41 -30.22 -30.34 -30.06 -30.25 -30.38 -30.06 -29.91 -29.41 -29.78 -29.38 -30.12 -29.38 -29.38 -29.28 -29.41 -30.00 -29.34 -29.88 -29.19 -29.72 -28.97 -28.78 -28.69 -28.53 -28.91 -28.44 -28.84 -28.69 -28.69 -28.62 -28.75 -28.59 -28.50 -28.66 -28.38 -28.47 -28.28 -28.31 -28.03 -27.53 -27.94 -27.69 -27.69 -27.34 -27.62 -27.59 -26.94 -26.88 -27.19 -26.69 -26.47 -26.81 -26.59 -26.62 -26.28
-32.50 -32.62 -32.28 -33.12 -32.16 -31.94 -31.81 -31.72 -31.47 -31.31 -31.38 -32.03 -31.94 -30.94 -31.50 -30.59 -30.75 -30.44 -30.69 -30.25 -30.62 -30.53 -29.91 -29.56 -30.00 -29.84 -30.47 -29.59 -29.72 -29.34 -29.59 -30.19 -29.41 -30.12 -29.38 -29.91 -29.19 -29.06 -28.97 -28.78 -29.09 -28.81 -28.94 -28.88 -28.84 -28.81 -28.91 -28.72 -28.75 -28.78 -28.59 -28.53 -28.50 -28.34 -28.12 -28.22 -27.88 -27.62 -27.84 -27.78 -27.94 -27.38 -27.09 -27.50 -27.09 -26.78 -26.69 -26.88 -26.50 -26.72 -26.69
-33.12 -32.62 -32.47 -33.28 -32.38 -32.28 -32.12 -31.88 -31.72 -31.69 -32.31 -32.22 -31.53 -31.09 -31.62 -30.78 -31.12 -30.56 -30.91 -30.41 -31.19 -30.69 -30.09 -30.12 -29.84 -30.38 -30.50 -29.94 -29.81 -29.41 -29.78 -30.25 -29.72 -30.25 -29.53 -30.06 -29.44 -29.41 -29.28 -28.91 -29.28 -29.12 -29.12 -29.06 -29.00 -28.97 -29.06 -28.88 -28.94 -28.81 -28.75 -28.69 -28.56 -28.41 -28.03 -28.38 -27.66 -27.94 -28.09 -27.91 -28.22 -27.47 -27.22 -27.72 -27.12 -27.16 -27.16 -26.97 -26.59 -26.94 -26.84
-33.56 -32.72 -33.12 -33.31 -32.69 -32.56 -32.25 -32.22 -32.41 -32.56 -32.44 -32.06 -31.59 -31.88 -31.06 -30.94 -31.44 -30.81 -31.16 -30.81 -31.47 -30.81 -30.47 -30.50 -30.19 -30.91 -30.50 -30.06 -29.94 -29.62 -29.88 -30.28 -30.34 -30.22 -29.56 -30.19 -29.59 -29.75 -29.59 -29.31 -29.50 -29.31 -29.31 -29.22 -29.16 -29.12 -29.09 -28.94 -29.09 -28.97 -28.84 -28.81 -28.81 -28.53 -28.59 -28.06 -27.88 -28.38 -28.16 -28.00 -28.34 -27.91 -27.91 -27.75 -27.62 -27.50 -27.12 -26.78 -26.81 -27.19 -26.97
-33.72 -32.97 -33.69 -33.03 -32.94 -32.62 -32.78 -32.88 -32.84 -32.62 -32.28 -31.72 -32.25 -31.56 -31.22 -31.41 -31.62 -31.25 -31.19 -31.22 -31.75 -30.78 -30.78 -30.88 -30.62 -31.25 -30.69 -30.34 -30.00 -29.88 -30.09 -30.31 -30.81 -29.78 -29.94 -30.28 -29.69 -30.00 -29.72 -29.78 -29.66 -29.56 -29.47 -29.41 -29.34 -29.28 -29.25 -29.12 -29.25 -29.06 -29.00 -28.94 -28.84 -28.69 -28.69 -28.19 -28.09 -28.53 -28.22 -28.12 -28.44 -28.19 -27.78 -27.94 -27.78 -27.09 -27.00 -26.94 -27.22 -27.31 -27.12
-33.88 -33.44 -33.84 -33.28 -33.25 -33.31 -33.25 -33.06 -32.69 -32.47 -32.06 -31.75 -32.53 -31.59 -31.62 -31.97 -31.72 -31.38 -31.44 -31.31 -31.91 -30.91 -31.31 -31.03 -30.84 -31.50 -30.91 -30.41 -30.31 -30.28 -30.25 -30.69 -31.00 -30.06 -30.56 -30.25 -29.84 -30.16 -30.03 -29.94 -29.84 -29.62 -29.62 -29.56 -29.50 -29.44 -29.38 -29.31 -29.28 -29.22 -29.19 -29.09 -28.66 -28.81 -28.75 -28.38 -28.53 -28.56 -28.38 -28.56 -28.47 -27.88 -28.22 -28.06 -27.66 -27.31 -27.22 -27.28 -27.47 -27.41 -27.28
-34.00 -34.03 -33.91 -33.72 -33.50 -33.31 -33.09 -32.53 -32.38 -32.62 -32.16 -32.16 -32.66 -31.91 -31.97 -32.44 -31.62 -31.81 -31.81 -31.69 -32.19 -31.62 -31.50 -31.06 -31.06 -31.75 -31.09 -30.84 -30.72 -30.56 -30.62 -31.03 -31.12 -30.41 -30.81 -30.22 -30.38 -30.25 -30.16 -30.12 -30.00 -29.84 -29.81 -29.72 -29.66 -29.59 -29.50 -29.47 -29.44 -29.38 -29.50 -29.06 -28.88 -29.19 -28.84 -28.78 -28.72 -28.41 -28.69 -28.69 -28.09 -28.47 -28.34 -27.81 -27.53 -27.50 -27.50 -27.69 -27.56 -27.56 -27.38
-34.22 -34.19 -34.06 -33.47 -33.06 -32.88 -33.38 -32.97 -32.94 -32.50 -32.34 -32.97 -32.53 -32.31 -32.12 -32.91 -31.81 -32.16 -32.16 -32.44 -32.09 -31.72 -31.22 -31.25 -31.47 -32.00 -31.34 -31.25 -31.06 -30.75 -31.44 -31.00 -31.28 -30.66 -30.91 -30.69 -30.62 -30.12 -30.34 -30.22 -30.12 -30.00 -29.97 -29.88 -29.81 -29.75 -29.66 -29.62 -29.56 -29.53 -29.53 -29.22 -29.31 -29.31 -29.19 -28.91 -28.78 -28.62 -29.00 -28.62 -28.50 -28.59 -28.41 -27.88 -27.72 -27.91 -27.94 -27.88 -27.59 -27.75 -27.44
-34.44 -34.22 -33.50 -33.38 -33.31 -33.06 -33.59 -33.25 -32.81 -32.66 -32.56 -33.44 -32.59 -32.81 -32.34 -33.03 -32.22 -32.41 -32.62 -32.50 -32.12 -31.56 -31.50 -31.66 -31.69 -32.25 -31.69 -31.59 -31.25 -31.03 -31.75 -30.94 -31.50 -31.03 -31.00 -30.94 -30.69 -30.31 -30.59 -30.41 -30.16 -30.19 -30.12 -30.03 -29.97 -29.91 -29.81 -29.78 -29.69 -29.66 -29.56 -29.56 -29.56 -29.28 -29.00 -28.88 -29.00 -29.00 -29.12 -28.53 -28.88 -28.81 -28.28 -28.16 -28.12 -28.19 -28.09 -27.97 -27.56 -27.94 -27.59
-34.53 -33.78 -33.62 -33.84 -33.41 -33.34 -33.88 -33.19 -32.88 -32.72 -32.78 -33.66 -32.78 -33.09 -32.53 -33.28 -32.66 -32.62 -33.00 -32.44 -32.22 -31.81 -31.81 -32.19 -31.84 -32.47 -32.09 -31.88 -31.47 -31.59 -31.88 -31.44 -31.66 -31.19 -31.16 -31.00 -30.53 -30.75 -30.72 -30.59 -30.38 -30.38 -30.28 -30.22 -30.12 -30.06 -29.97 -29.94 -29.84 -29.88 -29.78 -29.75 -29.31 -29.28 -29.19 -29.03 -29.34 -29.12 -29.19 -28.88 -28.97 -28.78 -28.50 -28.59 -28.53 -28.34 -28.22 -27.97 -27.84 -28.09 -27.78
