arlandasctiles/Tile10,8.asc
ncols 128
nrows 128
xllcorner 0
yllcorner 0
cellsize 2.0
NODATA_value  -9999
[rows 33 to 65 of 128, columns 0 to 73 of 128]
137.66 137.22 136.56 135.81 134.94 133.66 132.56 132.22 132.16 132.16 132.16 132.16 131.75 130.62 130.56 130.53 130.28 129.97 129.72 129.44 129.16 128.88 128.56 128.28 127.94 127.62 127.28 126.88 126.47 126.00 125.50 124.94 124.31 123.69 123.12 122.62 122.28 121.94 121.59 121.38 121.22 121.16 120.94 120.69 120.22 119.38 117.81 115.78 113.44 111.34 110.16 109.56 108.81 107.94 107.09 106.34 105.78 105.19 104.75 104.41 104.03 103.66 103.25 102.84 102.47 102.09 101.69 101.31 100.94 100.56 100.19 99.78 99.44 99.03
137.16 136.91 136.25 135.53 134.59 133.34 132.34 132.09 132.19 132.19 132.19 132.19 131.75 130.72 130.69 130.69 130.31 130.00 129.75 129.47 129.19 128.88 128.56 128.25 127.91 127.56 127.19 126.78 126.34 125.84 125.28 124.69 124.00 123.38 122.72 122.19 121.78 121.47 121.19 120.97 120.88 120.84 120.62 120.34 119.78 118.69 116.94 114.94 113.03 111.34 110.38 109.69 108.94 108.00 107.06 106.25 105.75 105.19 104.72 104.31 103.94 103.53 103.12 102.72 102.34 101.97 101.59 101.22 100.84 100.47 100.09 99.72 99.34 98.97
136.44 136.50 135.91 135.19 134.25 133.06 132.06 131.91 132.12 132.12 132.12 132.09 131.72 130.72 130.69 130.69 130.34 130.00 129.75 129.44 129.16 128.84 128.50 128.16 127.81 127.44 127.06 126.62 126.16 125.62 125.00 124.38 123.72 123.00 122.34 121.72 121.25 120.91 120.72 120.56 120.66 120.62 120.44 119.97 119.12 117.91 116.12 114.16 112.47 111.06 110.25 109.62 108.88 107.88 106.91 106.16 105.72 105.19 104.69 104.25 103.84 103.44 103.03 102.62 102.22 101.84 101.47 101.09 100.75 100.38 100.00 99.62 99.28 98.91
135.94 135.97 135.44 134.84 134.00 132.84 131.88 131.72 131.97 131.97 131.94 131.94 131.62 130.69 130.66 130.66 130.31 129.97 129.69 129.41 129.06 128.75 128.41 128.06 127.69 127.28 126.88 126.41 125.94 125.34 124.72 124.06 123.34 122.62 121.91 121.22 120.72 120.41 120.25 120.19 120.25 120.25 120.06 119.56 118.53 117.22 115.41 113.47 111.78 110.59 109.88 109.28 108.53 107.62 106.72 106.09 105.62 105.16 104.66 104.19 103.75 103.31 102.91 102.50 102.12 101.75 101.38 101.00 100.62 100.28 99.91 99.53 99.19 98.84
135.59 135.41 134.94 134.47 133.75 132.78 131.88 131.62 131.81 131.78 131.78 131.78 131.53 130.66 130.62 130.62 130.28 129.91 129.62 129.31 128.97 128.62 128.25 127.88 127.50 127.09 126.66 126.19 125.62 125.06 124.38 123.72 123.00 122.25 121.50 120.78 120.25 119.94 119.75 119.59 119.62 119.62 119.44 118.97 117.94 116.44 114.62 112.72 111.09 110.06 109.34 108.69 108.00 107.22 106.53 106.00 105.56 105.06 104.59 104.09 103.66 103.22 102.78 102.38 102.00 101.62 101.25 100.88 100.53 100.16 99.81 99.47 99.12 98.75
134.81 134.81 134.50 134.09 133.53 132.66 131.81 131.50 131.62 131.62 131.59 131.56 131.38 130.62 130.47 130.47 130.25 129.81 129.53 129.19 128.84 128.47 128.06 127.69 127.28 126.88 126.41 125.88 125.34 124.72 124.06 123.38 122.59 121.88 121.09 120.38 119.81 119.41 119.12 119.00 118.94 118.88 118.69 118.19 117.12 115.56 113.84 112.06 110.56 109.56 108.78 108.09 107.47 106.88 106.38 105.88 105.44 104.97 104.47 103.97 103.53 103.09 102.66 102.25 101.88 101.50 101.12 100.78 100.44 100.06 99.72 99.38 99.03 98.69
133.97 133.97 134.03 133.72 133.34 132.56 131.72 131.31 131.28 131.22 131.19 131.16 131.09 130.62 130.31 130.25 130.16 129.75 129.41 129.03 128.66 128.28 127.88 127.47 127.03 126.59 126.09 125.59 125.00 124.38 123.69 122.97 122.22 121.47 120.72 119.97 119.34 118.84 118.56 118.41 118.19 118.12 117.84 117.31 116.28 114.72 113.12 111.59 110.38 109.34 108.53 107.69 107.12 106.69 106.22 105.78 105.34 104.84 104.34 103.84 103.38 102.94 102.50 102.09 101.72 101.38 101.00 100.66 100.31 99.97 99.62 99.28 98.94 98.59
133.59 133.28 133.28 133.31 133.12 132.41 131.56 130.88 130.88 130.81 130.78 130.75 130.75 130.62 130.03 129.97 129.91 129.66 129.28 128.88 128.47 128.06 127.62 127.19 126.75 126.28 125.81 125.25 124.69 124.03 123.34 122.62 121.84 121.09 120.31 119.53 118.84 118.31 117.94 117.72 117.53 117.31 117.06 116.50 115.47 114.09 112.66 111.38 110.38 109.44 108.59 107.72 107.12 106.66 106.19 105.72 105.19 104.72 104.22 103.72 103.25 102.81 102.38 101.97 101.59 101.25 100.88 100.53 100.22 99.88 99.53 99.19 98.84 98.53
133.31 132.97 132.62 132.56 132.69 132.16 131.31 130.41 130.50 130.41 130.38 130.34 130.34 130.56 129.81 129.72 129.66 129.53 129.12 128.69 128.25 127.81 127.38 126.88 126.44 125.97 125.44 124.94 124.31 123.69 123.00 122.25 121.47 120.69 119.88 119.06 118.34 117.72 117.28 117.00 116.78 116.59 116.34 115.75 114.84 113.59 112.31 111.19 110.38 109.56 108.75 107.88 107.22 106.66 106.19 105.62 105.12 104.59 104.09 103.59 103.12 102.66 102.22 101.81 101.47 101.09 100.75 100.44 100.09 99.75 99.44 99.09 98.78 98.44
133.00 132.66 132.31 131.97 131.88 131.75 131.16 130.22 130.12 130.00 129.97 129.91 129.91 130.22 129.72 129.41 129.31 129.28 128.94 128.47 128.03 127.56 127.06 126.56 126.09 125.59 125.09 124.53 123.94 123.31 122.59 121.91 121.12 120.31 119.47 118.62 117.78 117.16 116.66 116.28 116.03 115.88 115.66 115.09 114.25 113.09 111.97 111.09 110.44 109.72 108.91 108.00 107.34 106.72 106.19 105.59 105.03 104.47 103.97 103.44 102.94 102.50 102.06 101.66 101.31 100.97 100.62 100.31 99.97 99.66 99.31 99.00 98.69 98.34
132.72 132.38 132.03 131.66 131.31 131.12 130.97 130.12 129.84 129.59 129.56 129.50 129.47 129.69 129.59 129.06 128.97 128.91 128.66 128.22 127.75 127.25 126.75 126.22 125.72 125.22 124.69 124.16 123.56 122.94 122.25 121.53 120.75 119.94 119.09 118.19 117.34 116.56 116.00 115.53 115.31 115.16 114.97 114.50 113.78 112.69 111.62 110.81 110.31 109.66 108.94 108.19 107.47 106.78 106.16 105.56 104.97 104.38 103.84 103.28 102.78 102.34 101.91 101.53 101.19 100.84 100.50 100.19 99.88 99.53 99.22 98.91 98.59 98.28
132.50 132.06 131.72 131.38 131.03 130.69 130.41 129.97 129.56 129.22 129.16 129.09 129.06 129.00 129.22 128.72 128.62 128.56 128.38 127.94 127.44 126.94 126.38 125.88 125.34 124.81 124.28 123.75 123.19 122.56 121.88 121.16 120.38 119.56 118.69 117.78 116.91 116.09 115.41 114.84 114.56 114.44 114.38 114.06 113.38 112.31 111.34 110.62 110.06 109.50 108.97 108.25 107.53 106.78 106.16 105.50 104.88 104.25 103.69 103.16 102.66 102.19 101.78 101.38 101.03 100.69 100.38 100.06 99.75 99.44 99.12 98.81 98.50 98.19
132.53 131.88 131.44 131.09 130.72 130.38 130.03 129.72 129.34 128.91 128.81 128.75 128.69 128.53 128.72 128.38 128.25 128.16 128.03 127.59 127.12 126.59 126.03 125.47 124.94 124.41 123.88 123.34 122.75 122.16 121.47 120.78 120.00 119.19 118.34 117.41 116.53 115.66 114.91 114.28 113.94 113.78 113.75 113.56 112.91 112.09 111.16 110.44 109.91 109.47 108.97 108.31 107.56 106.78 106.09 105.44 104.75 104.12 103.56 103.00 102.50 102.03 101.62 101.22 100.91 100.56 100.25 99.94 99.62 99.31 99.00 98.69 98.41 98.09
132.50 131.81 131.28 130.78 130.44 130.09 129.75 129.44 129.09 128.69 128.50 128.38 128.31 128.22 128.16 128.03 127.88 127.78 127.56 127.16 126.75 126.25 125.66 125.09 124.56 124.00 123.44 122.91 122.31 121.69 121.09 120.38 119.62 118.84 117.97 117.09 116.16 115.28 114.50 113.84 113.41 113.16 113.06 112.91 112.53 111.91 111.19 110.50 109.97 109.50 108.97 108.34 107.50 106.75 105.97 105.31 104.62 103.97 103.41 102.84 102.34 101.88 101.47 101.06 100.75 100.44 100.12 99.81 99.50 99.19 98.91 98.59 98.28 98.00
132.50 131.81 131.16 130.75 130.19 129.84 129.50 129.16 128.81 128.50 128.19 128.00 127.94 127.94 127.72 127.62 127.44 127.38 127.16 126.66 126.28 125.84 125.25 124.72 124.16 123.59 123.00 122.44 121.88 121.28 120.62 119.97 119.22 118.44 117.66 116.75 115.88 115.00 114.19 113.50 113.00 112.72 112.50 112.38 112.19 111.78 111.19 110.56 110.06 109.56 109.00 108.25 107.47 106.59 105.84 105.16 104.47 103.84 103.25 102.69 102.19 101.69 101.28 100.91 100.59 100.28 99.97 99.69 99.38 99.09 98.78 98.50 98.19 97.91
132.84 132.12 131.44 131.00 130.44 129.69 129.22 128.91 128.56 128.25 127.91 127.59 127.44 127.53 127.44 127.28 127.03 126.97 126.81 126.12 125.78 125.31 124.81 124.25 123.72 123.16 122.56 122.00 121.44 120.81 120.22 119.53 118.81 118.09 117.28 116.47 115.59 114.75 113.94 113.25 112.66 112.31 112.12 111.97 111.84 111.56 111.16 110.62 110.03 109.53 108.91 108.16 107.31 106.50 105.69 105.00 104.34 103.72 103.12 102.53 102.03 101.53 101.12 100.75 100.44 100.16 99.84 99.56 99.25 98.97 98.66 98.38 98.09 97.81
133.34 132.62 131.97 131.47 131.16 130.31 129.25 128.66 128.31 128.00 127.66 127.34 127.09 126.97 127.09 127.00 126.56 126.56 126.47 125.62 125.25 124.78 124.31 123.81 123.28 122.72 122.12 121.56 120.97 120.38 119.75 119.12 118.44 117.72 116.94 116.16 115.34 114.56 113.78 113.03 112.44 112.00 111.78 111.62 111.50 111.31 111.00 110.50 110.00 109.44 108.78 108.03 107.16 106.34 105.53 104.81 104.19 103.53 102.97 102.38 101.88 101.38 100.97 100.59 100.31 100.00 99.72 99.44 99.12 98.84 98.56 98.28 97.97 97.69
133.69 133.12 132.50 131.94 131.47 131.03 130.09 128.91 128.09 127.75 127.41 127.09 126.81 126.53 126.47 126.66 126.19 126.16 126.09 125.16 124.72 124.25 123.81 123.31 122.84 122.28 121.72 121.09 120.53 119.91 119.31 118.66 117.97 117.31 116.56 115.84 115.09 114.34 113.59 112.88 112.28 111.81 111.50 111.31 111.22 111.03 110.75 110.34 109.84 109.25 108.56 107.81 107.00 106.16 105.38 104.66 104.00 103.41 102.81 102.25 101.69 101.22 100.81 100.47 100.16 99.88 99.59 99.31 99.03 98.72 98.44 98.16 97.88 97.59
133.91 133.34 132.81 132.22 131.66 131.12 130.59 129.78 128.59 127.53 127.09 126.81 126.53 126.25 125.97 126.09 125.75 125.78 125.72 124.69 124.22 123.72 123.28 122.84 122.38 121.84 121.25 120.66 120.06 119.47 118.84 118.19 117.53 116.88 116.19 115.47 114.78 114.06 113.38 112.72 112.12 111.66 111.31 111.12 110.94 110.78 110.47 110.09 109.59 109.00 108.34 107.59 106.75 105.94 105.19 104.50 103.81 103.19 102.62 102.06 101.53 101.03 100.66 100.31 100.03 99.75 99.47 99.19 98.91 98.62 98.31 98.03 97.75 97.50
134.09 133.50 132.91 132.34 131.75 131.16 130.59 130.09 129.47 127.88 126.78 126.53 126.25 125.94 125.72 125.50 125.38 125.38 125.34 124.28 123.72 123.25 122.81 122.38 121.94 121.41 120.84 120.22 119.59 119.00 118.34 117.72 117.06 116.41 115.75 115.09 114.44 113.75 113.09 112.47 111.94 111.50 111.16 110.91 110.66 110.44 110.16 109.78 109.31 108.72 108.06 107.34 106.56 105.78 105.00 104.28 103.66 103.00 102.44 101.91 101.34 100.88 100.53 100.19 99.91 99.62 99.34 99.06 98.78 98.50 98.22 97.94 97.66 97.38
134.25 133.66 133.09 132.50 131.84 131.22 130.62 130.03 129.31 128.34 126.72 126.22 125.88 125.62 125.41 125.19 125.00 125.00 124.97 123.91 123.38 122.88 122.41 121.94 121.47 120.97 120.41 119.78 119.16 118.53 117.88 117.25 116.59 115.97 115.31 114.69 114.06 113.41 112.78 112.22 111.72 111.31 110.94 110.62 110.34 110.12 109.81 109.47 109.03 108.47 107.84 107.16 106.41 105.62 104.81 104.06 103.41 102.81 102.25 101.72 101.22 100.75 100.41 100.09 99.81 99.53 99.25 98.94 98.66 98.38 98.09 97.81 97.53 97.25
134.44 133.84 133.25 132.66 131.97 131.28 130.62 129.88 128.97 127.97 127.09 126.16 125.59 125.31 125.09 124.88 124.72 124.62 124.59 123.62 123.06 122.53 122.00 121.53 121.03 120.50 119.94 119.34 118.72 118.09 117.44 116.78 116.12 115.50 114.88 114.25 113.66 113.03 112.44 111.88 111.44 111.06 110.72 110.41 110.12 109.88 109.56 109.19 108.75 108.19 107.59 106.97 106.25 105.41 104.62 103.81 103.16 102.56 102.03 101.53 101.03 100.59 100.25 99.97 99.69 99.41 99.12 98.84 98.56 98.25 97.97 97.69 97.41 97.12
134.62 134.06 133.41 132.75 132.09 131.34 130.56 129.66 128.72 127.72 127.22 126.88 125.81 124.94 124.84 124.59 124.41 124.28 124.25 123.34 122.75 122.19 121.66 121.12 120.62 120.09 119.53 118.94 118.31 117.66 117.00 116.31 115.69 115.03 114.41 113.81 113.22 112.66 112.06 111.56 111.12 110.81 110.50 110.19 109.94 109.66 109.34 108.97 108.50 107.97 107.38 106.72 106.03 105.19 104.34 103.56 102.88 102.34 101.81 101.34 100.88 100.47 100.12 99.84 99.59 99.31 99.03 98.72 98.44 98.16 97.84 97.56 97.28 96.97
134.78 134.28 133.66 132.94 132.12 131.34 130.53 129.66 128.81 128.06 127.59 127.34 126.03 125.06 124.66 124.28 124.06 123.91 123.88 123.12 122.47 121.88 121.31 120.78 120.25 119.69 119.12 118.50 117.88 117.22 116.56 115.88 115.22 114.56 113.97 113.38 112.78 112.22 111.66 111.19 110.88 110.53 110.28 109.97 109.72 109.47 109.16 108.78 108.28 107.72 107.16 106.53 105.78 104.94 104.06 103.28 102.62 102.09 101.59 101.16 100.72 100.31 100.00 99.75 99.47 99.19 98.91 98.62 98.31 98.03 97.72 97.44 97.12 96.81
134.78 134.41 133.91 133.19 132.31 131.44 130.69 129.84 129.19 128.69 128.31 127.94 127.22 125.84 124.28 123.91 123.69 123.53 123.44 122.97 122.22 121.59 121.00 120.47 119.91 119.34 118.75 118.12 117.50 116.81 116.16 115.47 114.78 114.12 113.50 112.94 112.38 111.81 111.28 110.84 110.53 110.28 110.03 109.78 109.50 109.28 109.00 108.59 108.06 107.53 106.91 106.28 105.50 104.66 103.75 102.97 102.34 101.81 101.41 100.97 100.53 100.19 99.88 99.62 99.38 99.06 98.78 98.50 98.19 97.91 97.59 97.28 96.97 96.62
134.62 134.38 134.06 133.44 132.66 131.72 130.94 130.25 129.75 129.28 128.75 128.16 127.62 126.22 124.16 123.66 123.34 123.16 123.00 122.81 122.03 121.34 120.72 120.16 119.59 119.00 118.41 117.78 117.12 116.44 115.75 115.06 114.38 113.66 113.03 112.47 111.91 111.38 110.88 110.50 110.22 110.03 109.78 109.53 109.28 109.06 108.81 108.41 107.88 107.28 106.69 106.03 105.22 104.31 103.44 102.66 102.03 101.59 101.19 100.78 100.38 100.03 99.75 99.50 99.25 98.94 98.66 98.38 98.06 97.78 97.47 97.16 96.81 96.44
134.34 134.22 133.97 133.59 132.91 132.03 131.28 130.62 130.16 129.66 129.03 128.25 126.97 125.97 124.78 123.19 123.00 122.81 122.66 122.53 121.94 121.12 120.50 119.91 119.31 118.72 118.09 117.47 116.78 116.09 115.41 114.69 113.97 113.22 112.59 112.03 111.47 110.94 110.50 110.19 109.97 109.72 109.53 109.25 109.03 108.81 108.53 108.16 107.66 107.06 106.41 105.69 104.88 103.97 103.09 102.34 101.81 101.38 101.00 100.59 100.22 99.88 99.62 99.38 99.09 98.81 98.53 98.22 97.94 97.62 97.31 97.00 96.62 96.25
133.94 133.88 133.75 133.53 132.97 132.22 131.53 130.88 130.31 129.66 128.97 128.19 127.41 126.69 125.66 123.38 122.59 122.44 122.31 122.16 121.84 120.94 120.28 119.69 119.09 118.47 117.84 117.19 116.50 115.78 115.06 114.34 113.59 112.84 112.16 111.56 111.03 110.56 110.19 109.94 109.66 109.47 109.25 109.00 108.75 108.50 108.22 107.88 107.38 106.81 106.16 105.38 104.50 103.56 102.72 102.03 101.53 101.16 100.78 100.41 100.06 99.75 99.50 99.25 98.97 98.69 98.38 98.09 97.78 97.50 97.19 96.84 96.50 96.09
133.41 133.44 133.34 133.22 132.78 132.19 131.56 130.94 130.25 129.56 128.81 128.06 127.28 126.56 125.62 123.81 122.25 122.09 121.97 121.81 121.66 120.94 120.12 119.53 118.91 118.25 117.62 116.94 116.25 115.53 114.78 114.03 113.28 112.53 111.78 111.16 110.62 110.22 109.88 109.62 109.41 109.22 108.97 108.72 108.47 108.22 107.97 107.56 107.06 106.47 105.78 105.00 104.09 103.22 102.38 101.75 101.31 100.94 100.56 100.22 99.91 99.62 99.38 99.09 98.81 98.53 98.25 97.94 97.66 97.38 97.06 96.72 96.34 95.94
132.84 132.88 132.84 132.72 132.41 131.94 131.41 130.81 130.16 129.38 128.62 127.94 127.22 126.28 125.47 124.22 122.25 121.75 121.62 121.47 121.34 120.94 120.03 119.38 118.75 118.09 117.41 116.72 116.03 115.28 114.53 113.78 113.03 112.25 111.50 110.81 110.28 109.91 109.59 109.34 109.16 108.97 108.72 108.44 108.16 107.94 107.66 107.25 106.75 106.12 105.41 104.62 103.72 102.84 102.09 101.47 101.09 100.75 100.41 100.06 99.78 99.50 99.25 98.97 98.69 98.38 98.09 97.81 97.53 97.22 96.91 96.59 96.19 95.75
132.16 132.25 132.25 132.19 131.94 131.56 131.09 130.53 129.81 129.16 128.50 127.88 127.12 126.00 125.19 124.44 122.53 121.41 121.28 121.12 120.97 120.81 120.03 119.28 118.59 117.94 117.25 116.53 115.81 115.09 114.34 113.56 112.81 112.03 111.28 110.56 110.03 109.62 109.31 109.09 108.91 108.72 108.44 108.12 107.91 107.66 107.41 107.03 106.47 105.88 105.12 104.31 103.41 102.53 101.81 101.31 100.91 100.59 100.22 99.94 99.62 99.38 99.12 98.81 98.53 98.22 97.94 97.66 97.38 97.09 96.78 96.44 96.03 95.59
131.47 131.56 131.66 131.59 131.44 131.16 130.75 130.19 129.50 128.84 128.28 127.66 126.91 125.72 124.94 124.25 122.88 121.22 120.94 120.78 120.62 120.53 120.06 119.19 118.47 117.78 117.09 116.38 115.66 114.91 114.16 113.41 112.62 111.88 111.09 110.34 109.81 109.41 109.06 108.88 108.66 108.47 108.19 107.88 107.66 107.47 107.19 106.78 106.28 105.66 104.88 104.03 103.16 102.28 101.59 101.12 100.72 100.44 100.09 99.78 99.50 99.22 98.94 98.66 98.34 98.09 97.81 97.53 97.25 96.94 96.62 96.28 95.88 95.44
130.72 130.91 131.00 131.03 130.91 130.72 130.41 129.94 129.41 128.81 128.16 127.38 126.59 125.62 124.81 123.97 122.97 121.31 120.56 120.44 120.28 120.16 119.94 119.06 118.31 117.62 116.94 116.22 115.50 114.75 114.00 113.25 112.47 111.72 110.97 110.19 109.66 109.22 108.88 108.62 108.44 108.25 107.94 107.66 107.47 107.31 107.03 106.62 106.12 105.44 104.66 103.84 102.97 102.12 101.44 100.97 100.59 100.28 99.94 99.62 99.31 99.03 98.78 98.47 98.19 97.91 97.66 97.38 97.09 96.78 96.47 96.12 95.72 95.28
