arlandasctiles/Tile13,5.asc
ncols 128
nrows 128
xllcorner 0
yllcorner 0
cellsize 2.0
NODATA_value  -9999
[rows 72 to 107 of 128, columns 0 to 80 of 128]
44.38 44.25 44.19 44.16 44.00 43.84 43.75 43.66 43.59 43.56 43.53 43.50 43.44 43.34 43.16 42.81 42.28 41.69 41.16 40.91 41.12 41.59 41.12 39.19 35.53 31.22 29.34 27.53 25.84 24.19 22.53 20.91 19.25 17.66 16.16 14.94 14.22 13.97 13.75 13.41 12.84 12.94 11.81 6.59 6.19 6.19 6.19 6.19 6.19 6.19 6.16 6.19 6.19 6.03 5.84 5.59 5.34 5.00 4.72 4.62 4.56 4.50 4.56 4.69 4.47 4.25 4.19 4.12 4.16 4.12 4.09 4.06 4.03 4.03 4.03 4.03 3.97 3.97 3.94 3.91 3.88
43.81 43.66 43.59 43.59 43.44 43.34 43.28 43.25 43.28 43.31 43.34 43.38 43.38 43.31 43.16 42.78 42.12 41.19 40.28 39.84 40.00 40.09 39.06 36.62 33.09 30.06 28.28 26.56 24.88 23.22 21.59 19.97 18.34 16.81 15.38 14.22 13.62 13.44 13.28 13.12 12.88 13.06 12.28 6.19 6.19 6.19 6.19 6.22 6.22 6.22 6.19 6.16 6.06 5.91 5.69 5.47 5.22 4.94 4.50 4.41 4.41 4.38 4.41 4.56 4.38 4.12 4.06 4.12 4.16 4.16 4.16 4.12 4.09 4.09 4.06 4.03 4.00 3.91 3.88 3.84 3.81
43.19 43.00 42.91 42.91 42.78 42.69 42.69 42.75 42.84 42.94 43.03 43.12 43.22 43.19 43.19 42.94 42.25 40.62 38.62 36.91 36.66 36.47 35.47 33.19 30.44 28.81 27.16 25.50 23.88 22.25 20.66 19.09 17.53 16.06 14.66 13.53 13.00 12.91 12.84 12.78 12.81 12.94 12.16 6.19 6.19 6.19 6.22 6.28 6.31 6.25 6.16 6.06 5.94 5.78 5.56 5.31 5.09 4.81 4.38 4.25 4.25 4.22 4.25 4.38 4.28 4.09 4.00 4.03 4.09 4.19 4.19 4.16 4.12 4.12 4.12 4.09 4.03 3.94 3.81 3.75 3.72
42.59 42.28 42.09 42.06 41.97 41.94 42.00 42.12 42.31 42.50 42.66 42.81 42.91 43.09 43.34 42.19 41.00 39.16 37.12 35.06 33.59 32.66 31.75 30.50 29.09 27.56 26.00 24.44 22.84 21.28 19.75 18.25 16.75 15.31 13.97 12.88 12.38 12.38 12.34 12.28 12.25 12.38 11.84 6.19 6.19 6.19 6.31 6.41 6.34 6.22 6.09 5.97 5.81 5.59 5.38 5.16 4.91 4.62 4.16 4.06 4.09 4.09 4.09 4.22 4.19 4.09 4.00 3.97 4.03 4.16 4.16 4.16 4.16 4.16 4.16 4.16 4.09 3.97 3.78 3.66 3.59
41.97 41.41 41.06 40.97 40.97 40.97 41.12 41.41 41.72 42.00 42.25 42.44 42.50 42.47 41.38 40.44 39.09 37.47 35.78 34.03 32.50 31.47 30.41 29.16 27.78 26.31 24.84 23.34 21.81 20.34 18.84 17.41 16.00 14.62 13.34 12.28 11.91 11.97 12.03 11.97 11.47 11.50 11.50 6.19 6.19 6.22 6.34 6.47 6.34 6.16 6.00 5.81 5.62 5.41 5.19 4.94 4.69 4.31 4.00 3.97 4.00 4.00 4.03 4.09 4.09 4.06 4.03 3.91 3.97 4.06 4.12 4.12 4.16 4.19 4.22 4.22 4.16 3.97 3.75 3.59 3.53
41.34 40.31 40.00 39.75 39.69 39.78 40.12 40.56 41.06 41.50 41.84 42.09 42.44 42.50 39.75 38.56 37.19 35.84 34.41 32.94 31.41 30.28 29.09 27.81 26.47 25.09 23.66 22.22 20.78 19.38 17.97 16.59 15.25 13.94 12.75 11.78 11.53 11.59 11.69 11.69 11.50 11.50 11.09 6.19 6.19 6.22 6.34 6.47 6.28 6.09 5.88 5.62 5.41 5.16 4.94 4.72 4.38 4.03 3.91 3.94 3.94 3.94 3.94 3.97 4.00 4.00 4.00 3.91 3.88 3.97 4.03 4.09 4.16 4.19 4.22 4.25 4.25 3.94 3.66 3.50 3.41
40.19 39.22 38.72 38.28 38.06 38.16 38.69 39.44 40.22 40.91 41.34 41.09 40.19 39.06 37.84 36.56 35.38 34.22 33.03 31.78 30.38 29.09 27.81 26.53 25.22 23.88 22.50 21.16 19.78 18.41 17.06 15.78 14.50 13.31 12.22 11.50 11.16 11.22 11.31 11.34 11.50 10.53 6.38 6.19 6.19 6.22 6.31 6.38 6.22 5.97 5.72 5.44 5.16 4.81 4.59 4.41 4.12 3.94 3.94 3.91 3.91 3.91 3.84 3.81 3.88 3.94 3.97 3.94 3.84 3.88 3.94 4.03 4.12 4.19 4.22 4.28 4.09 3.78 3.53 3.41 3.31
37.09 36.78 36.50 36.12 35.78 36.28 36.94 37.75 38.69 39.50 39.78 39.19 38.25 37.03 35.69 34.59 33.62 32.66 31.62 30.53 29.28 27.84 26.53 25.25 23.97 22.69 21.38 20.06 18.75 17.44 16.19 14.94 13.78 12.66 11.81 11.25 10.88 10.81 10.91 10.88 10.62 9.75 6.41 6.19 6.19 6.22 6.22 6.28 6.09 5.84 5.56 5.25 4.94 4.62 4.47 4.31 4.03 3.94 3.94 3.94 3.94 3.88 3.72 3.69 3.75 3.84 3.94 3.97 3.91 3.84 3.84 3.91 4.03 4.12 4.16 4.03 3.81 3.59 3.44 3.34 3.25
34.44 34.03 33.81 33.75 33.88 34.34 34.97 35.69 36.56 37.25 37.38 36.88 35.97 34.84 33.62 32.69 32.00 31.16 30.25 29.22 27.94 26.53 25.25 24.00 22.75 21.50 20.25 19.00 17.75 16.50 15.28 14.12 13.00 12.09 11.44 10.94 10.56 10.38 10.50 10.47 10.31 8.50 6.69 6.19 6.28 6.22 6.25 6.25 6.03 5.75 5.44 5.09 4.75 4.44 4.31 4.12 3.97 3.97 3.97 3.94 3.94 3.72 3.50 3.53 3.62 3.75 3.88 3.94 3.94 3.84 3.75 3.72 3.78 3.81 3.78 3.66 3.53 3.38 3.31 3.22 3.16
32.69 32.16 31.88 31.81 31.94 32.22 32.69 33.25 33.94 34.47 34.59 34.28 33.62 32.69 31.59 30.94 30.50 29.78 28.91 27.91 26.56 25.22 23.97 22.75 21.53 20.31 19.12 17.94 16.75 15.56 14.41 13.31 12.31 11.56 10.97 10.50 10.12 9.88 10.06 10.06 10.03 8.22 7.19 6.66 6.41 6.31 6.31 6.31 6.00 5.66 5.31 4.94 4.56 4.22 4.12 4.03 4.03 4.00 3.97 3.97 3.84 3.44 3.34 3.41 3.50 3.66 3.78 3.88 3.91 3.84 3.75 3.69 3.66 3.56 3.50 3.44 3.38 3.28 3.22 3.12 3.06
30.84 30.41 30.12 29.94 29.91 30.00 30.22 30.56 30.94 31.28 31.47 31.47 31.16 30.47 29.59 29.38 29.16 28.50 27.62 26.56 25.22 23.91 22.69 21.50 20.34 19.19 18.06 16.91 15.78 14.66 13.56 12.56 11.69 11.03 10.50 10.03 9.66 9.38 9.56 9.53 9.09 8.19 7.25 6.78 6.47 6.41 6.44 6.41 6.00 5.59 5.22 4.81 4.44 4.16 4.06 4.09 4.06 4.03 4.00 3.97 3.53 3.09 3.16 3.28 3.41 3.56 3.69 3.81 3.88 3.81 3.72 3.62 3.59 3.56 3.47 3.38 3.31 3.22 3.16 3.06 2.97
28.91 28.56 28.28 28.09 28.00 28.00 28.12 28.31 28.56 28.72 28.78 28.69 28.41 28.06 27.69 27.50 27.50 27.28 26.34 25.19 23.84 22.59 21.41 20.28 19.12 18.03 16.91 15.81 14.75 13.72 12.75 11.84 11.09 10.50 9.97 9.53 9.12 8.88 8.94 8.78 8.38 7.78 7.12 6.75 6.47 6.44 6.47 6.41 5.97 5.53 5.12 4.75 4.38 4.19 4.12 4.12 4.09 4.06 4.03 3.72 3.00 2.81 2.97 3.16 3.34 3.50 3.66 3.75 3.84 3.78 3.69 3.62 3.56 3.50 3.41 3.34 3.25 3.16 3.09 3.00 2.91
26.97 26.66 26.41 26.22 26.06 26.03 26.06 26.12 26.25 26.38 26.44 26.41 26.25 26.00 25.75 25.56 25.41 25.25 25.00 23.72 22.38 21.25 20.12 19.03 17.97 16.94 15.91 14.88 13.88 12.94 12.03 11.19 10.50 9.94 9.44 9.00 8.53 8.34 8.31 8.03 7.69 7.22 6.88 6.59 6.38 6.38 6.34 6.28 5.84 5.44 5.06 4.72 4.38 4.22 4.19 4.16 4.12 4.09 3.94 3.19 2.69 2.66 2.84 3.09 3.28 3.47 3.62 3.75 3.81 3.81 3.66 3.59 3.53 3.44 3.38 3.31 3.19 3.09 3.03 2.94 2.84
25.28 25.00 24.78 24.56 24.44 24.31 24.25 24.22 24.22 24.25 24.25 24.22 24.12 23.94 23.72 23.50 23.31 23.06 22.81 22.16 20.81 19.81 18.81 17.84 16.88 15.91 14.94 13.97 13.03 12.12 11.31 10.53 9.91 9.38 8.91 8.47 8.00 7.91 7.66 7.25 7.03 6.81 6.59 6.41 6.25 6.19 6.16 6.00 5.66 5.31 5.00 4.66 4.34 4.25 4.22 4.22 4.19 4.12 3.53 2.88 2.84 2.78 2.84 3.09 3.28 3.47 3.62 3.75 3.84 3.88 3.66 3.53 3.50 3.41 3.34 3.25 3.12 3.03 2.94 2.84 2.72
23.62 23.38 23.16 22.94 22.81 22.69 22.62 22.56 22.50 22.44 22.38 22.31 22.19 22.06 21.88 21.66 21.41 21.09 20.59 19.97 19.09 18.31 17.47 16.62 15.75 14.88 13.94 13.03 12.16 11.31 10.56 9.88 9.28 8.78 8.34 7.97 7.66 7.50 7.12 6.84 6.62 6.44 6.31 6.22 6.12 6.03 5.91 5.72 5.44 5.19 4.88 4.50 4.31 4.31 4.28 4.25 4.22 3.88 3.25 3.06 3.06 3.00 3.00 3.16 3.31 3.47 3.62 3.75 3.84 3.94 3.66 3.50 3.44 3.34 3.25 3.19 3.06 2.97 2.88 2.75 2.66
22.06 21.81 21.59 21.41 21.25 21.12 21.03 20.97 20.88 20.78 20.69 20.56 20.44 20.25 20.06 19.84 19.59 19.25 18.72 17.97 17.38 16.84 16.22 15.50 14.69 13.88 13.00 12.12 11.28 10.50 9.81 9.22 8.72 8.28 7.91 7.59 7.41 7.16 6.78 6.50 6.25 6.12 6.03 6.00 5.97 5.88 5.75 5.50 5.25 5.03 4.66 4.41 4.34 4.31 4.31 4.28 4.12 3.59 3.28 3.28 3.31 3.22 3.12 3.22 3.38 3.50 3.62 3.72 3.81 3.91 3.69 3.47 3.38 3.28 3.22 3.09 3.00 2.91 2.78 2.69 2.56
20.59 20.34 20.16 19.97 19.81 19.66 19.56 19.47 19.38 19.25 19.16 19.00 18.84 18.66 18.47 18.25 17.97 17.59 17.12 16.44 15.88 15.56 15.03 14.41 13.66 12.88 12.03 11.22 10.44 9.75 9.12 8.59 8.16 7.78 7.47 7.25 7.06 6.84 6.53 6.25 6.03 5.91 5.84 5.84 5.81 5.78 5.66 5.41 5.12 4.81 4.50 4.41 4.38 4.34 4.34 4.25 3.88 3.47 3.41 3.41 3.41 3.28 3.22 3.25 3.38 3.50 3.59 3.69 3.78 3.81 3.69 3.44 3.38 3.25 3.16 3.03 2.94 2.81 2.72 2.59 2.50
19.22 18.97 18.78 18.59 18.44 18.28 18.16 18.06 17.94 17.84 17.72 17.56 17.38 17.19 16.97 16.75 16.47 16.12 15.72 15.19 14.78 14.47 14.00 13.41 12.69 11.91 11.09 10.31 9.62 9.00 8.47 8.00 7.59 7.28 7.00 6.81 6.69 6.50 6.25 6.03 5.88 5.78 5.75 5.72 5.72 5.69 5.53 5.34 4.91 4.59 4.47 4.44 4.41 4.38 4.34 4.09 3.72 3.56 3.47 3.41 3.38 3.25 3.25 3.31 3.41 3.50 3.59 3.66 3.72 3.72 3.62 3.41 3.31 3.19 3.06 2.97 2.81 2.69 2.59 2.47 2.38
17.91 17.69 17.47 17.28 17.12 16.97 16.84 16.72 16.59 16.50 16.38 16.25 16.09 15.88 15.66 15.41 15.16 14.81 14.47 14.09 13.84 13.59 13.12 12.53 11.81 11.00 10.16 9.47 8.84 8.28 7.81 7.41 7.03 6.75 6.50 6.34 6.22 6.06 5.88 5.72 5.66 5.59 5.56 5.53 5.56 5.56 5.34 4.94 4.62 4.50 4.47 4.47 4.44 4.41 4.28 3.94 3.75 3.59 3.50 3.41 3.31 3.28 3.31 3.34 3.44 3.50 3.56 3.59 3.62 3.59 3.53 3.34 3.22 3.16 3.00 2.81 2.59 2.41 2.38 2.31 2.22
16.72 16.47 16.25 16.06 15.91 15.75 15.59 15.47 15.34 15.25 15.12 15.00 14.84 14.66 14.44 14.22 13.94 13.66 13.38 13.12 13.00 12.78 12.34 11.72 11.00 10.16 9.34 8.72 8.12 7.62 7.19 6.81 6.47 6.22 5.97 5.81 5.69 5.56 5.31 5.19 5.16 5.16 5.22 5.25 5.06 4.69 4.41 4.38 4.44 4.50 4.50 4.47 4.47 4.44 4.22 3.97 3.78 3.62 3.50 3.41 3.31 3.31 3.34 3.41 3.44 3.50 3.53 3.53 3.53 3.50 3.44 3.31 3.19 3.06 2.91 2.69 2.44 2.34 2.25 2.19 2.12
15.59 15.34 15.12 14.94 14.75 14.56 14.41 14.28 14.16 14.06 13.94 13.81 13.69 13.50 13.31 13.09 12.84 12.62 12.38 12.19 12.06 11.88 11.56 11.00 10.25 9.34 8.62 8.03 7.50 7.03 6.62 6.25 5.94 5.66 5.44 5.25 5.12 4.97 4.69 4.50 4.50 4.56 4.41 4.06 3.81 3.78 4.00 4.22 4.38 4.50 4.50 4.50 4.53 4.50 4.25 4.03 3.84 3.66 3.53 3.41 3.34 3.34 3.41 3.44 3.44 3.47 3.47 3.47 3.47 3.44 3.31 3.22 3.09 2.97 2.84 2.66 2.44 2.31 2.22 2.12 2.03
14.53 14.31 14.06 13.84 13.66 13.47 13.31 13.16 13.03 12.94 12.81 12.69 12.56 12.41 12.25 12.06 11.84 11.66 11.44 11.25 11.09 10.88 10.59 10.12 9.44 8.59 7.94 7.38 6.88 6.44 6.03 5.69 5.38 5.12 4.88 4.69 4.53 4.34 4.06 3.81 3.53 3.28 3.12 3.16 3.38 3.62 3.88 4.12 4.31 4.44 4.50 4.66 4.78 4.59 4.34 4.09 3.88 3.69 3.53 3.41 3.38 3.38 3.41 3.41 3.41 3.41 3.41 3.41 3.38 3.31 3.22 3.09 3.00 2.91 2.81 2.62 2.44 2.28 2.16 2.06 1.97
13.59 13.34 13.09 12.88 12.66 12.44 12.25 12.09 11.97 11.84 11.75 11.62 11.50 11.38 11.25 11.09 10.94 10.75 10.59 10.41 10.19 9.97 9.66 9.25 8.56 7.84 7.25 6.75 6.28 5.88 5.50 5.16 4.84 4.56 4.34 4.12 3.97 3.62 3.03 2.69 2.56 2.62 2.78 3.03 3.28 3.53 3.75 4.00 4.25 4.38 4.62 4.88 4.84 4.59 4.34 4.12 3.91 3.72 3.56 3.44 3.41 3.38 3.38 3.38 3.38 3.34 3.34 3.31 3.28 3.19 3.12 2.97 2.84 2.78 2.69 2.56 2.38 2.22 2.09 2.00 1.88
12.59 12.34 12.09 11.88 11.66 11.44 11.28 11.09 10.97 10.84 10.72 10.62 10.50 10.41 10.28 10.16 10.03 9.91 9.75 9.56 9.38 9.12 8.78 8.38 7.75 7.16 6.62 6.12 5.69 5.31 4.94 4.62 4.31 4.06 3.81 3.41 2.81 2.31 2.12 2.22 2.38 2.56 2.72 2.91 3.16 3.41 3.66 3.88 4.03 4.12 4.22 4.31 4.31 4.25 4.16 4.03 3.91 3.78 3.62 3.47 3.38 3.34 3.31 3.31 3.28 3.25 3.22 3.19 3.16 3.06 2.94 2.81 2.72 2.62 2.53 2.41 2.28 2.16 2.03 1.91 1.81
11.72 11.47 11.22 10.97 10.75 10.53 10.31 10.12 9.97 9.84 9.75 9.66 9.56 9.47 9.38 9.28 9.16 9.06 8.94 8.78 8.59 8.34 8.03 7.59 7.06 6.53 6.03 5.56 5.16 4.78 4.44 4.12 3.81 3.41 2.72 2.03 1.72 1.81 1.97 2.12 2.31 2.47 2.66 2.81 3.03 3.25 3.38 3.50 3.59 3.72 3.84 3.91 3.94 3.94 3.88 3.81 3.72 3.66 3.56 3.44 3.31 3.25 3.22 3.22 3.19 3.16 3.09 3.00 2.94 2.84 2.75 2.62 2.56 2.47 2.38 2.25 2.16 2.03 1.91 1.81 1.72
10.84 10.59 10.34 10.09 9.84 9.62 9.41 9.22 9.03 8.91 8.78 8.69 8.62 8.53 8.47 8.38 8.28 8.22 8.09 7.97 7.81 7.59 7.31 6.94 6.47 6.00 5.50 5.06 4.66 4.28 3.97 3.53 2.84 2.19 1.78 1.66 1.56 1.72 1.91 2.06 2.22 2.41 2.56 2.69 2.81 2.91 3.00 3.16 3.34 3.47 3.56 3.62 3.66 3.66 3.62 3.56 3.50 3.44 3.34 3.28 3.19 3.12 3.09 3.09 3.06 2.97 2.84 2.81 2.72 2.62 2.56 2.50 2.41 2.34 2.22 2.12 2.03 1.91 1.81 1.72 1.62
10.00 9.75 9.50 9.25 9.03 8.81 8.59 8.41 8.22 8.06 7.94 7.88 7.78 7.72 7.66 7.59 7.53 7.44 7.38 7.25 7.12 6.94 6.69 6.38 5.97 5.53 5.06 4.62 4.22 3.72 3.03 2.38 1.97 1.81 1.75 1.69 1.59 1.66 1.81 2.00 2.16 2.31 2.44 2.50 2.59 2.72 2.88 3.00 3.12 3.25 3.34 3.38 3.41 3.41 3.41 3.34 3.28 3.19 3.12 3.03 2.97 2.94 2.91 2.88 2.78 2.66 2.56 2.53 2.50 2.47 2.47 2.41 2.31 2.22 2.12 2.00 1.91 1.81 1.72 1.62 1.53
9.22 8.94 8.72 8.47 8.25 8.03 7.81 7.62 7.44 7.28 7.19 7.09 7.03 6.94 6.91 6.84 6.78 6.72 6.66 6.56 6.44 6.31 6.09 5.84 5.50 5.09 4.66 4.09 3.31 2.59 2.16 2.00 1.94 1.88 1.78 1.72 1.66 1.59 1.78 2.03 2.22 2.34 2.41 2.47 2.56 2.69 2.81 2.91 3.00 3.09 3.16 3.19 3.22 3.22 3.19 3.12 3.06 3.00 2.91 2.81 2.72 2.62 2.56 2.47 2.41 2.41 2.34 2.31 2.38 2.44 2.41 2.34 2.25 2.16 2.03 1.91 1.78 1.69 1.59 1.50 1.44
8.47 8.22 7.97 7.75 7.53 7.31 7.12 6.94 6.78 6.62 6.53 6.44 6.38 6.31 6.25 6.19 6.12 6.09 6.03 5.94 5.84 5.72 5.56 5.34 5.03 4.56 3.72 2.91 2.38 2.19 2.12 2.06 1.97 1.91 1.84 1.75 1.72 1.88 2.16 2.34 2.41 2.41 2.47 2.50 2.59 2.66 2.75 2.84 2.91 2.97 3.00 3.03 3.06 3.03 3.00 2.94 2.88 2.78 2.69 2.59 2.50 2.38 2.31 2.25 2.22 2.16 2.19 2.28 2.38 2.44 2.41 2.34 2.22 2.06 1.94 1.78 1.66 1.56 1.47 1.41 1.34
7.72 7.50 7.28 7.09 6.91 6.69 6.50 6.34 6.19 6.06 5.94 5.84 5.78 5.72 5.66 5.59 5.53 5.50 5.44 5.38 5.28 5.19 5.06 4.78 4.06 3.28 2.69 2.44 2.34 2.25 2.16 2.09 2.00 1.94 1.91 2.03 2.25 2.44 2.47 2.47 2.47 2.47 2.50 2.56 2.59 2.66 2.72 2.78 2.84 2.88 2.91 2.91 2.91 2.88 2.84 2.78 2.69 2.62 2.50 2.41 2.31 2.19 2.09 2.03 2.03 2.09 2.19 2.25 2.34 2.38 2.38 2.31 2.19 2.03 1.84 1.69 1.56 1.44 1.38 1.28 1.22
7.06 6.88 6.69 6.50 6.31 6.12 5.97 5.81 5.66 5.53 5.44 5.34 5.25 5.19 5.09 5.06 5.00 4.94 4.91 4.84 4.78 4.66 4.16 3.53 2.97 2.72 2.62 2.50 2.41 2.28 2.19 2.12 2.09 2.19 2.38 2.56 2.59 2.56 2.53 2.53 2.53 2.53 2.56 2.59 2.62 2.66 2.72 2.75 2.78 2.81 2.81 2.81 2.81 2.75 2.72 2.62 2.56 2.47 2.38 2.28 2.16 2.06 1.94 1.94 2.00 2.06 2.16 2.22 2.25 2.28 2.28 2.22 2.12 1.94 1.75 1.56 1.44 1.31 1.25 1.19 1.12
6.44 6.28 6.12 5.94 5.78 5.62 5.47 5.34 5.19 5.06 4.97 4.84 4.78 4.69 4.62 4.56 4.50 4.47 4.44 4.34 4.06 3.66 3.22 3.00 2.91 2.78 2.69 2.56 2.47 2.34 2.25 2.34 2.53 2.69 2.72 2.69 2.66 2.62 2.62 2.59 2.59 2.59 2.62 2.62 2.66 2.69 2.72 2.72 2.75 2.75 2.75 2.75 2.72 2.66 2.62 2.56 2.50 2.41 2.28 2.19 2.06 1.94 1.88 1.94 2.00 2.06 2.09 2.16 2.16 2.16 2.16 2.09 1.97 1.81 1.59 1.44 1.28 1.19 1.12 1.06 1.00
5.94 5.78 5.62 5.47 5.31 5.19 5.03 4.91 4.78 4.66 4.53 4.44 4.34 4.28 4.19 4.12 4.09 4.03 3.84 3.59 3.38 3.25 3.16 3.06 2.94 2.84 2.72 2.62 2.53 2.56 2.69 2.81 2.88 2.81 2.78 2.75 2.72 2.72 2.69 2.69 2.66 2.66 2.66 2.69 2.69 2.69 2.72 2.72 2.72 2.72 2.72 2.72 2.72 2.72 2.69 2.59 2.50 2.38 2.25 2.12 1.97 1.84 1.88 1.94 1.97 2.03 2.06 2.09 2.12 2.12 2.06 1.94 1.81 1.66 1.44 1.28 1.16 1.06 1.00 0.97 0.91
5.47 5.31 5.19 5.03 4.91 4.78 4.66 4.53 4.41 4.28 4.19 4.09 4.00 3.91 3.84 3.78 3.62 3.50 3.41 3.34 3.31 3.28 3.22 3.12 3.00 2.91 2.81 2.81 2.91 3.00 3.03 2.97 2.94 2.91 2.88 2.84 2.81 2.78 2.78 2.75 2.75 2.72 2.72 2.72 2.72 2.72 2.72 2.72 2.72 2.72 2.72 2.78 2.84 2.84 2.75 2.62 2.50 2.34 2.22 2.06 1.91 1.81 1.88 1.91 1.97 2.00 2.06 2.12 2.12 2.09 1.97 1.81 1.62 1.44 1.25 1.09 1.00 0.94 0.91 0.84 0.78
5.06 4.94 4.81 4.66 4.53 4.44 4.31 4.19 4.09 3.97 3.88 3.78 3.69 3.59 3.50 3.41 3.34 3.34 3.38 3.34 3.31 3.28 3.25 3.19 3.06 3.09 3.16 3.22 3.22 3.16 3.09 3.06 3.03 3.00 2.97 2.94 2.91 2.88 2.84 2.84 2.81 2.81 2.78 2.78 2.78 2.75 2.75 2.72 2.72 2.75 2.84 2.91 2.94 2.88 2.81 2.66 2.50 2.34 2.19 2.03 1.88 1.78 1.88 1.94 2.03 2.06 2.09 2.12 2.09 2.00 1.84 1.66 1.44 1.25 1.03 0.94 0.88 0.84 0.78 0.72 0.66
4.72 4.59 4.47 4.34 4.25 4.12 4.03 3.91 3.81 3.72 3.62 3.50 3.41 3.34 3.31 3.31 3.34 3.34 3.34 3.38 3.34 3.31 3.28 3.31 3.38 3.47 3.47 3.38 3.31 3.25 3.19 3.16 3.12 3.09 3.06 3.03 3.00 2.97 2.94 2.91 2.91 2.88 2.84 2.84 2.81 2.81 2.78 2.75 2.78 2.84 2.94 2.97 2.97 2.91 2.81 2.69 2.53 2.34 2.19 2.00 1.84 1.78 1.94 2.03 2.09 2.09 2.09 2.03 1.97 1.84 1.66 1.47 1.25 1.03 0.91 0.84 0.78 0.72 0.69 0.59 0.50
