arlandasctiles/Tile5,10.asc
ncols 128
nrows 128
xllcorner 0
yllcorner 0
cellsize 2.0
NODATA_value  -9999
[rows 68 to 101 of 128, columns 0 to 76 of 128]
38.34 38.31 38.28 38.25 38.22 38.19 38.16 38.12 38.09 38.06 38.03 38.00 37.94 37.88 37.81 37.75 37.69 37.59 37.50 37.41 37.31 37.22 37.12 37.03 36.97 36.94 36.91 36.88 36.88 36.88 36.88 36.84 36.81 36.75 36.72 36.72 36.72 36.75 36.75 36.78 36.78 36.81 36.81 36.81 36.81 36.78 36.78 36.75 36.75 36.75 36.75 36.72 36.72 36.75 36.75 36.78 36.78 36.81 36.84 36.88 36.91 36.91 36.94 36.97 37.00 37.03 37.06 37.09 37.12 37.16 37.19 37.22 37.25 37.31 37.34 37.41 37.47
38.16 38.09 38.06 38.03 37.97 37.94 37.88 37.84 37.78 37.75 37.69 37.66 37.59 37.53 37.50 37.44 37.34 37.28 37.19 37.09 37.00 36.94 36.88 36.81 36.81 36.78 36.78 36.75 36.69 36.66 36.62 36.59 36.59 36.62 36.66 36.69 36.72 36.72 36.75 36.78 36.78 36.81 36.81 36.81 36.81 36.78 36.78 36.75 36.75 36.75 36.75 36.72 36.72 36.72 36.75 36.78 36.78 36.81 36.84 36.88 36.88 36.91 36.94 36.97 37.00 37.03 37.06 37.09 37.12 37.16 37.19 37.22 37.25 37.28 37.31 37.31 37.34
37.94 37.88 37.81 37.75 37.72 37.66 37.59 37.53 37.47 37.44 37.38 37.31 37.25 37.22 37.16 37.09 37.03 36.97 36.91 36.84 36.78 36.75 36.72 36.66 36.59 36.56 36.50 36.50 36.50 36.53 36.56 36.56 36.59 36.62 36.66 36.69 36.69 36.72 36.75 36.78 36.78 36.78 36.81 36.81 36.81 36.78 36.78 36.78 36.75 36.75 36.75 36.72 36.72 36.72 36.75 36.75 36.78 36.81 36.84 36.84 36.88 36.91 36.94 36.97 37.00 37.03 37.06 37.09 37.09 37.12 37.16 37.19 37.19 37.19 37.19 37.19 37.19
37.69 37.62 37.56 37.50 37.44 37.38 37.31 37.22 37.19 37.09 37.03 37.00 36.94 36.91 36.88 36.81 36.78 36.75 36.72 36.62 36.56 36.47 36.41 36.41 36.41 36.44 36.44 36.47 36.50 36.53 36.53 36.56 36.59 36.62 36.66 36.66 36.69 36.72 36.75 36.75 36.78 36.78 36.81 36.81 36.81 36.81 36.78 36.78 36.75 36.75 36.75 36.72 36.72 36.72 36.75 36.75 36.78 36.78 36.81 36.84 36.88 36.91 36.94 36.97 36.97 37.00 37.03 37.06 37.09 37.12 37.12 37.12 37.12 37.12 37.12 37.12 37.16
37.44 37.38 37.31 37.22 37.16 37.06 37.00 36.94 36.88 36.81 36.78 36.75 36.72 36.69 36.66 36.62 36.56 36.47 36.38 36.34 36.34 36.34 36.38 36.38 36.41 36.44 36.44 36.47 36.50 36.50 36.53 36.56 36.59 36.62 36.62 36.66 36.69 36.72 36.75 36.75 36.78 36.78 36.81 36.81 36.81 36.81 36.78 36.78 36.75 36.75 36.75 36.75 36.72 36.72 36.75 36.75 36.78 36.78 36.81 36.84 36.88 36.91 36.91 36.94 37.00 37.03 37.06 37.09 37.09 37.12 37.12 37.12 37.12 37.12 37.12 37.12 37.19
37.22 37.16 37.06 37.00 36.91 36.81 36.72 36.66 36.62 36.59 36.59 36.59 36.53 36.47 36.41 36.34 36.31 36.31 36.31 36.34 36.34 36.34 36.38 36.38 36.41 36.44 36.44 36.47 36.50 36.50 36.53 36.56 36.59 36.59 36.62 36.66 36.69 36.72 36.72 36.75 36.78 36.78 36.81 36.81 36.81 36.81 36.78 36.78 36.78 36.75 36.75 36.75 36.72 36.72 36.72 36.75 36.78 36.78 36.78 36.78 36.81 36.84 36.91 36.97 37.03 37.06 37.09 37.09 37.12 37.12 37.12 37.12 37.12 37.12 37.12 37.12 37.22
37.03 36.97 36.88 36.81 36.72 36.62 36.59 36.56 36.53 36.47 36.44 36.38 36.34 36.31 36.31 36.31 36.31 36.31 36.31 36.34 36.34 36.34 36.38 36.38 36.41 36.41 36.44 36.47 36.47 36.50 36.53 36.56 36.56 36.59 36.62 36.66 36.69 36.69 36.72 36.75 36.78 36.78 36.78 36.81 36.81 36.81 36.78 36.78 36.78 36.75 36.75 36.75 36.72 36.72 36.72 36.72 36.72 36.72 36.72 36.75 36.88 36.97 37.03 37.00 37.03 37.06 37.09 37.12 37.12 37.12 37.12 37.12 37.12 37.12 37.12 37.12 37.31
36.91 36.84 36.75 36.69 36.62 36.56 36.50 36.44 36.41 36.38 36.38 36.34 36.34 36.31 36.31 36.31 36.31 36.31 36.31 36.31 36.34 36.34 36.38 36.38 36.41 36.41 36.44 36.47 36.47 36.50 36.53 36.53 36.56 36.59 36.62 36.66 36.66 36.69 36.72 36.75 36.75 36.78 36.78 36.81 36.81 36.81 36.81 36.78 36.78 36.75 36.75 36.72 36.72 36.72 36.72 36.72 36.72 36.72 36.72 36.84 37.03 37.16 37.19 37.12 37.06 37.09 37.12 37.12 37.12 37.12 37.12 37.12 37.12 37.16 37.22 37.34 37.44
36.78 36.69 36.62 36.56 36.53 36.50 36.47 36.44 36.41 36.41 36.38 36.34 36.34 36.31 36.31 36.31 36.31 36.31 36.31 36.31 36.34 36.34 36.34 36.38 36.38 36.41 36.44 36.44 36.47 36.50 36.53 36.53 36.56 36.59 36.62 36.62 36.66 36.69 36.72 36.72 36.75 36.78 36.78 36.81 36.81 36.81 36.78 36.75 36.75 36.72 36.72 36.75 36.75 36.88 37.03 37.09 37.03 36.91 36.88 37.03 37.22 37.25 37.28 37.19 37.09 37.09 37.12 37.12 37.12 37.12 37.12 37.12 37.12 37.41 37.50 37.56 37.69
36.66 36.62 36.59 36.56 36.53 36.50 36.47 36.44 36.41 36.41 36.38 36.34 36.34 36.34 36.31 36.31 36.31 36.31 36.31 36.31 36.34 36.34 36.34 36.38 36.38 36.41 36.44 36.44 36.47 36.50 36.50 36.53 36.56 36.59 36.59 36.62 36.66 36.69 36.72 36.72 36.75 36.78 36.78 36.75 36.75 36.72 36.72 36.72 36.72 36.75 36.75 36.78 36.88 37.12 37.41 37.59 37.53 37.34 37.19 37.31 37.50 37.53 37.41 37.25 37.12 37.12 37.12 37.16 37.16 37.12 37.12 37.12 37.22 37.50 37.66 37.81 37.97
36.66 36.62 36.59 36.56 36.53 36.50 36.47 36.44 36.44 36.41 36.38 36.34 36.34 36.34 36.31 36.31 36.31 36.31 36.31 36.31 36.31 36.34 36.34 36.38 36.38 36.41 36.41 36.44 36.47 36.47 36.50 36.53 36.56 36.56 36.59 36.62 36.66 36.69 36.69 36.69 36.69 36.69 36.66 36.69 36.69 36.72 36.72 36.75 36.75 36.78 36.78 36.78 36.91 37.25 37.62 37.81 37.91 37.69 37.56 37.66 37.72 37.69 37.50 37.28 37.19 37.12 37.12 37.16 37.12 37.12 37.12 37.12 37.25 37.53 37.81 38.06 38.34
36.66 36.62 36.59 36.56 36.53 36.50 36.50 36.47 36.44 36.41 36.38 36.38 36.34 36.34 36.31 36.31 36.31 36.31 36.31 36.31 36.31 36.34 36.34 36.34 36.38 36.41 36.41 36.44 36.47 36.47 36.50 36.53 36.53 36.56 36.59 36.59 36.59 36.59 36.59 36.62 36.66 36.66 36.66 36.69 36.72 36.72 36.75 36.78 36.78 36.78 36.81 36.81 36.94 37.22 37.69 37.97 38.00 37.84 37.84 37.94 37.94 37.81 37.62 37.41 37.31 37.22 37.16 37.12 37.12 37.12 37.12 37.16 37.34 37.59 37.91 38.19 38.44
36.66 36.66 36.62 36.59 36.56 36.53 36.50 36.47 36.44 36.41 36.41 36.38 36.34 36.34 36.31 36.31 36.31 36.31 36.31 36.31 36.31 36.34 36.34 36.34 36.38 36.41 36.41 36.44 36.44 36.47 36.50 36.50 36.50 36.47 36.47 36.50 36.53 36.56 36.59 36.62 36.66 36.69 36.69 36.72 36.75 36.78 36.78 36.81 36.81 36.81 36.84 36.84 36.88 37.12 37.53 37.84 37.97 37.88 38.00 38.12 38.16 38.06 37.84 37.62 37.53 37.38 37.19 37.12 37.12 37.12 37.12 37.16 37.38 37.62 37.94 38.25 38.47
36.69 36.66 36.62 36.59 36.56 36.53 36.50 36.47 36.44 36.41 36.41 36.38 36.34 36.34 36.34 36.31 36.31 36.31 36.31 36.31 36.31 36.34 36.34 36.34 36.38 36.38 36.41 36.41 36.38 36.38 36.38 36.38 36.38 36.41 36.44 36.47 36.50 36.53 36.59 36.62 36.69 36.75 36.81 36.84 36.97 37.03 37.00 36.91 36.84 36.84 36.84 36.88 36.88 37.06 37.31 37.59 37.88 37.97 38.06 38.25 38.34 38.31 38.09 37.91 37.84 37.69 37.22 37.16 37.12 37.12 37.12 37.16 37.28 37.56 37.97 38.34 38.50
36.69 36.66 36.62 36.59 36.56 36.53 36.50 36.47 36.44 36.44 36.41 36.38 36.38 36.34 36.34 36.31 36.31 36.31 36.31 36.31 36.31 36.31 36.34 36.31 36.31 36.31 36.28 36.28 36.31 36.31 36.34 36.34 36.38 36.38 36.41 36.44 36.47 36.53 36.56 36.66 36.81 36.94 37.03 37.06 37.25 37.38 37.41 37.31 37.06 36.88 36.88 36.88 36.91 37.06 37.31 37.72 38.16 38.31 38.34 38.50 38.62 38.53 38.38 38.22 38.25 38.34 37.53 37.25 37.19 37.12 37.12 37.12 37.16 37.41 37.97 38.47 38.59
36.69 36.66 36.62 36.59 36.56 36.53 36.50 36.47 36.47 36.44 36.41 36.38 36.38 36.34 36.34 36.31 36.31 36.31 36.31 36.31 36.28 36.28 36.25 36.28 36.28 36.28 36.28 36.31 36.31 36.31 36.34 36.34 36.34 36.38 36.41 36.44 36.47 36.53 36.56 36.75 36.97 37.09 37.22 37.28 37.44 37.62 37.69 37.53 37.22 36.94 36.88 36.91 36.91 37.00 37.28 37.69 38.03 38.28 38.47 38.62 38.75 38.75 38.59 38.56 38.72 38.97 37.97 37.41 37.25 37.12 37.09 37.12 37.12 37.12 37.97 38.62 38.69
36.69 36.66 36.66 36.62 36.59 36.56 36.53 36.50 36.47 36.44 36.41 36.41 36.38 36.34 36.34 36.31 36.28 36.25 36.22 36.22 36.25 36.25 36.28 36.28 36.31 36.31 36.34 36.34 36.34 36.34 36.38 36.38 36.38 36.41 36.41 36.44 36.47 36.53 36.62 36.88 37.06 37.22 37.34 37.41 37.62 37.78 37.84 37.66 37.31 36.97 36.91 36.91 36.91 36.94 37.25 37.62 37.97 38.25 38.50 38.69 38.84 38.81 38.75 38.88 39.12 39.03 38.41 37.59 37.28 37.06 37.03 37.12 37.12 37.12 37.91 38.81 38.81
36.72 36.69 36.66 36.62 36.59 36.56 36.53 36.50 36.47 36.44 36.41 36.38 36.34 36.28 36.25 36.22 36.19 36.19 36.22 36.22 36.25 36.28 36.31 36.31 36.34 36.34 36.38 36.38 36.38 36.38 36.38 36.41 36.41 36.41 36.41 36.44 36.50 36.53 36.69 36.94 37.19 37.34 37.47 37.53 37.75 37.84 37.81 37.59 37.28 36.94 36.91 36.91 36.91 36.91 37.22 37.62 38.00 38.28 38.53 38.72 38.88 38.84 38.84 39.06 39.16 39.00 38.56 37.91 37.38 36.97 36.94 37.12 37.12 37.12 37.75 38.78 38.78
36.72 36.69 36.66 36.62 36.59 36.56 36.53 36.50 36.44 36.38 36.31 36.25 36.22 36.19 36.19 36.19 36.19 36.19 36.22 36.25 36.25 36.28 36.31 36.31 36.34 36.34 36.38 36.38 36.38 36.38 36.38 36.38 36.38 36.38 36.41 36.44 36.47 36.53 36.72 37.00 37.25 37.47 37.59 37.66 37.81 37.81 37.66 37.44 37.16 36.91 36.91 36.91 36.91 36.91 37.19 37.66 38.06 38.34 38.56 38.78 38.88 38.84 38.88 39.09 39.16 39.03 38.66 38.16 37.50 37.03 36.94 37.12 37.12 37.12 37.50 38.53 38.81
36.72 36.69 36.66 36.62 36.56 36.53 36.47 36.41 36.34 36.31 36.28 36.25 36.22 36.19 36.19 36.16 36.16 36.19 36.19 36.22 36.25 36.28 36.28 36.31 36.31 36.31 36.34 36.34 36.34 36.34 36.31 36.31 36.31 36.34 36.38 36.41 36.47 36.53 36.72 37.03 37.31 37.53 37.69 37.78 37.81 37.72 37.56 37.34 37.06 36.91 36.91 36.91 36.91 36.91 37.12 37.59 38.19 38.47 38.62 38.84 38.88 38.88 38.88 39.09 39.16 39.06 38.78 38.34 37.72 37.25 36.97 37.06 37.12 37.12 37.28 38.22 38.91
36.72 36.66 36.62 36.56 36.50 36.47 36.44 36.38 36.34 36.28 36.25 36.22 36.19 36.16 36.12 36.12 36.12 36.12 36.16 36.19 36.19 36.22 36.25 36.25 36.25 36.28 36.28 36.28 36.25 36.25 36.25 36.25 36.25 36.28 36.31 36.38 36.44 36.50 36.72 37.03 37.31 37.53 37.72 37.88 37.84 37.75 37.66 37.47 37.25 37.03 36.91 36.91 36.91 36.91 37.03 37.44 38.25 38.59 38.72 38.84 38.91 38.91 38.91 39.09 39.19 39.12 38.94 38.59 37.91 37.31 36.97 37.00 37.12 37.12 37.19 37.91 38.78
36.72 36.66 36.59 36.53 36.50 36.44 36.38 36.31 36.28 36.22 36.19 36.16 36.12 36.09 36.06 36.06 36.06 36.06 36.09 36.09 36.12 36.16 36.16 36.19 36.19 36.19 36.19 36.19 36.16 36.16 36.16 36.16 36.19 36.22 36.28 36.31 36.41 36.47 36.69 37.03 37.31 37.53 37.72 37.84 37.84 37.81 37.75 37.62 37.47 37.19 36.91 36.91 36.91 36.91 36.94 37.22 38.34 38.75 38.78 38.84 38.91 38.94 38.94 39.06 39.22 39.22 39.12 38.84 38.09 37.31 37.06 37.03 37.12 37.12 37.12 37.41 38.72
36.75 36.69 36.59 36.50 36.41 36.34 36.28 36.22 36.16 36.12 36.06 36.03 36.03 36.00 35.97 35.97 35.97 36.00 36.00 36.03 36.03 36.06 36.06 36.06 36.06 36.06 36.06 36.06 36.03 36.03 36.06 36.06 36.09 36.16 36.19 36.28 36.34 36.44 36.69 37.00 37.25 37.47 37.62 37.75 37.81 37.84 37.81 37.75 37.62 37.44 36.94 36.91 36.91 36.91 36.91 37.03 38.28 38.88 38.84 38.81 38.91 38.94 39.00 39.03 39.22 39.25 39.19 38.88 38.34 37.59 37.06 36.94 37.06 37.12 37.12 37.28 38.88
36.78 36.62 36.50 36.41 36.31 36.22 36.16 36.09 36.03 35.97 35.94 35.91 35.91 35.88 35.88 35.88 35.88 35.88 35.88 35.91 35.94 35.94 35.94 35.94 35.94 35.94 35.94 35.91 35.91 35.91 35.94 35.97 36.00 36.06 36.12 36.19 36.28 36.41 36.66 36.97 37.19 37.41 37.53 37.69 37.78 37.84 37.88 37.84 37.78 37.56 37.09 36.91 36.91 36.91 36.91 36.97 38.09 38.81 38.84 38.75 38.91 38.97 39.00 39.00 39.19 39.25 39.19 38.97 38.56 37.91 37.06 36.78 37.03 37.19 37.16 37.34 38.62
36.66 36.47 36.34 36.25 36.16 36.06 36.00 35.94 35.88 35.84 35.78 35.78 35.75 35.75 35.72 35.72 35.75 35.75 35.75 35.78 35.78 35.81 35.81 35.81 35.81 35.78 35.78 35.75 35.75 35.78 35.81 35.84 35.91 35.97 36.03 36.12 36.22 36.34 36.62 36.91 37.16 37.34 37.47 37.62 37.75 37.84 37.94 38.00 37.94 37.72 37.25 36.91 36.91 36.91 36.91 36.91 37.69 38.50 38.75 38.75 38.88 38.97 39.00 38.97 39.12 39.22 39.19 39.06 38.81 38.31 37.50 36.97 37.00 37.00 36.88 37.44 38.69
36.41 36.25 36.12 36.03 35.94 35.88 35.81 35.75 35.69 35.66 35.62 35.59 35.59 35.59 35.56 35.59 35.59 35.59 35.62 35.62 35.66 35.66 35.66 35.66 35.62 35.62 35.59 35.59 35.59 35.62 35.69 35.75 35.81 35.88 35.94 36.03 36.12 36.28 36.56 36.84 37.09 37.28 37.44 37.53 37.66 37.81 37.97 38.19 38.19 37.94 37.41 36.94 36.91 36.91 36.91 36.91 37.03 38.22 38.72 38.81 38.88 38.97 38.97 38.91 38.97 39.12 39.16 39.12 39.16 39.03 38.09 36.44 36.78 36.97 36.91 37.78 38.81
36.00 35.91 35.84 35.78 35.72 35.66 35.59 35.56 35.50 35.47 35.44 35.44 35.41 35.41 35.41 35.41 35.44 35.44 35.44 35.47 35.50 35.50 35.50 35.50 35.47 35.44 35.41 35.41 35.44 35.50 35.53 35.62 35.69 35.78 35.84 35.94 36.06 36.19 36.47 36.78 37.06 37.25 37.41 37.47 37.59 37.75 37.94 38.25 38.44 38.12 37.47 37.00 36.91 36.91 36.91 36.91 36.94 38.00 38.72 38.81 38.81 38.91 38.88 38.78 38.78 38.88 39.03 39.09 39.28 39.09 38.56 37.97 37.59 37.97 38.09 38.56 39.00
35.56 35.56 35.53 35.50 35.47 35.44 35.38 35.34 35.31 35.28 35.25 35.25 35.22 35.22 35.28 35.31 35.34 35.31 35.28 35.25 35.28 35.34 35.34 35.34 35.28 35.22 35.22 35.25 35.28 35.34 35.44 35.50 35.56 35.66 35.75 35.88 35.97 36.09 36.34 36.69 37.00 37.25 37.38 37.47 37.56 37.69 37.84 38.19 38.41 38.25 37.59 37.09 36.91 36.91 36.91 36.91 36.91 37.88 38.59 38.75 38.72 38.81 38.78 38.66 38.56 38.59 38.75 38.97 39.06 38.94 38.69 38.47 38.34 38.41 38.56 38.81 39.06
35.19 35.22 35.25 35.25 35.22 35.19 35.16 35.12 35.09 35.06 35.06 35.03 35.03 35.06 35.16 35.22 35.28 35.28 35.22 35.19 35.22 35.25 35.28 35.25 35.22 35.12 35.09 35.16 35.22 35.28 35.34 35.41 35.47 35.56 35.66 35.78 35.88 36.00 36.19 36.56 36.94 37.22 37.34 37.44 37.53 37.62 37.72 38.03 38.19 38.25 37.69 37.22 36.91 36.91 36.91 36.91 36.91 37.53 38.50 38.72 38.66 38.72 38.66 38.50 38.41 38.38 38.47 38.69 38.78 38.78 38.66 38.62 38.69 38.75 38.81 38.94 39.03
34.91 34.97 34.97 34.97 34.97 34.94 34.94 34.91 34.88 34.88 34.84 34.84 34.84 34.91 35.03 35.12 35.12 35.12 35.12 35.09 35.09 35.12 35.09 35.09 35.09 35.03 34.97 35.06 35.12 35.19 35.28 35.34 35.38 35.44 35.56 35.69 35.78 35.91 36.03 36.31 36.75 37.09 37.31 37.41 37.50 37.56 37.59 37.75 37.91 38.16 37.72 37.25 36.91 36.84 36.81 36.81 36.84 37.25 38.53 38.72 38.56 38.59 38.50 38.28 38.22 38.22 38.25 38.34 38.53 38.53 38.53 38.59 38.81 38.94 38.97 38.97 38.91
34.72 34.75 34.75 34.75 34.75 34.72 34.72 34.69 34.69 34.66 34.66 34.62 34.62 34.75 34.91 34.97 34.97 35.00 34.97 34.97 34.94 34.94 34.94 34.94 34.94 34.88 34.84 34.94 35.00 35.03 35.12 35.25 35.31 35.34 35.47 35.59 35.69 35.81 35.94 36.12 36.53 36.94 37.19 37.31 37.41 37.50 37.50 37.56 37.72 37.91 37.72 37.41 36.78 36.88 37.00 37.06 37.16 37.44 38.62 38.62 38.44 38.44 38.34 38.19 38.06 38.03 38.00 38.06 38.16 38.22 38.28 38.41 38.69 39.12 39.03 38.91 38.66
34.62 34.56 34.53 34.53 34.53 34.50 34.50 34.50 34.47 34.47 34.44 34.44 34.47 34.56 34.75 34.81 34.84 34.84 34.81 34.78 34.75 34.78 34.78 34.75 34.72 34.69 34.69 34.78 34.84 34.88 35.03 35.16 35.19 35.25 35.38 35.50 35.62 35.75 35.88 36.00 36.41 36.81 37.03 37.19 37.34 37.47 37.56 37.59 37.69 37.69 37.81 37.81 37.28 37.38 37.59 37.50 37.62 37.97 38.56 38.41 38.19 38.22 38.16 38.06 37.91 37.81 37.78 37.75 37.78 37.84 37.97 38.09 38.19 38.19 38.12 38.00 37.78
34.53 34.44 34.38 34.34 34.31 34.31 34.28 34.28 34.28 34.28 34.28 34.31 34.31 34.41 34.56 34.66 34.72 34.69 34.59 34.47 34.44 34.50 34.53 34.53 34.47 34.41 34.41 34.44 34.59 34.75 34.91 35.03 35.09 35.16 35.28 35.41 35.53 35.66 35.78 35.91 36.25 36.62 36.84 37.03 37.22 37.41 37.56 37.62 37.72 37.72 37.75 37.72 37.66 37.69 37.75 37.75 37.84 38.06 38.41 38.16 38.00 38.00 37.97 37.88 37.75 37.62 37.53 37.44 37.41 37.41 37.44 37.47 37.50 37.50 37.47 37.38 37.28
34.38 34.28 34.19 34.16 34.12 34.12 34.12 34.16 34.19 34.22 34.25 34.25 34.28 34.31 34.38 34.47 34.47 34.44 34.34 34.28 34.28 34.31 34.34 34.34 34.31 34.28 34.31 34.41 34.59 34.72 34.84 34.91 34.97 35.06 35.19 35.31 35.44 35.56 35.69 35.81 36.06 36.38 36.66 36.88 37.09 37.28 37.44 37.56 37.66 37.66 37.72 37.72 37.75 37.81 37.84 37.84 37.91 38.00 38.03 37.94 37.88 37.84 37.78 37.69 37.56 37.41 37.28 37.16 37.03 36.97 36.91 36.84 36.84 36.81 36.81 36.78 36.75
