arlandasctiles/Tile7,3.asc
ncols 128
nrows 128
xllcorner 0
yllcorner 0
cellsize 2.0
NODATA_value  -9999
[rows 36 to 71 of 128, columns 0 to 80 of 128]
18.91 19.25 19.56 19.81 20.06 20.28 20.47 20.66 20.81 20.91 21.03 21.16 21.31 21.47 21.66 21.78 21.91 21.94 21.91 21.81 21.66 21.41 20.97 20.50 19.88 19.12 18.38 17.53 16.81 16.22 15.78 15.53 15.44 15.53 15.75 16.03 16.22 16.47 16.78 17.09 17.50 18.00 18.53 19.22 19.94 20.66 21.34 22.00 22.62 23.12 23.56 23.94 24.22 24.50 24.75 24.97 25.22 25.44 25.69 25.91 26.16 26.41 26.66 26.91 27.16 27.38 27.59 27.81 28.00 28.16 28.31 28.44 28.53 28.59 28.62 28.66 28.66 28.69 28.66 28.69 28.69
18.22 18.50 18.75 19.00 19.19 19.38 19.53 19.69 19.84 19.94 20.06 20.22 20.41 20.59 20.78 20.97 21.09 21.12 21.09 21.00 20.88 20.59 20.22 19.75 19.19 18.56 17.84 17.06 16.44 15.94 15.53 15.28 15.16 15.31 15.53 15.75 16.03 16.34 16.66 16.97 17.44 17.94 18.59 19.34 20.06 20.75 21.38 21.97 22.47 22.94 23.34 23.66 23.97 24.25 24.50 24.72 24.94 25.16 25.38 25.62 25.84 26.09 26.31 26.53 26.75 26.97 27.19 27.38 27.56 27.72 27.84 27.97 28.09 28.16 28.22 28.25 28.28 28.31 28.31 28.38 28.38
17.50 17.75 17.97 18.16 18.34 18.47 18.59 18.69 18.75 18.84 18.97 19.12 19.34 19.59 19.84 20.06 20.19 20.25 20.25 20.22 20.09 19.84 19.47 19.06 18.59 17.97 17.34 16.69 16.12 15.62 15.31 15.03 15.00 15.09 15.38 15.56 15.81 16.12 16.47 16.84 17.38 17.97 18.66 19.44 20.12 20.75 21.34 21.84 22.31 22.72 23.09 23.41 23.69 23.97 24.22 24.41 24.62 24.84 25.06 25.28 25.53 25.75 25.97 26.16 26.38 26.56 26.75 26.94 27.09 27.25 27.38 27.50 27.59 27.69 27.75 27.81 27.84 27.88 27.91 27.97 28.03
16.78 17.00 17.19 17.34 17.47 17.56 17.66 17.69 17.69 17.72 17.84 18.00 18.22 18.47 18.75 19.03 19.22 19.34 19.41 19.41 19.31 19.09 18.78 18.41 18.00 17.50 16.94 16.38 15.91 15.47 15.06 14.88 14.81 14.97 15.22 15.44 15.62 15.94 16.31 16.75 17.28 17.97 18.75 19.47 20.12 20.69 21.19 21.66 22.09 22.47 22.81 23.12 23.41 23.69 23.91 24.12 24.34 24.53 24.75 24.97 25.19 25.38 25.59 25.78 26.00 26.19 26.34 26.50 26.66 26.81 26.94 27.03 27.12 27.19 27.28 27.31 27.38 27.41 27.44 27.50 27.59
16.09 16.28 16.44 16.56 16.66 16.72 16.72 16.72 16.69 16.75 16.84 17.00 17.16 17.38 17.66 17.94 18.19 18.41 18.56 18.59 18.56 18.41 18.16 17.84 17.47 17.06 16.56 16.12 15.69 15.28 14.88 14.72 14.72 14.81 15.00 15.16 15.38 15.75 16.19 16.66 17.22 18.00 18.72 19.47 20.06 20.59 21.06 21.47 21.88 22.22 22.53 22.84 23.12 23.38 23.59 23.81 24.03 24.22 24.44 24.62 24.84 25.03 25.25 25.44 25.62 25.78 25.94 26.09 26.25 26.38 26.50 26.59 26.66 26.75 26.81 26.84 26.88 26.91 26.97 27.03 27.12
15.44 15.59 15.72 15.81 15.84 15.88 15.88 15.84 15.81 15.84 15.94 16.06 16.22 16.38 16.59 16.88 17.12 17.41 17.66 17.81 17.84 17.75 17.56 17.31 17.00 16.66 16.22 15.81 15.47 15.06 14.66 14.53 14.47 14.59 14.72 14.91 15.22 15.56 16.00 16.56 17.25 18.00 18.78 19.44 19.97 20.47 20.91 21.28 21.66 21.97 22.28 22.56 22.84 23.06 23.28 23.50 23.69 23.91 24.09 24.31 24.50 24.69 24.88 25.06 25.22 25.41 25.56 25.69 25.84 25.97 26.06 26.16 26.25 26.31 26.38 26.41 26.44 26.44 26.50 26.56 26.62
14.81 14.94 15.03 15.09 15.09 15.09 15.06 15.00 15.00 15.06 15.16 15.25 15.34 15.50 15.66 15.88 16.16 16.47 16.75 17.00 17.16 17.16 17.03 16.84 16.56 16.22 15.88 15.47 15.06 14.72 14.38 14.25 14.19 14.28 14.44 14.66 15.00 15.41 15.94 16.59 17.31 18.06 18.78 19.34 19.84 20.31 20.72 21.06 21.41 21.72 22.03 22.28 22.53 22.75 22.97 23.16 23.38 23.56 23.78 23.97 24.16 24.34 24.53 24.69 24.88 25.03 25.16 25.31 25.44 25.56 25.66 25.75 25.81 25.91 25.94 26.00 26.03 26.03 26.06 26.09 26.19
14.25 14.34 14.41 14.41 14.41 14.34 14.28 14.25 14.28 14.31 14.34 14.44 14.56 14.69 14.81 15.00 15.28 15.62 15.97 16.28 16.50 16.59 16.53 16.34 16.09 15.78 15.38 15.03 14.69 14.34 14.03 13.91 13.88 13.97 14.12 14.44 14.81 15.28 15.91 16.62 17.38 18.06 18.69 19.19 19.69 20.12 20.50 20.84 21.16 21.47 21.72 22.00 22.22 22.44 22.62 22.84 23.03 23.25 23.44 23.62 23.81 24.00 24.16 24.34 24.50 24.66 24.78 24.94 25.06 25.16 25.28 25.34 25.44 25.50 25.56 25.59 25.62 25.66 25.69 25.72 25.78
13.78 13.81 13.81 13.78 13.72 13.66 13.59 13.59 13.62 13.66 13.69 13.75 13.88 13.97 14.06 14.25 14.53 14.88 15.25 15.62 15.91 16.03 16.00 15.84 15.59 15.28 14.97 14.62 14.19 13.91 13.72 13.59 13.59 13.72 13.94 14.25 14.69 15.25 15.94 16.66 17.38 18.03 18.56 19.06 19.53 19.94 20.28 20.59 20.91 21.19 21.44 21.66 21.88 22.09 22.31 22.50 22.72 22.91 23.09 23.28 23.47 23.66 23.81 23.97 24.12 24.28 24.44 24.56 24.69 24.78 24.88 24.97 25.06 25.12 25.19 25.25 25.28 25.31 25.34 25.41 25.47
13.34 13.34 13.31 13.25 13.19 13.06 12.97 13.00 13.03 13.06 13.09 13.16 13.22 13.31 13.41 13.56 13.88 14.22 14.62 15.03 15.34 15.50 15.47 15.31 15.09 14.78 14.47 14.06 13.69 13.47 13.34 13.28 13.34 13.50 13.75 14.12 14.66 15.31 16.00 16.72 17.44 18.03 18.53 18.97 19.38 19.72 20.03 20.34 20.62 20.88 21.09 21.31 21.53 21.75 21.97 22.16 22.38 22.56 22.75 22.94 23.12 23.31 23.47 23.62 23.78 23.94 24.06 24.19 24.31 24.41 24.53 24.62 24.69 24.78 24.84 24.91 24.94 25.00 25.03 25.09 25.19
13.00 12.91 12.84 12.84 12.75 12.62 12.50 12.44 12.47 12.50 12.56 12.59 12.62 12.69 12.81 13.00 13.28 13.66 14.06 14.47 14.81 14.97 14.94 14.75 14.53 14.25 13.94 13.56 13.28 13.09 13.00 13.00 13.09 13.28 13.62 14.12 14.72 15.34 16.00 16.72 17.41 17.97 18.44 18.81 19.16 19.47 19.78 20.03 20.28 20.53 20.75 20.97 21.19 21.41 21.62 21.84 22.03 22.22 22.44 22.62 22.78 22.97 23.12 23.28 23.44 23.56 23.72 23.84 23.94 24.06 24.16 24.25 24.34 24.41 24.50 24.56 24.62 24.69 24.75 24.84 24.94
12.59 12.47 12.47 12.56 12.59 12.41 12.06 11.94 11.94 11.97 12.00 12.03 12.09 12.16 12.28 12.50 12.78 13.16 13.56 13.94 14.28 14.44 14.38 14.19 13.94 13.69 13.34 13.06 12.88 12.75 12.72 12.75 12.88 13.12 13.56 14.09 14.66 15.25 15.88 16.53 17.19 17.78 18.22 18.56 18.88 19.16 19.41 19.66 19.91 20.16 20.38 20.59 20.84 21.06 21.28 21.50 21.69 21.91 22.09 22.28 22.47 22.62 22.78 22.94 23.09 23.22 23.34 23.47 23.59 23.69 23.81 23.91 24.00 24.09 24.16 24.25 24.31 24.41 24.47 24.59 24.69
12.22 12.06 12.12 12.22 12.28 12.09 11.81 11.50 11.47 11.47 11.50 11.53 11.59 11.66 11.81 12.03 12.34 12.69 13.06 13.47 13.75 13.88 13.81 13.62 13.38 13.09 12.84 12.62 12.50 12.44 12.41 12.47 12.66 12.97 13.44 13.97 14.50 15.06 15.66 16.25 16.84 17.44 17.91 18.25 18.53 18.78 19.03 19.28 19.53 19.75 20.00 20.22 20.47 20.69 20.94 21.16 21.34 21.56 21.75 21.94 22.12 22.28 22.44 22.59 22.75 22.88 23.00 23.12 23.25 23.34 23.47 23.56 23.66 23.75 23.84 23.94 24.03 24.12 24.22 24.31 24.47
11.81 11.75 11.69 11.78 11.78 11.72 11.50 11.16 11.06 11.06 11.06 11.09 11.16 11.28 11.44 11.62 11.91 12.25 12.62 12.97 13.25 13.34 13.22 13.03 12.81 12.56 12.38 12.25 12.16 12.12 12.12 12.22 12.41 12.75 13.22 13.75 14.25 14.78 15.31 15.88 16.44 17.03 17.50 17.84 18.12 18.38 18.59 18.84 19.09 19.34 19.59 19.84 20.09 20.34 20.56 20.81 21.03 21.22 21.44 21.62 21.81 21.97 22.12 22.25 22.41 22.53 22.66 22.78 22.88 23.00 23.12 23.22 23.31 23.41 23.53 23.62 23.72 23.81 23.94 24.06 24.22
10.53 10.88 11.28 11.22 11.19 11.19 11.00 10.81 10.75 10.75 10.75 10.78 10.84 10.94 11.09 11.28 11.53 11.81 12.16 12.50 12.72 12.78 12.66 12.47 12.28 12.09 11.97 11.88 11.81 11.81 11.84 11.97 12.16 12.50 12.97 13.47 13.97 14.44 14.94 15.44 15.97 16.53 17.03 17.38 17.66 17.91 18.16 18.41 18.69 18.94 19.19 19.44 19.72 19.97 20.22 20.47 20.69 20.91 21.12 21.31 21.47 21.66 21.78 21.94 22.06 22.19 22.31 22.44 22.53 22.66 22.75 22.88 22.97 23.09 23.19 23.31 23.41 23.53 23.66 23.78 23.94
10.28 10.41 10.91 10.78 10.66 10.59 10.53 10.50 10.50 10.50 10.50 10.53 10.59 10.66 10.78 10.94 11.16 11.44 11.75 12.03 12.25 12.25 12.12 11.97 11.81 11.69 11.56 11.50 11.47 11.50 11.56 11.69 11.84 12.19 12.62 13.12 13.59 14.06 14.50 14.94 15.41 15.94 16.47 16.84 17.12 17.41 17.69 17.94 18.22 18.50 18.78 19.03 19.31 19.59 19.88 20.12 20.38 20.59 20.81 21.00 21.19 21.34 21.47 21.59 21.72 21.84 21.97 22.06 22.19 22.31 22.41 22.53 22.66 22.75 22.88 23.00 23.12 23.25 23.38 23.50 23.69
10.16 10.16 10.22 10.34 10.41 10.31 10.28 10.25 10.25 10.28 10.28 10.31 10.38 10.44 10.53 10.69 10.88 11.09 11.38 11.66 11.81 11.78 11.66 11.50 11.38 11.28 11.19 11.16 11.16 11.19 11.25 11.38 11.53 11.84 12.28 12.72 13.19 13.62 13.94 14.25 14.66 15.19 15.75 16.19 16.53 16.88 17.19 17.47 17.75 18.03 18.31 18.62 18.94 19.22 19.53 19.78 20.06 20.28 20.50 20.72 20.88 21.03 21.16 21.28 21.41 21.50 21.59 21.72 21.81 21.94 22.06 22.19 22.31 22.44 22.56 22.69 22.81 22.94 23.09 23.22 23.41
10.16 10.12 10.06 10.03 10.03 10.03 10.06 10.06 10.06 10.09 10.12 10.16 10.19 10.25 10.34 10.44 10.62 10.84 11.09 11.31 11.41 11.34 11.22 11.09 10.97 10.88 10.81 10.81 10.81 10.88 10.94 11.06 11.22 11.53 11.91 12.28 12.75 13.09 13.25 13.25 13.56 14.22 14.91 15.38 15.81 16.31 16.72 17.00 17.28 17.56 17.88 18.19 18.53 18.88 19.19 19.47 19.75 20.00 20.25 20.44 20.62 20.75 20.88 20.97 21.06 21.16 21.22 21.34 21.44 21.56 21.69 21.81 21.97 22.09 22.22 22.38 22.50 22.66 22.78 22.94 23.09
10.12 10.09 10.06 10.03 9.97 9.94 9.91 9.91 9.94 9.97 10.00 10.03 10.09 10.12 10.19 10.28 10.44 10.62 10.84 11.00 11.03 10.97 10.81 10.69 10.56 10.50 10.47 10.44 10.47 10.53 10.62 10.75 10.91 11.19 11.53 11.88 12.19 12.22 12.25 12.50 12.78 13.28 13.97 14.44 14.88 15.59 16.22 16.56 16.75 17.06 17.41 17.75 18.12 18.50 18.88 19.19 19.47 19.72 20.00 20.22 20.38 20.47 20.56 20.62 20.69 20.78 20.84 20.94 21.03 21.16 21.31 21.44 21.59 21.75 21.91 22.06 22.19 22.34 22.50 22.66 22.81
10.12 10.06 10.03 10.00 9.97 9.94 9.88 9.84 9.84 9.84 9.94 9.97 10.00 10.06 10.09 10.19 10.31 10.47 10.66 10.72 10.69 10.59 10.44 10.31 10.19 10.12 10.09 10.09 10.12 10.19 10.28 10.41 10.59 10.84 11.16 11.47 11.75 11.66 11.50 11.84 12.09 12.28 12.91 13.44 14.00 14.69 15.34 15.84 16.22 16.50 16.88 17.28 17.75 18.19 18.56 18.91 19.19 19.47 19.78 20.03 20.16 20.22 20.25 20.31 20.34 20.38 20.44 20.50 20.59 20.75 20.88 21.06 21.22 21.41 21.56 21.72 21.88 22.03 22.19 22.34 22.50
10.09 10.06 10.03 9.97 9.94 9.91 9.88 9.84 9.81 9.78 9.81 9.94 9.97 10.00 10.06 10.12 10.25 10.38 10.47 10.47 10.38 10.25 10.12 9.97 9.84 9.78 9.75 9.75 9.78 9.84 9.94 10.09 10.25 10.50 10.78 11.09 11.31 11.28 11.19 11.25 11.31 11.38 11.91 12.53 13.22 13.88 14.44 14.94 15.41 15.88 16.28 16.78 17.34 17.88 18.34 18.72 18.97 19.16 19.56 19.97 20.00 19.88 19.91 19.97 19.94 19.94 19.94 20.00 20.12 20.28 20.44 20.66 20.84 21.03 21.22 21.41 21.56 21.72 21.88 22.03 22.19
10.28 10.03 10.00 9.97 9.94 9.88 9.84 9.81 9.78 9.75 9.69 9.72 9.88 10.00 10.06 10.12 10.19 10.28 10.28 10.22 10.09 9.94 9.78 9.66 9.53 9.44 9.41 9.41 9.44 9.50 9.62 9.75 9.97 10.19 10.44 10.69 10.91 10.97 10.97 10.97 10.91 10.91 11.09 11.72 12.47 13.06 13.53 13.94 14.38 14.91 15.66 16.25 16.91 17.75 18.19 18.69 18.81 18.75 19.22 19.56 19.47 19.47 19.56 19.62 19.47 19.38 19.38 19.44 19.59 19.75 19.97 20.22 20.44 20.66 20.88 21.06 21.25 21.41 21.56 21.72 21.88
10.06 9.81 9.78 9.84 9.91 9.88 9.81 9.78 9.75 9.72 9.69 9.62 9.62 9.78 10.00 10.09 10.12 10.12 10.06 9.94 9.78 9.66 9.50 9.38 9.28 9.22 9.16 9.16 9.16 9.22 9.31 9.47 9.66 9.91 10.16 10.38 10.56 10.69 10.72 10.72 10.69 10.53 10.53 11.06 11.72 12.25 12.62 12.97 13.28 13.66 14.31 15.06 16.28 17.41 17.81 18.50 18.72 18.50 18.50 18.78 19.53 19.34 19.03 18.97 18.84 18.72 18.69 18.78 18.94 19.19 19.47 19.75 20.03 20.28 20.50 20.72 20.91 21.09 21.25 21.41 21.56
9.88 9.69 9.56 9.50 9.66 9.78 9.78 9.75 9.72 9.69 9.66 9.62 9.56 9.53 9.62 9.88 10.00 9.91 9.81 9.69 9.56 9.41 9.28 9.19 9.06 9.00 8.97 8.94 8.94 9.00 9.09 9.22 9.41 9.62 9.91 10.12 10.31 10.41 10.47 10.44 10.41 10.28 10.22 10.56 11.03 11.47 11.84 12.16 12.44 12.78 13.22 13.59 14.81 15.84 16.53 16.84 17.06 16.91 16.84 16.31 18.34 18.62 18.31 18.12 18.06 17.94 17.88 18.00 18.25 18.56 18.91 19.25 19.59 19.88 20.16 20.41 20.59 20.78 20.97 21.12 21.25
9.72 9.59 9.50 9.47 9.47 9.53 9.69 9.72 9.69 9.66 9.62 9.59 9.56 9.50 9.47 9.47 9.56 9.69 9.62 9.53 9.41 9.28 9.16 9.06 9.00 8.94 8.91 8.88 8.84 8.84 8.91 9.03 9.19 9.44 9.69 9.94 10.12 10.22 10.25 10.19 10.09 9.94 9.94 10.22 10.56 10.91 11.25 11.53 11.81 12.09 12.34 12.59 13.53 14.25 14.28 14.28 14.41 14.34 14.03 14.34 16.00 17.16 17.25 17.25 17.16 17.06 16.97 17.16 17.50 17.91 18.34 18.78 19.16 19.50 19.81 20.06 20.28 20.50 20.66 20.81 20.94
9.59 9.50 9.44 9.44 9.44 9.53 9.59 9.69 9.69 9.62 9.59 9.56 9.53 9.50 9.44 9.41 9.38 9.41 9.44 9.41 9.31 9.22 9.12 9.06 9.03 9.06 9.03 9.00 8.94 8.88 8.84 8.91 9.06 9.25 9.50 9.78 9.97 10.09 10.09 10.03 9.91 9.72 9.62 9.94 10.22 10.53 10.78 11.03 11.25 11.44 11.59 11.72 12.38 12.88 12.78 12.75 12.97 13.09 13.19 13.50 14.06 14.69 15.19 15.91 16.06 16.16 16.16 16.31 16.75 17.28 17.81 18.31 18.75 19.16 19.47 19.75 19.97 20.19 20.38 20.53 20.66
9.44 9.41 9.38 9.38 9.41 9.50 9.59 9.69 9.75 9.69 9.59 9.53 9.50 9.47 9.44 9.41 9.38 9.34 9.31 9.28 9.25 9.19 9.16 9.12 9.12 9.12 9.12 9.12 9.06 9.00 8.94 8.91 9.00 9.16 9.38 9.62 9.84 9.97 9.97 9.91 9.78 9.62 9.47 9.66 9.91 10.16 10.38 10.56 10.72 10.84 10.91 10.91 11.22 11.53 11.66 11.88 12.28 12.66 13.16 13.44 13.75 14.03 14.06 14.22 14.75 15.22 15.47 15.72 16.12 16.72 17.34 17.91 18.41 18.81 19.16 19.44 19.69 19.88 20.06 20.22 20.38
9.31 9.28 9.28 9.28 9.34 9.41 9.50 9.56 9.62 9.66 9.62 9.53 9.47 9.44 9.41 9.38 9.34 9.31 9.28 9.25 9.22 9.19 9.16 9.16 9.16 9.16 9.19 9.19 9.16 9.09 9.06 9.00 9.03 9.16 9.31 9.53 9.72 9.84 9.84 9.81 9.72 9.59 9.47 9.38 9.62 9.81 9.97 10.09 10.22 10.25 10.19 10.19 10.25 10.44 10.75 11.16 11.53 11.88 12.09 12.59 13.25 13.66 13.69 13.56 13.69 14.31 14.81 15.25 15.75 16.31 16.97 17.56 18.06 18.47 18.81 19.09 19.38 19.59 19.78 19.94 20.06
9.16 9.16 9.16 9.19 9.22 9.28 9.34 9.41 9.47 9.47 9.44 9.44 9.41 9.41 9.38 9.34 9.31 9.28 9.25 9.22 9.19 9.16 9.12 9.12 9.12 9.16 9.19 9.22 9.19 9.19 9.16 9.12 9.16 9.22 9.34 9.47 9.62 9.72 9.75 9.72 9.66 9.59 9.50 9.44 9.41 9.47 9.56 9.66 9.72 9.72 9.66 9.59 9.50 9.56 9.84 10.22 10.59 10.78 10.97 11.53 12.25 12.78 12.84 12.94 13.19 13.62 14.09 14.69 15.47 16.06 16.72 17.28 17.75 18.12 18.47 18.78 19.03 19.25 19.47 19.62 19.75
9.00 9.00 9.00 9.03 9.09 9.12 9.19 9.22 9.25 9.28 9.25 9.25 9.22 9.22 9.31 9.31 9.31 9.28 9.22 9.19 9.16 9.16 9.12 9.12 9.09 9.09 9.09 9.12 9.16 9.16 9.19 9.19 9.22 9.28 9.34 9.44 9.53 9.59 9.59 9.53 9.50 9.44 9.44 9.44 9.41 9.41 9.38 9.38 9.38 9.41 9.44 9.44 9.41 9.53 9.72 9.91 10.06 10.12 10.41 10.91 11.41 11.78 11.84 12.03 12.53 13.25 13.50 14.00 14.78 15.78 16.41 16.94 17.38 17.75 18.09 18.41 18.69 18.91 19.12 19.28 19.44
8.84 8.84 8.84 8.88 8.91 8.97 9.00 9.03 9.06 9.06 9.06 9.03 9.03 9.00 8.97 9.09 9.22 9.25 9.22 9.19 9.16 9.12 9.12 9.12 9.09 9.09 9.09 9.09 9.09 9.09 9.09 9.12 9.12 9.16 9.19 9.22 9.22 9.25 9.25 9.28 9.28 9.31 9.31 9.34 9.34 9.34 9.34 9.31 9.31 9.31 9.34 9.34 9.38 9.44 9.53 9.66 9.78 9.88 10.16 10.56 11.03 11.03 10.97 11.00 11.59 12.53 13.03 13.44 14.03 14.91 15.91 16.47 16.91 17.34 17.69 18.03 18.31 18.56 18.78 18.97 19.12
8.66 8.66 8.66 8.69 8.72 8.75 8.78 8.81 8.84 8.84 8.84 8.84 8.81 8.78 8.78 8.75 8.81 9.03 9.16 9.16 9.16 9.12 9.12 9.12 9.09 9.09 9.09 9.09 9.09 9.09 9.09 9.12 9.12 9.12 9.12 9.16 9.19 9.22 9.22 9.25 9.28 9.31 9.31 9.34 9.34 9.34 9.34 9.34 9.31 9.31 9.31 9.31 9.34 9.41 9.47 9.56 9.66 9.75 10.00 10.28 10.50 10.34 10.16 10.16 10.72 11.59 12.69 13.41 13.62 14.03 14.88 15.66 16.28 16.81 17.25 17.62 17.94 18.22 18.44 18.66 18.84
8.44 8.47 8.47 8.50 8.53 8.56 8.59 8.59 8.62 8.62 8.62 8.59 8.59 8.56 8.53 8.53 8.53 8.53 8.75 9.00 9.09 9.12 9.12 9.09 9.09 9.09 9.09 9.09 9.09 9.09 9.09 9.12 9.12 9.12 9.12 9.16 9.19 9.22 9.22 9.25 9.28 9.31 9.31 9.34 9.34 9.34 9.34 9.31 9.31 9.28 9.28 9.28 9.31 9.34 9.41 9.47 9.56 9.66 9.81 10.00 9.97 9.75 9.56 9.84 10.38 11.06 12.16 13.03 13.38 13.53 14.09 14.72 15.44 16.16 16.75 17.19 17.56 17.88 18.12 18.34 18.53
8.22 8.25 8.25 8.28 8.31 8.31 8.34 8.38 8.38 8.38 8.38 8.34 8.34 8.31 8.31 8.28 8.28 8.31 8.31 8.34 8.53 8.78 8.94 9.06 9.09 9.09 9.09 9.09 9.09 9.09 9.09 9.12 9.12 9.12 9.12 9.16 9.19 9.22 9.22 9.25 9.28 9.31 9.31 9.34 9.34 9.34 9.34 9.31 9.31 9.28 9.28 9.25 9.28 9.31 9.34 9.41 9.50 9.56 9.66 9.72 9.59 9.47 9.50 9.91 10.44 10.91 11.50 12.06 12.84 13.72 14.03 14.25 14.88 15.47 16.19 16.75 17.19 17.53 17.78 18.00 18.22
8.00 8.00 8.03 8.06 8.06 8.09 8.09 8.12 8.12 8.12 8.12 8.09 8.06 8.06 8.06 8.03 8.06 8.06 8.06 8.09 8.12 8.19 8.25 8.41 8.62 8.78 8.91 9.00 9.06 9.09 9.09 9.12 9.12 9.12 9.12 9.16 9.19 9.19 9.22 9.25 9.28 9.31 9.31 9.34 9.34 9.34 9.31 9.31 9.28 9.28 9.25 9.25 9.22 9.25 9.31 9.38 9.44 9.50 9.56 9.53 9.47 9.41 9.69 10.09 10.53 10.69 10.88 11.22 12.06 13.34 14.09 14.22 14.41 14.94 15.62 16.22 16.78 17.16 17.44 17.69 17.88
7.75 7.78 7.78 7.81 7.81 7.84 7.84 7.84 7.84 7.84 7.84 7.81 7.81 7.78 7.78 7.78 7.78 7.81 7.81 7.84 7.91 7.94 8.00 8.06 8.12 8.22 8.28 8.38 8.50 8.66 8.78 8.91 8.97 9.03 9.06 9.09 9.12 9.16 9.19 9.25 9.28 9.31 9.31 9.34 9.34 9.34 9.31 9.31 9.28 9.25 9.25 9.22 9.19 9.19 9.22 9.31 9.38 9.41 9.47 9.47 9.44 9.53 9.81 10.12 10.34 10.28 10.41 10.78 11.41 12.28 13.03 13.38 13.59 14.16 14.91 15.56 16.22 16.72 17.06 17.31 17.50
