arlandasctiles/Tile3,1.asc
ncols 128
nrows 128
xllcorner 0
yllcorner 0
cellsize 2.0
NODATA_value  -9999
[rows 93 to 123 of 128, columns 0 to 69 of 128]
-107.31 -107.19 -107.09 -106.97 -106.88 -106.75 -106.66 -106.56 -106.47 -106.38 -106.28 -106.22 -106.12 -106.06 -106.00 -105.94 -105.88 -105.84 -105.78 -105.75 -105.72 -105.69 -105.66 -105.62 -105.59 -105.59 -105.56 -105.56 -105.56 -105.56 -105.56 -105.56 -105.56 -105.56 -105.56 -105.59 -105.59 -105.62 -105.66 -105.69 -105.69 -105.72 -105.78 -105.81 -105.84 -105.88 -105.94 -105.97 -106.00 -105.81 -105.81 -105.81 -105.81 -105.81 -105.78 -105.72 -105.69 -105.81 -105.75 -105.66 -105.56 -105.47 -105.28 -105.19 -105.06 -104.94 -104.78 -104.69 -104.56 -104.44
-107.59 -107.47 -107.34 -107.25 -107.12 -107.03 -106.94 -106.81 -106.72 -106.62 -106.56 -106.47 -106.38 -106.31 -106.25 -106.19 -106.12 -106.09 -106.03 -106.00 -105.97 -105.94 -105.91 -105.88 -105.84 -105.84 -105.81 -105.81 -105.81 -105.78 -105.78 -105.78 -105.78 -105.81 -105.81 -105.81 -105.84 -105.88 -105.88 -105.91 -105.94 -105.97 -106.00 -106.03 -106.06 -106.09 -106.12 -106.19 -106.22 -106.22 -106.03 -106.06 -106.03 -106.03 -106.00 -106.16 -106.12 -106.03 -105.97 -105.88 -105.78 -105.69 -105.56 -105.44 -105.31 -105.19 -105.06 -104.94 -104.81 -104.69
-107.84 -107.72 -107.62 -107.50 -107.38 -107.28 -107.19 -107.09 -107.00 -106.91 -106.81 -106.72 -106.66 -106.56 -106.50 -106.44 -106.38 -106.34 -106.28 -106.25 -106.22 -106.19 -106.16 -106.12 -106.09 -106.06 -106.06 -106.06 -106.03 -106.03 -106.03 -106.03 -106.03 -106.03 -106.06 -106.06 -106.06 -106.09 -106.12 -106.16 -106.16 -106.19 -106.22 -106.25 -106.28 -106.31 -106.34 -106.41 -106.41 -106.44 -106.47 -106.47 -106.28 -106.44 -106.41 -106.38 -106.31 -106.25 -106.19 -106.12 -106.03 -105.94 -105.78 -105.69 -105.56 -105.44 -105.31 -105.19 -105.06 -104.94
-108.12 -108.00 -107.88 -107.75 -107.66 -107.53 -107.44 -107.34 -107.25 -107.16 -107.06 -106.97 -106.91 -106.81 -106.75 -106.69 -106.62 -106.56 -106.53 -106.50 -106.44 -106.41 -106.38 -106.38 -106.34 -106.31 -106.31 -106.28 -106.28 -106.28 -106.28 -106.28 -106.28 -106.28 -106.28 -106.31 -106.31 -106.34 -106.34 -106.38 -106.41 -106.44 -106.44 -106.47 -106.50 -106.56 -106.56 -106.59 -106.62 -106.66 -106.66 -106.69 -106.69 -106.66 -106.62 -106.59 -106.53 -106.47 -106.44 -106.34 -106.28 -106.16 -106.06 -105.94 -105.81 -105.69 -105.56 -105.44 -105.31 -105.19
-108.38 -108.25 -108.12 -108.00 -107.91 -107.78 -107.69 -107.59 -107.50 -107.41 -107.31 -107.22 -107.16 -107.06 -107.00 -106.94 -106.88 -106.81 -106.78 -106.72 -106.69 -106.66 -106.62 -106.59 -106.59 -106.56 -106.53 -106.53 -106.53 -106.50 -106.50 -106.50 -106.50 -106.50 -106.53 -106.53 -106.56 -106.56 -106.59 -106.59 -106.62 -106.66 -106.69 -106.72 -106.75 -106.78 -106.78 -106.81 -106.84 -106.88 -106.88 -106.91 -106.91 -106.88 -106.84 -106.81 -106.75 -106.72 -106.66 -106.59 -106.50 -106.41 -106.31 -106.19 -106.03 -105.94 -105.81 -105.69 -105.56 -105.44
-108.62 -108.50 -108.38 -108.28 -108.16 -108.03 -107.94 -107.84 -107.75 -107.66 -107.56 -107.47 -107.41 -107.31 -107.25 -107.19 -107.12 -107.06 -107.03 -106.97 -106.94 -106.91 -106.88 -106.84 -106.81 -106.81 -106.78 -106.78 -106.75 -106.75 -106.75 -106.75 -106.75 -106.75 -106.75 -106.78 -106.78 -106.81 -106.81 -106.84 -106.84 -106.88 -106.91 -106.94 -106.97 -107.00 -107.00 -107.03 -107.06 -107.09 -107.09 -107.09 -107.09 -107.09 -107.09 -107.06 -107.00 -106.97 -106.91 -106.84 -106.75 -106.69 -106.59 -106.44 -106.28 -106.19 -106.06 -105.94 -105.81 -105.69
-108.88 -108.75 -108.62 -108.53 -108.41 -108.28 -108.19 -108.09 -108.00 -107.91 -107.81 -107.72 -107.62 -107.56 -107.50 -107.44 -107.38 -107.31 -107.25 -107.22 -107.19 -107.12 -107.09 -107.09 -107.06 -107.03 -107.03 -107.00 -107.00 -107.00 -107.00 -106.97 -106.97 -107.00 -107.00 -107.00 -107.00 -107.03 -107.03 -107.06 -107.09 -107.09 -107.12 -107.16 -107.19 -107.22 -107.22 -107.25 -107.28 -107.31 -107.31 -107.31 -107.34 -107.31 -107.31 -107.28 -107.25 -107.22 -107.12 -107.09 -106.97 -106.78 -106.84 -106.69 -106.56 -106.47 -106.31 -106.22 -106.09 -105.97
-109.12 -109.00 -108.88 -108.75 -108.66 -108.53 -108.44 -108.34 -108.25 -108.16 -108.06 -107.97 -107.88 -107.81 -107.72 -107.66 -107.59 -107.56 -107.50 -107.47 -107.41 -107.38 -107.34 -107.31 -107.31 -107.28 -107.25 -107.25 -107.25 -107.22 -107.22 -107.22 -107.22 -107.22 -107.22 -107.22 -107.25 -107.25 -107.28 -107.28 -107.31 -107.34 -107.34 -107.38 -107.41 -107.44 -107.44 -107.47 -107.50 -107.50 -107.53 -107.53 -107.56 -107.56 -107.56 -107.50 -107.50 -107.44 -107.38 -107.12 -107.22 -107.00 -107.09 -106.97 -106.84 -106.69 -106.56 -106.47 -106.34 -106.22
-109.38 -109.25 -109.12 -109.00 -108.91 -108.78 -108.69 -108.59 -108.47 -108.38 -108.31 -108.22 -108.12 -108.06 -107.97 -107.91 -107.84 -107.78 -107.75 -107.69 -107.66 -107.62 -107.59 -107.56 -107.53 -107.53 -107.50 -107.50 -107.47 -107.47 -107.47 -107.44 -107.44 -107.44 -107.47 -107.47 -107.47 -107.50 -107.50 -107.50 -107.53 -107.56 -107.56 -107.59 -107.62 -107.66 -107.66 -107.69 -107.72 -107.72 -107.75 -107.75 -107.78 -107.78 -107.78 -107.75 -107.53 -107.69 -107.44 -107.38 -107.47 -107.22 -107.12 -107.19 -107.06 -106.94 -106.81 -106.72 -106.62 -106.47
-109.62 -109.50 -109.38 -109.25 -109.12 -109.03 -108.94 -108.81 -108.72 -108.62 -108.53 -108.44 -108.38 -108.28 -108.22 -108.16 -108.09 -108.03 -107.97 -107.94 -107.91 -107.84 -107.81 -107.81 -107.78 -107.75 -107.75 -107.72 -107.72 -107.69 -107.69 -107.69 -107.69 -107.69 -107.69 -107.69 -107.69 -107.72 -107.72 -107.75 -107.75 -107.78 -107.78 -107.81 -107.84 -107.88 -107.88 -107.91 -107.94 -107.94 -107.97 -108.00 -108.00 -108.00 -108.03 -107.97 -107.78 -107.72 -107.66 -107.59 -107.53 -107.44 -107.56 -107.44 -107.31 -107.19 -107.06 -106.97 -106.88 -106.72
-109.88 -109.72 -109.59 -109.50 -109.38 -109.28 -109.16 -109.06 -108.97 -108.88 -108.78 -108.69 -108.62 -108.53 -108.47 -108.41 -108.34 -108.28 -108.22 -108.19 -108.12 -108.09 -108.06 -108.03 -108.00 -108.00 -107.97 -107.97 -107.94 -107.94 -107.94 -107.91 -107.91 -107.91 -107.91 -107.94 -107.94 -107.94 -107.94 -107.97 -107.97 -108.00 -108.03 -108.03 -108.06 -108.09 -108.09 -108.12 -108.16 -108.16 -108.19 -108.22 -108.22 -108.25 -108.06 -108.03 -108.00 -107.94 -107.91 -107.81 -107.75 -107.88 -107.78 -107.69 -107.56 -107.41 -107.31 -107.22 -107.12 -106.97
-110.09 -109.97 -109.84 -109.72 -109.62 -109.50 -109.41 -109.31 -109.22 -109.12 -109.03 -108.94 -108.84 -108.78 -108.69 -108.62 -108.56 -108.50 -108.47 -108.41 -108.38 -108.34 -108.31 -108.28 -108.25 -108.22 -108.22 -108.19 -108.19 -108.16 -108.16 -108.16 -108.16 -108.16 -108.16 -108.16 -108.16 -108.16 -108.19 -108.19 -108.19 -108.22 -108.25 -108.25 -108.28 -108.31 -108.31 -108.34 -108.38 -108.38 -108.41 -108.44 -108.44 -108.47 -108.28 -108.25 -108.25 -108.16 -108.12 -108.06 -108.00 -107.91 -108.00 -107.91 -107.81 -107.66 -107.56 -107.44 -107.34 -107.22
-110.34 -110.19 -110.06 -109.97 -109.84 -109.75 -109.62 -109.53 -109.44 -109.34 -109.25 -109.19 -109.09 -109.00 -108.94 -108.88 -108.81 -108.75 -108.69 -108.66 -108.62 -108.56 -108.53 -108.53 -108.50 -108.47 -108.44 -108.44 -108.41 -108.41 -108.41 -108.38 -108.38 -108.38 -108.38 -108.38 -108.38 -108.38 -108.41 -108.41 -108.44 -108.44 -108.47 -108.47 -108.50 -108.50 -108.53 -108.56 -108.56 -108.59 -108.62 -108.62 -108.66 -108.69 -108.50 -108.47 -108.47 -108.41 -108.34 -108.28 -108.22 -108.12 -108.25 -108.16 -108.06 -107.88 -107.81 -107.69 -107.56 -107.44
-110.56 -110.44 -110.31 -110.19 -110.09 -109.97 -109.88 -109.78 -109.69 -109.59 -109.50 -109.41 -109.34 -109.25 -109.19 -109.12 -109.03 -109.00 -108.94 -108.88 -108.84 -108.81 -108.78 -108.75 -108.72 -108.69 -108.69 -108.66 -108.66 -108.62 -108.62 -108.62 -108.62 -108.59 -108.59 -108.59 -108.59 -108.62 -108.62 -108.62 -108.66 -108.66 -108.69 -108.69 -108.72 -108.72 -108.75 -108.78 -108.78 -108.81 -108.81 -108.84 -108.88 -108.91 -108.72 -108.69 -108.66 -108.62 -108.56 -108.50 -108.44 -108.38 -108.47 -108.41 -108.28 -108.12 -108.03 -107.91 -107.78 -107.69
-110.78 -110.66 -110.53 -110.44 -110.31 -110.19 -110.09 -110.00 -109.91 -109.81 -109.72 -109.66 -109.56 -109.50 -109.41 -109.34 -109.28 -109.22 -109.16 -109.12 -109.09 -109.06 -109.03 -109.00 -108.97 -108.94 -108.91 -108.91 -108.88 -108.88 -108.84 -108.84 -108.84 -108.84 -108.84 -108.84 -108.84 -108.84 -108.84 -108.84 -108.88 -108.88 -108.88 -108.91 -108.94 -108.94 -108.97 -108.97 -109.00 -109.03 -109.03 -109.06 -109.09 -109.09 -109.12 -108.91 -108.88 -108.84 -108.78 -108.72 -108.66 -108.59 -108.53 -108.44 -108.53 -108.34 -108.25 -108.12 -108.03 -107.91
-111.03 -110.91 -110.78 -110.66 -110.53 -110.44 -110.34 -110.22 -110.12 -110.03 -109.97 -109.88 -109.78 -109.72 -109.66 -109.59 -109.53 -109.47 -109.41 -109.34 -109.31 -109.28 -109.25 -109.22 -109.19 -109.19 -109.16 -109.12 -109.12 -109.09 -109.09 -109.06 -109.06 -109.06 -109.06 -109.06 -109.06 -109.06 -109.06 -109.06 -109.09 -109.09 -109.09 -109.12 -109.12 -109.16 -109.19 -109.19 -109.22 -109.22 -109.25 -109.28 -109.28 -109.31 -109.31 -109.31 -109.09 -109.06 -109.00 -108.97 -108.91 -108.81 -108.75 -108.66 -108.75 -108.59 -108.50 -108.38 -108.25 -108.12
-111.25 -111.12 -111.00 -110.88 -110.75 -110.66 -110.56 -110.47 -110.38 -110.28 -110.19 -110.09 -110.03 -109.94 -109.88 -109.81 -109.75 -109.69 -109.62 -109.59 -109.56 -109.53 -109.47 -109.47 -109.44 -109.41 -109.38 -109.38 -109.34 -109.31 -109.31 -109.31 -109.28 -109.28 -109.28 -109.28 -109.28 -109.28 -109.28 -109.28 -109.31 -109.31 -109.31 -109.34 -109.34 -109.38 -109.38 -109.41 -109.41 -109.44 -109.47 -109.47 -109.50 -109.50 -109.53 -109.53 -109.31 -109.28 -109.22 -109.19 -109.12 -109.06 -108.97 -109.09 -108.97 -108.84 -108.72 -108.59 -108.47 -108.38
-111.47 -111.34 -111.22 -111.09 -111.00 -110.88 -110.78 -110.69 -110.59 -110.50 -110.41 -110.34 -110.25 -110.19 -110.09 -110.03 -109.97 -109.94 -109.88 -109.81 -109.78 -109.75 -109.72 -109.69 -109.66 -109.62 -109.59 -109.59 -109.56 -109.56 -109.53 -109.53 -109.53 -109.50 -109.50 -109.50 -109.50 -109.50 -109.50 -109.50 -109.50 -109.53 -109.53 -109.56 -109.56 -109.56 -109.59 -109.62 -109.62 -109.66 -109.66 -109.69 -109.72 -109.72 -109.75 -109.75 -109.53 -109.50 -109.44 -109.41 -109.34 -109.28 -109.19 -109.28 -109.19 -109.06 -108.94 -108.81 -108.72 -108.59
-111.69 -111.56 -111.44 -111.31 -111.22 -111.09 -111.00 -110.91 -110.81 -110.72 -110.62 -110.56 -110.47 -110.41 -110.34 -110.28 -110.22 -110.16 -110.09 -110.06 -110.00 -109.97 -109.94 -109.91 -109.88 -109.88 -109.84 -109.81 -109.81 -109.78 -109.78 -109.75 -109.75 -109.75 -109.72 -109.72 -109.72 -109.72 -109.72 -109.72 -109.72 -109.75 -109.75 -109.75 -109.78 -109.78 -109.81 -109.81 -109.84 -109.88 -109.88 -109.91 -109.91 -109.94 -109.94 -109.97 -109.94 -109.72 -109.66 -109.66 -109.56 -109.53 -109.41 -109.53 -109.41 -109.28 -109.16 -109.03 -108.94 -108.84
-111.91 -111.78 -111.66 -111.53 -111.44 -111.31 -111.22 -111.12 -111.03 -110.94 -110.88 -110.78 -110.72 -110.62 -110.56 -110.50 -110.44 -110.38 -110.34 -110.28 -110.25 -110.22 -110.19 -110.16 -110.12 -110.09 -110.06 -110.03 -110.03 -110.00 -110.00 -109.97 -109.97 -109.97 -109.94 -109.94 -109.94 -109.94 -109.94 -109.94 -109.94 -109.94 -109.97 -109.97 -109.97 -110.00 -110.00 -110.03 -110.06 -110.06 -110.09 -110.09 -110.12 -110.12 -110.16 -110.16 -110.12 -109.94 -109.88 -109.88 -109.78 -109.75 -109.66 -109.75 -109.62 -109.50 -109.38 -109.28 -109.19 -109.09
-112.12 -112.00 -111.88 -111.75 -111.66 -111.53 -111.44 -111.34 -111.25 -111.16 -111.09 -111.00 -110.94 -110.84 -110.78 -110.72 -110.66 -110.62 -110.56 -110.50 -110.47 -110.44 -110.41 -110.38 -110.34 -110.31 -110.28 -110.28 -110.25 -110.22 -110.22 -110.19 -110.19 -110.19 -110.16 -110.16 -110.16 -110.16 -110.16 -110.16 -110.16 -110.16 -110.19 -110.19 -110.19 -110.22 -110.22 -110.25 -110.25 -110.28 -110.28 -110.31 -110.34 -110.34 -110.34 -110.38 -110.34 -110.16 -110.09 -110.06 -110.00 -109.94 -109.88 -109.97 -109.84 -109.72 -109.59 -109.50 -109.41 -109.31
-112.34 -112.22 -112.09 -111.97 -111.88 -111.75 -111.66 -111.56 -111.47 -111.38 -111.31 -111.22 -111.16 -111.09 -111.00 -110.94 -110.91 -110.84 -110.78 -110.75 -110.69 -110.66 -110.62 -110.59 -110.56 -110.53 -110.50 -110.50 -110.47 -110.44 -110.44 -110.41 -110.41 -110.41 -110.38 -110.38 -110.38 -110.38 -110.38 -110.38 -110.38 -110.38 -110.38 -110.41 -110.41 -110.41 -110.44 -110.44 -110.47 -110.47 -110.50 -110.53 -110.53 -110.56 -110.56 -110.59 -110.56 -110.38 -110.31 -110.28 -110.22 -110.16 -110.28 -110.19 -110.06 -109.94 -109.84 -109.75 -109.66 -109.56
-112.53 -112.41 -112.31 -112.19 -112.09 -111.97 -111.88 -111.78 -111.69 -111.59 -111.53 -111.44 -111.38 -111.31 -111.25 -111.19 -111.12 -111.06 -111.00 -110.97 -110.94 -110.88 -110.84 -110.81 -110.78 -110.78 -110.75 -110.72 -110.69 -110.69 -110.66 -110.62 -110.62 -110.59 -110.59 -110.59 -110.59 -110.59 -110.59 -110.59 -110.59 -110.59 -110.59 -110.59 -110.62 -110.62 -110.62 -110.66 -110.66 -110.69 -110.72 -110.72 -110.75 -110.75 -110.75 -110.78 -110.75 -110.56 -110.72 -110.50 -110.62 -110.38 -110.50 -110.41 -110.31 -110.19 -110.06 -110.00 -109.88 -109.81
-112.75 -112.62 -112.53 -112.41 -112.28 -112.19 -112.09 -112.00 -111.91 -111.81 -111.75 -111.66 -111.59 -111.53 -111.47 -111.41 -111.34 -111.28 -111.25 -111.19 -111.16 -111.12 -111.06 -111.06 -111.03 -111.00 -110.97 -110.94 -110.91 -110.91 -110.88 -110.84 -110.84 -110.81 -110.81 -110.81 -110.78 -110.78 -110.78 -110.78 -110.78 -110.78 -110.81 -110.81 -110.81 -110.84 -110.84 -110.88 -110.88 -110.91 -110.91 -110.94 -110.94 -110.97 -110.97 -111.00 -110.97 -110.78 -110.94 -110.72 -110.84 -110.81 -110.72 -110.62 -110.53 -110.41 -110.31 -110.22 -110.12 -110.03
-112.97 -112.84 -112.72 -112.62 -112.50 -112.41 -112.31 -112.22 -112.12 -112.03 -111.97 -111.88 -111.81 -111.75 -111.69 -111.62 -111.56 -111.50 -111.47 -111.41 -111.38 -111.34 -111.31 -111.28 -111.25 -111.22 -111.19 -111.16 -111.12 -111.12 -111.09 -111.06 -111.06 -111.03 -111.03 -111.03 -111.00 -111.00 -111.00 -111.00 -111.00 -111.00 -111.00 -111.03 -111.03 -111.03 -111.06 -111.06 -111.09 -111.09 -111.12 -111.12 -111.16 -111.16 -111.19 -111.19 -111.19 -111.00 -111.12 -110.94 -110.88 -110.84 -110.78 -110.88 -110.78 -110.62 -110.56 -110.47 -110.38 -110.28
-113.19 -113.06 -112.94 -112.81 -112.72 -112.62 -112.53 -112.44 -112.34 -112.25 -112.19 -112.09 -112.03 -111.97 -111.91 -111.84 -111.78 -111.72 -111.69 -111.62 -111.59 -111.56 -111.53 -111.50 -111.47 -111.44 -111.41 -111.38 -111.34 -111.34 -111.31 -111.28 -111.28 -111.25 -111.25 -111.25 -111.22 -111.22 -111.22 -111.22 -111.22 -111.22 -111.22 -111.22 -111.22 -111.25 -111.25 -111.28 -111.28 -111.31 -111.31 -111.34 -111.34 -111.38 -111.38 -111.41 -111.38 -111.41 -111.34 -111.16 -111.28 -111.06 -111.00 -110.94 -111.03 -110.88 -110.78 -110.69 -110.59 -110.53
-113.38 -113.28 -113.16 -113.03 -112.94 -112.81 -112.72 -112.62 -112.56 -112.47 -112.41 -112.31 -112.25 -112.19 -112.12 -112.06 -112.00 -111.97 -111.91 -111.84 -111.81 -111.78 -111.75 -111.72 -111.69 -111.66 -111.62 -111.59 -111.56 -111.56 -111.53 -111.50 -111.50 -111.47 -111.47 -111.44 -111.44 -111.44 -111.41 -111.41 -111.41 -111.41 -111.41 -111.44 -111.44 -111.44 -111.47 -111.47 -111.50 -111.50 -111.53 -111.53 -111.56 -111.56 -111.59 -111.59 -111.59 -111.59 -111.56 -111.38 -111.50 -111.28 -111.22 -111.16 -111.28 -111.16 -111.00 -110.94 -110.84 -110.75
-113.59 -113.47 -113.38 -113.25 -113.19 -113.03 -112.97 -112.84 -112.75 -112.69 -112.59 -112.53 -112.47 -112.41 -112.34 -112.28 -112.22 -112.19 -112.12 -112.06 -112.03 -112.00 -111.97 -111.94 -111.91 -111.88 -111.84 -111.81 -111.78 -111.75 -111.75 -111.72 -111.69 -111.69 -111.66 -111.66 -111.66 -111.62 -111.62 -111.62 -111.62 -111.62 -111.62 -111.62 -111.62 -111.66 -111.66 -111.69 -111.69 -111.72 -111.72 -111.75 -111.75 -111.78 -111.78 -111.78 -111.78 -111.78 -111.75 -111.59 -111.72 -111.50 -111.44 -111.38 -111.31 -111.44 -111.25 -111.16 -111.09 -111.00
-113.81 -113.69 -113.56 -113.47 -113.38 -113.25 -113.19 -113.06 -112.97 -112.91 -112.81 -112.75 -112.69 -112.62 -112.56 -112.50 -112.44 -112.38 -112.34 -112.28 -112.25 -112.22 -112.19 -112.12 -112.12 -112.06 -112.06 -112.03 -112.00 -111.97 -111.94 -111.94 -111.91 -111.88 -111.88 -111.84 -111.84 -111.84 -111.84 -111.81 -111.81 -111.81 -111.81 -111.84 -111.84 -111.84 -111.84 -111.88 -111.88 -111.91 -111.91 -111.94 -111.97 -111.97 -112.00 -112.00 -112.00 -112.00 -111.97 -111.81 -111.94 -111.72 -111.66 -111.62 -111.56 -111.47 -111.47 -111.41 -111.31 -111.25
-114.00 -113.88 -113.78 -113.66 -113.56 -113.47 -113.38 -113.28 -113.19 -113.09 -113.03 -112.94 -112.88 -112.81 -112.78 -112.72 -112.66 -112.59 -112.56 -112.50 -112.47 -112.41 -112.38 -112.34 -112.31 -112.28 -112.25 -112.22 -112.19 -112.19 -112.16 -112.12 -112.09 -112.09 -112.06 -112.06 -112.06 -112.03 -112.03 -112.03 -112.03 -112.03 -112.03 -112.03 -112.03 -112.03 -112.06 -112.06 -112.09 -112.09 -112.12 -112.12 -112.16 -112.16 -112.19 -112.19 -112.19 -112.22 -112.19 -112.03 -112.16 -111.94 -111.88 -111.84 -111.78 -111.72 -111.75 -111.66 -111.56 -111.50
-114.19 -114.09 -113.97 -113.88 -113.75 -113.66 -113.56 -113.47 -113.41 -113.31 -113.25 -113.16 -113.09 -113.03 -113.00 -112.91 -112.88 -112.81 -112.78 -112.72 -112.69 -112.62 -112.59 -112.56 -112.53 -112.50 -112.47 -112.44 -112.41 -112.38 -112.34 -112.34 -112.31 -112.28 -112.28 -112.25 -112.25 -112.25 -112.25 -112.22 -112.22 -112.22 -112.22 -112.22 -112.22 -112.25 -112.25 -112.25 -112.28 -112.28 -112.31 -112.34 -112.34 -112.38 -112.38 -112.41 -112.41 -112.44 -112.41 -112.22 -112.19 -112.16 -112.09 -112.06 -112.00 -111.94 -111.97 -111.91 -111.81 -111.75
