arlandasctiles/Tile[15,14].asc
ncols 128
nrows 128
xllcorner 0
yllcorner 0
cellsize 2.0
NODATA_value  -9999
[rows 0 to 29 of 128, columns 0 to 66 of 128]
-103.75 -103.97 -104.16 -104.38 -104.56 -104.78 -104.97 -105.19 -105.38 -105.59 -105.78 -106.00 -106.22 -106.41 -106.62 -106.84 -107.03 -107.25 -107.47 -107.69 -107.88 -108.09 -108.31 -108.53 -108.72 -108.94 -109.16 -109.38 -109.56 -109.78 -110.00 -110.22 -110.44 -110.62 -110.84 -111.06 -111.28 -111.50 -111.69 -111.91 -112.12 -112.34 -112.53 -112.75 -112.97 -113.16 -113.38 -113.59 -113.78 -114.00 -114.19 -114.41 -114.59 -114.81 -115.00 -115.19 -115.41 -115.59 -115.78 -115.97 -116.19 -116.38 -116.56 -116.75 -116.97 -117.16 -117.34
-103.56 -103.78 -103.97 -104.19 -104.38 -104.59 -104.78 -105.00 -105.19 -105.41 -105.62 -105.81 -106.03 -106.22 -106.44 -106.66 -106.84 -107.06 -107.28 -107.50 -107.69 -107.91 -108.12 -108.34 -108.56 -108.75 -108.97 -109.19 -109.41 -109.59 -109.81 -110.03 -110.25 -110.47 -110.66 -110.88 -111.09 -111.31 -111.53 -111.72 -111.94 -112.16 -112.34 -112.56 -112.78 -112.97 -113.19 -113.41 -113.59 -113.81 -114.00 -114.22 -114.41 -114.59 -114.81 -115.00 -115.19 -115.41 -115.59 -115.78 -115.97 -116.16 -116.38 -116.56 -116.75 -116.94 -117.12
-103.38 -103.59 -103.78 -104.00 -104.19 -104.41 -104.62 -104.81 -105.03 -105.22 -105.44 -105.66 -105.84 -106.06 -106.25 -106.47 -106.69 -106.88 -107.09 -107.31 -107.53 -107.72 -107.94 -108.16 -108.38 -108.59 -108.78 -109.00 -109.22 -109.44 -109.62 -109.84 -110.06 -110.28 -110.50 -110.69 -110.91 -111.12 -111.34 -111.56 -111.75 -111.97 -112.19 -112.38 -112.59 -112.78 -113.00 -113.22 -113.41 -113.62 -113.81 -114.00 -114.22 -114.41 -114.59 -114.81 -115.00 -115.19 -115.38 -115.56 -115.78 -115.97 -116.16 -116.34 -116.53 -116.72 -116.91
-103.19 -103.41 -103.59 -103.81 -104.03 -104.22 -104.44 -104.62 -104.84 -105.06 -105.25 -105.47 -105.66 -105.88 -106.09 -106.28 -106.50 -106.72 -106.94 -107.12 -107.34 -107.56 -107.78 -107.97 -108.19 -108.41 -108.62 -108.81 -109.03 -109.25 -109.47 -109.69 -109.88 -110.09 -110.31 -110.53 -110.75 -110.94 -111.16 -111.38 -111.56 -111.78 -112.00 -112.19 -112.41 -112.62 -112.81 -113.03 -113.22 -113.44 -113.62 -113.81 -114.03 -114.22 -114.41 -114.59 -114.78 -115.00 -115.19 -115.38 -115.56 -115.75 -115.94 -116.12 -116.31 -116.53 -116.72
-103.00 -103.22 -103.44 -103.62 -103.84 -104.03 -104.25 -104.47 -104.66 -104.88 -105.06 -105.28 -105.50 -105.69 -105.91 -106.12 -106.31 -106.53 -106.75 -106.97 -107.16 -107.38 -107.59 -107.81 -108.00 -108.22 -108.44 -108.66 -108.88 -109.06 -109.28 -109.50 -109.72 -109.94 -110.12 -110.34 -110.56 -110.78 -110.97 -111.19 -111.41 -111.59 -111.81 -112.03 -112.22 -112.44 -112.62 -112.84 -113.03 -113.25 -113.44 -113.62 -113.81 -114.03 -114.22 -114.41 -114.59 -114.78 -114.97 -115.16 -115.38 -115.56 -115.75 -115.94 -116.12 -116.31 -116.50
-102.81 -103.03 -103.25 -103.44 -103.66 -103.88 -104.06 -104.28 -104.47 -104.69 -104.91 -105.09 -105.31 -105.53 -105.75 -105.94 -106.16 -106.38 -106.56 -106.78 -107.00 -107.22 -107.41 -107.62 -107.84 -108.06 -108.25 -108.47 -108.69 -108.91 -109.12 -109.31 -109.53 -109.75 -109.97 -110.16 -110.38 -110.59 -110.81 -111.00 -111.22 -111.44 -111.62 -111.84 -112.03 -112.25 -112.44 -112.66 -112.84 -113.03 -113.25 -113.44 -113.62 -113.81 -114.03 -114.22 -114.41 -114.59 -114.78 -114.97 -115.16 -115.34 -115.53 -115.72 -115.91 -116.09 -116.28
-102.66 -102.84 -103.06 -103.25 -103.47 -103.69 -103.88 -104.09 -104.31 -104.50 -104.72 -104.94 -105.16 -105.34 -105.56 -105.78 -105.97 -106.19 -106.41 -106.62 -106.81 -107.03 -107.25 -107.47 -107.66 -107.88 -108.09 -108.31 -108.53 -108.72 -108.94 -109.16 -109.38 -109.56 -109.78 -110.00 -110.22 -110.41 -110.62 -110.84 -111.03 -111.25 -111.47 -111.66 -111.88 -112.06 -112.25 -112.47 -112.66 -112.84 -113.06 -113.25 -113.44 -113.62 -113.81 -114.00 -114.19 -114.38 -114.56 -114.75 -114.94 -115.12 -115.31 -115.50 -115.69 -115.88 -116.06
-102.47 -102.66 -102.88 -103.09 -103.28 -103.50 -103.72 -103.91 -104.12 -104.34 -104.56 -104.75 -104.97 -105.19 -105.38 -105.59 -105.81 -106.03 -106.22 -106.44 -106.66 -106.88 -107.06 -107.28 -107.50 -107.72 -107.94 -108.12 -108.34 -108.56 -108.78 -108.97 -109.19 -109.41 -109.62 -109.81 -110.03 -110.25 -110.47 -110.66 -110.88 -111.06 -111.28 -111.47 -111.69 -111.88 -112.09 -112.28 -112.47 -112.66 -112.88 -113.06 -113.25 -113.44 -113.62 -113.81 -114.00 -114.19 -114.38 -114.56 -114.75 -114.94 -115.12 -115.31 -115.50 -115.69 -115.84
-102.28 -102.50 -102.69 -102.91 -103.12 -103.31 -103.53 -103.75 -103.97 -104.16 -104.38 -104.59 -104.81 -105.00 -105.22 -105.44 -105.66 -105.84 -106.06 -106.28 -106.47 -106.69 -106.91 -107.12 -107.34 -107.53 -107.75 -107.97 -108.19 -108.38 -108.59 -108.81 -109.03 -109.22 -109.44 -109.66 -109.88 -110.06 -110.28 -110.50 -110.69 -110.91 -111.09 -111.31 -111.50 -111.69 -111.91 -112.09 -112.28 -112.47 -112.69 -112.88 -113.06 -113.25 -113.44 -113.62 -113.81 -114.00 -114.19 -114.38 -114.53 -114.72 -114.91 -115.09 -115.28 -115.47 -115.66
-102.09 -102.31 -102.53 -102.72 -102.94 -103.16 -103.38 -103.56 -103.78 -104.00 -104.22 -104.41 -104.62 -104.84 -105.06 -105.25 -105.47 -105.69 -105.91 -106.09 -106.31 -106.53 -106.75 -106.94 -107.16 -107.38 -107.59 -107.81 -108.00 -108.22 -108.44 -108.66 -108.84 -109.06 -109.28 -109.50 -109.69 -109.91 -110.12 -110.31 -110.53 -110.72 -110.94 -111.12 -111.31 -111.53 -111.72 -111.91 -112.09 -112.28 -112.50 -112.69 -112.88 -113.06 -113.25 -113.44 -113.62 -113.78 -113.97 -114.16 -114.34 -114.53 -114.72 -114.88 -115.06 -115.25 -115.44
-101.94 -102.12 -102.34 -102.56 -102.78 -102.97 -103.19 -103.41 -103.62 -103.81 -104.03 -104.25 -104.47 -104.69 -104.88 -105.09 -105.31 -105.53 -105.72 -105.94 -106.16 -106.38 -106.56 -106.78 -107.00 -107.22 -107.44 -107.62 -107.84 -108.06 -108.28 -108.47 -108.69 -108.91 -109.09 -109.31 -109.53 -109.75 -109.94 -110.16 -110.34 -110.56 -110.75 -110.97 -111.16 -111.34 -111.53 -111.72 -111.94 -112.12 -112.31 -112.50 -112.69 -112.88 -113.06 -113.22 -113.41 -113.59 -113.78 -113.97 -114.12 -114.31 -114.50 -114.69 -114.84 -115.03 -115.22
-101.75 -101.97 -102.19 -102.38 -102.59 -102.81 -103.03 -103.25 -103.44 -103.66 -103.88 -104.09 -104.28 -104.50 -104.72 -104.94 -105.16 -105.34 -105.56 -105.78 -106.00 -106.19 -106.41 -106.62 -106.84 -107.06 -107.25 -107.47 -107.69 -107.91 -108.09 -108.31 -108.53 -108.75 -108.94 -109.16 -109.38 -109.56 -109.78 -109.97 -110.19 -110.38 -110.59 -110.78 -110.97 -111.19 -111.34 -111.53 -111.75 -111.94 -112.12 -112.31 -112.50 -112.66 -112.84 -113.03 -113.22 -113.41 -113.59 -113.75 -113.94 -114.12 -114.28 -114.47 -114.66 -114.84 -115.00
-101.56 -101.78 -102.00 -102.22 -102.44 -102.66 -102.84 -103.06 -103.28 -103.50 -103.72 -103.91 -104.12 -104.34 -104.56 -104.78 -104.97 -105.19 -105.41 -105.62 -105.84 -106.03 -106.25 -106.47 -106.69 -106.88 -107.09 -107.31 -107.53 -107.72 -107.94 -108.16 -108.38 -108.56 -108.78 -109.00 -109.19 -109.41 -109.62 -109.81 -110.03 -110.22 -110.41 -110.59 -110.81 -111.00 -111.19 -111.38 -111.56 -111.75 -111.94 -112.12 -112.31 -112.47 -112.66 -112.84 -113.03 -113.22 -113.38 -113.56 -113.75 -113.91 -114.09 -114.28 -114.44 -114.62 -114.81
-101.41 -101.62 -101.84 -102.06 -102.25 -102.47 -102.69 -102.91 -103.12 -103.31 -103.53 -103.75 -103.97 -104.19 -104.41 -104.59 -104.81 -105.03 -105.25 -105.47 -105.66 -105.88 -106.09 -106.31 -106.53 -106.72 -106.94 -107.16 -107.38 -107.56 -107.78 -108.00 -108.19 -108.41 -108.62 -108.81 -109.03 -109.25 -109.44 -109.66 -109.84 -110.06 -110.25 -110.44 -110.62 -110.81 -111.00 -111.19 -111.38 -111.56 -111.75 -111.94 -112.12 -112.28 -112.47 -112.66 -112.84 -113.00 -113.19 -113.38 -113.53 -113.72 -113.88 -114.06 -114.25 -114.41 -114.59
-101.25 -101.44 -101.66 -101.88 -102.09 -102.31 -102.53 -102.75 -102.94 -103.16 -103.38 -103.59 -103.81 -104.03 -104.22 -104.44 -104.66 -104.88 -105.09 -105.31 -105.50 -105.72 -105.94 -106.16 -106.38 -106.56 -106.78 -107.00 -107.22 -107.41 -107.62 -107.84 -108.03 -108.25 -108.47 -108.66 -108.88 -109.09 -109.28 -109.50 -109.69 -109.91 -110.09 -110.28 -110.47 -110.66 -110.84 -111.00 -111.19 -111.38 -111.56 -111.75 -111.94 -112.12 -112.28 -112.47 -112.66 -112.81 -113.00 -113.16 -113.34 -113.50 -113.69 -113.88 -114.03 -114.22 -114.38
-101.06 -101.28 -101.50 -101.72 -101.94 -102.16 -102.38 -102.56 -102.78 -103.00 -103.22 -103.44 -103.66 -103.88 -104.06 -104.28 -104.50 -104.72 -104.94 -105.16 -105.38 -105.56 -105.78 -106.00 -106.22 -106.41 -106.62 -106.84 -107.06 -107.25 -107.47 -107.69 -107.88 -108.09 -108.31 -108.50 -108.72 -108.94 -109.12 -109.34 -109.53 -109.75 -109.94 -110.12 -110.31 -110.50 -110.66 -110.84 -111.03 -111.22 -111.38 -111.56 -111.75 -111.94 -112.09 -112.28 -112.47 -112.62 -112.81 -112.97 -113.16 -113.31 -113.50 -113.66 -113.84 -114.00 -114.19
-100.91 -101.12 -101.34 -101.56 -101.78 -102.00 -102.19 -102.41 -102.62 -102.84 -103.06 -103.28 -103.50 -103.72 -103.94 -104.12 -104.34 -104.56 -104.78 -105.00 -105.22 -105.44 -105.62 -105.84 -106.06 -106.28 -106.47 -106.69 -106.91 -107.12 -107.31 -107.53 -107.75 -107.94 -108.16 -108.34 -108.56 -108.78 -108.97 -109.19 -109.38 -109.59 -109.78 -109.97 -110.16 -110.31 -110.50 -110.69 -110.84 -111.03 -111.22 -111.41 -111.56 -111.75 -111.94 -112.09 -112.28 -112.44 -112.59 -112.78 -112.94 -113.12 -113.28 -113.47 -113.62 -113.81 -113.97
-100.75 -100.97 -101.19 -101.41 -101.62 -101.81 -102.03 -102.25 -102.47 -102.69 -102.91 -103.12 -103.34 -103.56 -103.78 -104.00 -104.22 -104.41 -104.62 -104.84 -105.06 -105.28 -105.50 -105.69 -105.91 -106.12 -106.34 -106.53 -106.75 -106.97 -107.16 -107.38 -107.59 -107.78 -108.00 -108.22 -108.41 -108.62 -108.81 -109.03 -109.22 -109.44 -109.62 -109.81 -110.00 -110.16 -110.34 -110.50 -110.69 -110.88 -111.03 -111.22 -111.41 -111.56 -111.75 -111.91 -112.09 -112.25 -112.41 -112.59 -112.75 -112.91 -113.09 -113.25 -113.44 -113.59 -113.75
-100.56 -100.78 -101.00 -101.22 -101.44 -101.66 -101.88 -102.09 -102.31 -102.53 -102.75 -102.97 -103.19 -103.41 -103.62 -103.84 -104.06 -104.28 -104.50 -104.72 -104.91 -105.12 -105.34 -105.56 -105.78 -105.97 -106.19 -106.41 -106.59 -106.81 -107.03 -107.22 -107.44 -107.66 -107.84 -108.06 -108.25 -108.47 -108.69 -108.88 -109.06 -109.28 -109.44 -109.66 -109.84 -110.00 -110.19 -110.34 -110.53 -110.69 -110.88 -111.03 -111.22 -111.38 -111.56 -111.72 -111.91 -112.06 -112.22 -112.38 -112.56 -112.72 -112.88 -113.06 -113.22 -113.38 -113.56
-100.41 -100.62 -100.84 -101.06 -101.31 -101.53 -101.75 -101.97 -102.19 -102.41 -102.62 -102.84 -103.06 -103.28 -103.50 -103.69 -103.91 -104.12 -104.34 -104.56 -104.78 -105.00 -105.19 -105.41 -105.62 -105.84 -106.06 -106.25 -106.47 -106.69 -106.88 -107.09 -107.31 -107.50 -107.72 -107.91 -108.12 -108.31 -108.53 -108.72 -108.94 -109.12 -109.31 -109.50 -109.69 -109.84 -110.03 -110.19 -110.34 -110.53 -110.69 -110.88 -111.03 -111.22 -111.38 -111.53 -111.72 -111.88 -112.03 -112.19 -112.34 -112.53 -112.69 -112.84 -113.00 -113.19 -113.34
-100.25 -100.47 -100.69 -100.94 -101.16 -101.38 -101.59 -101.81 -102.03 -102.25 -102.47 -102.69 -102.91 -103.12 -103.34 -103.56 -103.78 -104.00 -104.22 -104.44 -104.62 -104.84 -105.06 -105.28 -105.50 -105.69 -105.91 -106.12 -106.31 -106.53 -106.75 -106.94 -107.16 -107.38 -107.56 -107.78 -107.97 -108.19 -108.38 -108.59 -108.78 -108.97 -109.16 -109.34 -109.53 -109.72 -109.88 -110.03 -110.19 -110.38 -110.53 -110.72 -110.88 -111.03 -111.19 -111.38 -111.53 -111.69 -111.84 -112.00 -112.16 -112.31 -112.47 -112.66 -112.81 -112.97 -113.12
-100.09 -100.31 -100.56 -100.78 -101.00 -101.22 -101.44 -101.66 -101.88 -102.09 -102.31 -102.56 -102.78 -103.00 -103.22 -103.44 -103.62 -103.84 -104.06 -104.28 -104.50 -104.72 -104.94 -105.12 -105.34 -105.56 -105.78 -105.97 -106.19 -106.41 -106.59 -106.81 -107.03 -107.22 -107.44 -107.62 -107.84 -108.03 -108.25 -108.44 -108.62 -108.84 -109.03 -109.22 -109.41 -109.56 -109.72 -109.88 -110.03 -110.22 -110.38 -110.53 -110.69 -110.88 -111.03 -111.19 -111.34 -111.50 -111.66 -111.81 -111.97 -112.12 -112.28 -112.44 -112.59 -112.75 -112.91
-99.94 -100.19 -100.41 -100.62 -100.84 -101.06 -101.31 -101.53 -101.75 -101.97 -102.19 -102.41 -102.62 -102.84 -103.06 -103.28 -103.50 -103.72 -103.94 -104.16 -104.38 -104.59 -104.78 -105.00 -105.22 -105.44 -105.62 -105.84 -106.06 -106.28 -106.47 -106.69 -106.88 -107.09 -107.31 -107.50 -107.69 -107.91 -108.09 -108.31 -108.50 -108.69 -108.88 -109.06 -109.25 -109.41 -109.59 -109.75 -109.88 -110.06 -110.22 -110.38 -110.53 -110.69 -110.84 -111.00 -111.16 -111.31 -111.47 -111.62 -111.78 -111.94 -112.09 -112.22 -112.38 -112.53 -112.69
-99.81 -100.03 -100.25 -100.47 -100.72 -100.94 -101.16 -101.38 -101.59 -101.81 -102.06 -102.28 -102.50 -102.72 -102.94 -103.16 -103.38 -103.59 -103.81 -104.03 -104.25 -104.44 -104.66 -104.88 -105.09 -105.31 -105.50 -105.72 -105.94 -106.12 -106.34 -106.56 -106.75 -106.97 -107.16 -107.38 -107.56 -107.78 -107.97 -108.16 -108.38 -108.56 -108.75 -108.91 -109.09 -109.28 -109.44 -109.59 -109.75 -109.91 -110.06 -110.22 -110.38 -110.53 -110.69 -110.84 -110.97 -111.12 -111.28 -111.44 -111.59 -111.72 -111.88 -112.03 -112.19 -112.34 -112.47
-99.66 -99.88 -100.12 -100.34 -100.56 -100.78 -101.03 -101.25 -101.47 -101.69 -101.91 -102.12 -102.38 -102.59 -102.81 -103.03 -103.25 -103.47 -103.69 -103.91 -104.09 -104.31 -104.53 -104.75 -104.97 -105.16 -105.38 -105.59 -105.81 -106.00 -106.22 -106.44 -106.62 -106.84 -107.03 -107.25 -107.44 -107.66 -107.84 -108.03 -108.22 -108.44 -108.59 -108.78 -108.97 -109.16 -109.31 -109.44 -109.59 -109.75 -109.91 -110.06 -110.22 -110.34 -110.50 -110.66 -110.81 -110.94 -111.09 -111.25 -111.38 -111.53 -111.69 -111.81 -111.97 -112.12 -112.25
-99.50 -99.75 -99.97 -100.19 -100.44 -100.66 -100.88 -101.09 -101.34 -101.56 -101.78 -102.00 -102.22 -102.44 -102.69 -102.91 -103.12 -103.34 -103.56 -103.75 -103.97 -104.19 -104.41 -104.62 -104.84 -105.03 -105.25 -105.47 -105.69 -105.88 -106.09 -106.31 -106.50 -106.72 -106.91 -107.12 -107.31 -107.53 -107.72 -107.91 -108.09 -108.28 -108.47 -108.66 -108.84 -109.00 -109.19 -109.31 -109.47 -109.59 -109.75 -109.91 -110.03 -110.19 -110.34 -110.50 -110.62 -110.78 -110.91 -111.06 -111.19 -111.34 -111.47 -111.62 -111.75 -111.91 -112.03
-99.38 -99.59 -99.81 -100.06 -100.28 -100.50 -100.75 -100.97 -101.19 -101.44 -101.66 -101.88 -102.09 -102.31 -102.53 -102.78 -103.00 -103.22 -103.44 -103.62 -103.84 -104.06 -104.28 -104.50 -104.72 -104.91 -105.12 -105.34 -105.56 -105.75 -105.97 -106.19 -106.38 -106.59 -106.78 -107.00 -107.19 -107.41 -107.59 -107.78 -107.97 -108.16 -108.34 -108.53 -108.69 -108.88 -109.03 -109.19 -109.31 -109.44 -109.59 -109.75 -109.88 -110.03 -110.19 -110.31 -110.47 -110.59 -110.72 -110.88 -111.00 -111.12 -111.28 -111.41 -111.56 -111.69 -111.84
-99.22 -99.47 -99.69 -99.91 -100.16 -100.38 -100.62 -100.84 -101.06 -101.28 -101.53 -101.75 -101.97 -102.19 -102.41 -102.62 -102.88 -103.09 -103.31 -103.50 -103.72 -103.94 -104.16 -104.38 -104.59 -104.81 -105.00 -105.22 -105.44 -105.66 -105.84 -106.06 -106.25 -106.47 -106.69 -106.88 -107.09 -107.28 -107.47 -107.69 -107.88 -108.03 -108.22 -108.41 -108.56 -108.75 -108.91 -109.06 -109.19 -109.31 -109.44 -109.59 -109.72 -109.88 -110.00 -110.16 -110.28 -110.41 -110.56 -110.69 -110.81 -110.94 -111.06 -111.19 -111.34 -111.47 -111.62
-99.09 -99.31 -99.56 -99.78 -100.03 -100.25 -100.47 -100.72 -100.94 -101.16 -101.41 -101.62 -101.84 -102.06 -102.28 -102.53 -102.75 -102.97 -103.19 -103.41 -103.62 -103.81 -104.03 -104.25 -104.47 -104.69 -104.91 -105.09 -105.31 -105.53 -105.72 -105.94 -106.16 -106.34 -106.56 -106.75 -106.97 -107.16 -107.34 -107.56 -107.75 -107.94 -108.09 -108.28 -108.44 -108.59 -108.75 -108.91 -109.03 -109.16 -109.31 -109.44 -109.56 -109.72 -109.84 -109.97 -110.12 -110.25 -110.38 -110.50 -110.62 -110.75 -110.88 -111.00 -111.12 -111.25 -111.38
-98.97 -99.19 -99.44 -99.66 -99.88 -100.12 -100.34 -100.59 -100.81 -101.03 -101.28 -101.50 -101.72 -101.94 -102.16 -102.41 -102.62 -102.84 -103.06 -103.28 -103.50 -103.72 -103.94 -104.12 -104.34 -104.56 -104.78 -105.00 -105.19 -105.41 -105.62 -105.81 -106.06 -106.25 -106.44 -106.66 -106.84 -107.06 -107.25 -107.44 -107.62 -107.81 -108.00 -108.19 -108.34 -108.50 -108.66 -108.78 -108.91 -109.03 -109.16 -109.31 -109.44 -109.56 -109.69 -109.81 -109.94 -110.06 -110.19 -110.31 -110.44 -110.56 -110.69 -110.78 -110.91 -111.06 -111.09
