arlandasctiles/Tile7,15.asc
ncols 128
nrows 128
xllcorner 0
yllcorner 0
cellsize 2.0
NODATA_value  -9999
[rows 64 to 95 of 128, columns 0 to 70 of 128]
-94.53 -95.16 -94.22 -94.53 -95.09 -94.66 -94.81 -94.94 -94.84 -94.91 -94.66 -95.12 -95.19 -95.22 -95.22 -95.34 -95.41 -95.47 -95.53 -95.56 -95.62 -95.69 -95.75 -95.81 -95.88 -95.94 -96.00 -96.06 -96.16 -96.19 -96.28 -96.31 -96.34 -96.38 -96.44 -96.50 -96.56 -96.59 -96.62 -96.69 -96.72 -96.72 -96.75 -96.75 -96.72 -96.72 -96.69 -96.69 -96.66 -96.62 -96.59 -96.56 -96.53 -96.50 -96.47 -96.41 -96.38 -96.34 -96.31 -96.28 -96.25 -96.22 -96.19 -96.16 -96.09 -96.06 -96.03 -96.00 -95.97 -95.91 -95.88
-94.25 -94.75 -94.06 -94.47 -94.97 -94.19 -94.56 -94.88 -94.62 -94.72 -94.47 -94.91 -94.97 -94.97 -95.03 -95.06 -95.16 -95.19 -95.25 -95.31 -95.38 -95.41 -95.47 -95.50 -95.56 -95.62 -95.69 -95.75 -95.81 -95.72 -95.94 -95.97 -96.00 -96.03 -96.06 -96.16 -96.19 -96.25 -96.28 -96.34 -96.38 -96.38 -96.41 -96.41 -96.41 -96.41 -96.38 -96.38 -96.34 -96.31 -96.28 -96.25 -96.22 -96.19 -96.16 -96.12 -96.09 -96.06 -96.00 -95.97 -95.94 -95.91 -95.88 -95.84 -95.81 -95.75 -95.72 -95.69 -95.66 -95.62 -95.59
-94.03 -94.50 -93.94 -94.16 -94.84 -93.88 -94.34 -94.44 -94.38 -94.50 -94.25 -94.66 -94.69 -94.53 -94.78 -94.81 -94.88 -94.91 -95.00 -95.00 -95.09 -95.12 -95.16 -95.19 -95.25 -95.28 -95.34 -95.31 -95.44 -95.34 -95.56 -95.62 -95.66 -95.72 -95.75 -95.81 -95.84 -95.91 -95.94 -96.00 -96.03 -96.06 -96.06 -96.09 -96.06 -96.06 -96.06 -96.06 -96.03 -96.00 -95.97 -95.94 -95.91 -95.88 -95.88 -95.81 -95.81 -95.75 -95.72 -95.69 -95.62 -95.59 -95.56 -95.53 -95.50 -95.44 -95.41 -95.38 -95.34 -95.31 -95.28
-93.81 -94.22 -93.78 -93.88 -94.47 -93.56 -94.19 -94.19 -94.19 -94.25 -94.00 -94.41 -94.41 -94.41 -94.47 -94.53 -94.59 -94.62 -94.72 -94.62 -94.78 -94.81 -94.84 -94.88 -94.91 -94.97 -95.00 -95.06 -95.09 -95.09 -95.22 -95.28 -95.31 -95.38 -95.44 -95.47 -95.50 -95.56 -95.62 -95.66 -95.69 -95.72 -95.75 -95.75 -95.75 -95.75 -95.75 -95.72 -95.69 -95.69 -95.66 -95.62 -95.59 -95.56 -95.56 -95.50 -95.47 -95.44 -95.41 -95.38 -95.34 -95.28 -95.25 -95.22 -95.19 -95.12 -95.09 -95.06 -95.03 -95.00 -94.97
-93.53 -93.97 -93.62 -93.62 -94.25 -93.34 -94.16 -93.88 -93.97 -94.03 -93.75 -94.19 -94.22 -94.19 -94.22 -94.28 -94.31 -94.25 -94.41 -94.12 -94.38 -94.50 -94.53 -94.56 -94.59 -94.66 -94.69 -94.75 -94.81 -94.81 -94.88 -94.94 -95.00 -95.06 -95.09 -95.16 -95.19 -95.22 -95.28 -95.31 -95.34 -95.41 -95.41 -95.44 -95.44 -95.44 -95.41 -95.41 -95.38 -95.38 -95.34 -95.31 -95.28 -95.25 -95.22 -95.19 -95.16 -95.12 -95.09 -95.06 -95.03 -94.97 -94.94 -94.91 -94.88 -94.81 -94.78 -94.75 -94.72 -94.69 -94.66
-93.09 -93.72 -93.34 -93.31 -93.94 -93.16 -93.91 -93.38 -93.72 -93.78 -93.50 -93.97 -93.97 -93.78 -93.97 -94.00 -94.00 -93.88 -94.03 -93.84 -94.06 -94.16 -94.19 -94.25 -94.28 -94.31 -94.38 -94.41 -94.16 -94.53 -94.56 -94.62 -94.66 -94.72 -94.78 -94.81 -94.88 -94.91 -94.97 -95.00 -95.03 -95.06 -95.09 -95.09 -95.12 -95.12 -95.09 -95.09 -95.06 -95.06 -95.03 -95.00 -94.97 -94.94 -94.91 -94.88 -94.84 -94.81 -94.78 -94.75 -94.72 -94.66 -94.62 -94.59 -94.56 -94.50 -94.47 -94.44 -94.41 -94.38 -94.31
-93.00 -93.34 -92.94 -93.09 -93.47 -93.12 -93.56 -93.34 -93.31 -93.53 -93.25 -93.78 -93.69 -93.59 -93.66 -93.72 -93.69 -93.56 -93.72 -93.56 -93.78 -93.84 -93.88 -93.91 -93.97 -94.00 -94.03 -94.03 -93.91 -94.16 -94.25 -94.28 -94.34 -94.41 -94.47 -94.50 -94.56 -94.59 -94.62 -94.66 -94.72 -94.75 -94.78 -94.78 -94.81 -94.81 -94.81 -94.78 -94.78 -94.75 -94.72 -94.69 -94.66 -94.62 -94.59 -94.56 -94.53 -94.50 -94.47 -94.44 -94.41 -94.34 -94.31 -94.28 -94.25 -94.19 -94.16 -94.12 -94.09 -94.03 -94.00
-92.69 -93.06 -92.62 -92.88 -92.88 -93.16 -93.00 -93.09 -93.19 -93.22 -93.06 -93.50 -93.38 -93.16 -93.38 -93.44 -93.38 -93.22 -93.41 -93.22 -93.47 -93.53 -93.56 -93.59 -93.66 -93.69 -93.72 -93.72 -93.75 -93.84 -93.91 -93.97 -94.03 -94.09 -94.12 -94.19 -94.22 -94.28 -94.31 -94.34 -94.38 -94.41 -94.44 -94.47 -94.47 -94.50 -94.50 -94.47 -94.47 -94.44 -94.41 -94.38 -94.34 -94.34 -94.31 -94.28 -94.25 -94.19 -94.16 -94.12 -94.09 -94.06 -94.00 -93.97 -93.94 -93.88 -93.84 -93.81 -93.75 -93.72 -93.69
-92.28 -92.59 -92.31 -92.59 -92.47 -93.09 -92.69 -92.66 -92.97 -92.88 -92.84 -93.19 -93.03 -93.06 -93.09 -93.12 -93.09 -92.94 -93.06 -92.94 -93.16 -93.22 -93.25 -93.31 -93.34 -93.38 -93.41 -93.44 -93.50 -93.56 -93.62 -93.69 -93.72 -93.78 -93.81 -93.88 -93.91 -93.97 -94.00 -94.03 -94.06 -94.09 -94.12 -94.16 -94.16 -94.19 -94.19 -94.16 -94.16 -94.12 -94.09 -94.09 -94.06 -94.03 -94.00 -93.97 -93.94 -93.91 -93.84 -93.81 -93.78 -93.75 -93.69 -93.66 -93.62 -93.56 -93.53 -93.50 -93.44 -93.41 -93.38
-91.84 -92.25 -92.25 -92.16 -92.25 -92.84 -92.41 -92.53 -92.62 -92.44 -92.59 -92.88 -92.62 -92.84 -92.84 -92.84 -92.81 -92.69 -92.78 -92.72 -92.84 -92.91 -92.94 -93.00 -93.03 -93.06 -93.12 -93.16 -93.22 -93.25 -93.31 -93.38 -93.44 -93.47 -93.53 -93.56 -93.59 -93.66 -93.69 -93.72 -93.75 -93.78 -93.81 -93.84 -93.84 -93.88 -93.88 -93.84 -93.84 -93.81 -93.81 -93.78 -93.75 -93.72 -93.69 -93.66 -93.62 -93.59 -93.56 -93.50 -93.47 -93.44 -93.38 -93.34 -93.31 -93.25 -93.22 -93.16 -93.12 -93.09 -93.03
-91.47 -92.00 -92.03 -91.72 -92.00 -92.38 -92.09 -92.38 -92.34 -92.38 -92.22 -92.59 -92.53 -92.59 -92.59 -92.59 -92.56 -92.44 -92.53 -92.47 -92.56 -92.62 -92.66 -92.69 -92.75 -92.78 -92.81 -92.88 -92.91 -92.97 -93.03 -93.09 -93.12 -93.19 -93.22 -93.25 -93.31 -93.34 -93.38 -93.41 -93.44 -93.47 -93.50 -93.53 -93.56 -93.56 -93.56 -93.56 -93.53 -93.53 -93.50 -93.47 -93.47 -93.44 -93.41 -93.34 -93.31 -93.28 -93.25 -93.19 -93.16 -93.12 -93.06 -93.03 -92.97 -92.94 -92.91 -92.84 -92.81 -92.75 -92.72
-91.19 -91.78 -91.72 -91.47 -91.72 -92.09 -91.78 -92.16 -91.81 -92.19 -91.88 -92.25 -92.22 -92.38 -92.41 -92.31 -92.28 -92.16 -92.22 -92.16 -92.28 -92.31 -92.38 -92.41 -92.44 -92.50 -92.53 -92.59 -92.62 -92.69 -92.75 -92.81 -92.84 -92.88 -92.91 -92.97 -93.00 -93.03 -93.06 -93.09 -93.12 -93.16 -93.19 -93.22 -93.25 -93.25 -93.25 -93.25 -93.25 -93.22 -93.22 -93.19 -93.16 -93.12 -93.09 -93.06 -93.03 -92.97 -92.94 -92.88 -92.84 -92.81 -92.75 -92.72 -92.66 -92.62 -92.56 -92.53 -92.50 -92.44 -92.41
-91.03 -91.53 -91.22 -91.47 -91.38 -91.75 -91.47 -91.88 -91.44 -91.88 -91.94 -91.69 -92.12 -91.88 -92.19 -92.06 -92.03 -91.97 -91.97 -91.97 -92.00 -92.03 -92.09 -92.12 -92.16 -92.19 -92.25 -92.28 -92.34 -92.41 -92.38 -92.50 -92.53 -92.56 -92.62 -92.66 -92.69 -92.72 -92.78 -92.81 -92.84 -92.84 -92.91 -92.91 -92.97 -92.97 -92.97 -92.97 -92.94 -92.94 -92.91 -92.91 -92.88 -92.84 -92.81 -92.78 -92.72 -92.69 -92.62 -92.59 -92.53 -92.50 -92.44 -92.41 -92.34 -92.31 -92.25 -92.22 -92.16 -92.12 -92.06
-90.81 -91.16 -90.78 -91.31 -91.06 -91.47 -91.19 -91.44 -91.50 -91.38 -91.78 -91.31 -91.84 -91.56 -91.94 -91.50 -91.75 -91.59 -91.69 -91.72 -91.72 -91.75 -91.78 -91.84 -91.88 -91.91 -91.94 -92.00 -92.03 -92.06 -92.00 -92.19 -92.25 -92.28 -92.31 -92.34 -92.41 -92.44 -92.47 -92.50 -92.53 -92.56 -92.59 -92.62 -92.66 -92.66 -92.69 -92.69 -92.66 -92.66 -92.62 -92.59 -92.56 -92.56 -92.50 -92.47 -92.41 -92.38 -92.31 -92.28 -92.22 -92.19 -92.12 -92.09 -92.03 -92.00 -91.94 -91.88 -91.84 -91.81 -91.75
-90.41 -90.78 -90.47 -90.94 -90.75 -90.88 -91.12 -90.91 -91.38 -90.88 -91.53 -91.00 -91.72 -91.19 -91.56 -91.16 -91.38 -91.34 -91.41 -91.44 -91.47 -91.47 -91.53 -91.56 -91.59 -91.62 -91.66 -91.69 -91.75 -91.75 -91.78 -91.88 -91.94 -91.97 -92.03 -92.06 -92.09 -92.12 -92.16 -92.19 -92.25 -92.25 -92.31 -92.31 -92.38 -92.38 -92.41 -92.41 -92.38 -92.38 -92.34 -92.31 -92.28 -92.25 -92.19 -92.16 -92.09 -92.06 -92.00 -91.97 -91.91 -91.84 -91.81 -91.75 -91.72 -91.66 -91.62 -91.56 -91.53 -91.47 -91.44
-90.09 -90.38 -90.25 -90.53 -90.44 -90.53 -90.94 -90.53 -91.25 -90.50 -91.25 -90.66 -91.47 -90.84 -91.19 -91.06 -91.06 -91.06 -91.16 -91.16 -91.19 -91.22 -91.25 -91.28 -91.31 -91.34 -91.38 -91.41 -91.44 -91.47 -91.53 -91.56 -91.62 -91.69 -91.72 -91.75 -91.81 -91.84 -91.88 -91.91 -91.94 -91.97 -92.03 -92.03 -92.06 -92.09 -92.12 -92.09 -92.09 -92.06 -92.03 -92.00 -91.97 -91.94 -91.88 -91.84 -91.78 -91.75 -91.69 -91.62 -91.59 -91.53 -91.50 -91.44 -91.41 -91.34 -91.28 -91.25 -91.19 -91.16 -91.09
-89.78 -90.03 -90.09 -90.06 -90.12 -90.25 -90.50 -90.25 -90.97 -90.19 -91.06 -90.41 -91.25 -90.75 -90.84 -90.84 -90.84 -90.78 -90.94 -90.88 -90.91 -90.94 -90.97 -91.00 -91.03 -91.06 -91.09 -91.12 -91.19 -91.22 -91.25 -91.28 -91.34 -91.38 -91.44 -91.47 -91.50 -91.53 -91.59 -91.62 -91.66 -91.69 -91.75 -91.75 -91.78 -91.78 -91.81 -91.75 -91.78 -91.75 -91.72 -91.69 -91.66 -91.62 -91.56 -91.53 -91.47 -91.41 -91.38 -91.31 -91.28 -91.22 -91.16 -91.12 -91.06 -91.03 -90.97 -90.91 -90.88 -90.81 -90.78
-89.41 -89.88 -89.69 -89.69 -89.84 -89.97 -90.16 -89.94 -90.69 -90.12 -90.78 -90.09 -91.00 -90.47 -90.56 -90.56 -90.62 -90.41 -90.66 -90.59 -90.66 -90.66 -90.69 -90.72 -90.75 -90.78 -90.81 -90.88 -90.91 -90.94 -90.97 -91.00 -91.06 -91.09 -91.16 -91.19 -91.22 -91.28 -91.31 -91.34 -91.41 -91.41 -91.47 -91.47 -91.50 -91.47 -91.50 -91.44 -91.47 -91.44 -91.41 -91.38 -91.34 -91.31 -91.22 -91.19 -91.12 -91.09 -91.03 -91.00 -90.94 -90.91 -90.84 -90.78 -90.75 -90.69 -90.66 -90.59 -90.53 -90.50 -90.44
-89.09 -89.47 -89.28 -89.41 -89.53 -89.72 -89.84 -89.66 -90.41 -89.88 -90.53 -89.75 -90.75 -90.06 -90.22 -90.28 -90.25 -90.22 -90.31 -90.34 -90.38 -90.38 -90.44 -90.47 -90.50 -90.53 -90.56 -90.59 -90.62 -90.66 -90.69 -90.75 -90.78 -90.81 -90.88 -90.91 -90.97 -91.00 -91.06 -91.09 -91.19 -91.16 -91.22 -91.16 -91.19 -91.16 -91.19 -91.12 -91.12 -91.09 -91.09 -91.06 -91.00 -90.97 -90.91 -90.84 -90.81 -90.75 -90.72 -90.66 -90.62 -90.56 -90.53 -90.47 -90.41 -90.38 -90.31 -90.28 -90.22 -90.19 -90.12
-88.91 -89.03 -88.97 -89.25 -89.25 -89.41 -89.56 -89.50 -90.12 -89.59 -90.28 -89.56 -90.47 -89.69 -89.91 -89.97 -89.94 -90.00 -90.03 -90.06 -90.09 -90.12 -90.16 -90.19 -90.22 -90.25 -90.28 -90.31 -90.34 -90.41 -90.44 -90.47 -90.50 -90.56 -90.59 -90.66 -90.69 -90.75 -90.78 -90.81 -90.94 -90.88 -90.94 -90.88 -90.88 -90.84 -90.84 -90.81 -90.81 -90.78 -90.75 -90.72 -90.66 -90.62 -90.56 -90.53 -90.47 -90.44 -90.38 -90.34 -90.28 -90.25 -90.19 -90.12 -90.09 -90.03 -90.00 -89.94 -89.91 -89.84 -89.81
-88.72 -88.53 -88.66 -88.91 -88.94 -89.28 -89.47 -89.19 -89.69 -89.31 -90.00 -89.34 -89.97 -89.50 -89.62 -89.72 -89.69 -89.75 -89.78 -89.81 -89.84 -89.88 -89.91 -89.94 -89.97 -90.00 -90.03 -90.06 -90.09 -90.12 -90.16 -90.19 -90.25 -90.28 -90.34 -90.41 -90.44 -90.47 -90.53 -90.53 -90.59 -90.59 -90.66 -90.59 -90.59 -90.56 -90.56 -90.53 -90.50 -90.44 -90.44 -90.38 -90.31 -90.28 -90.22 -90.19 -90.12 -90.09 -90.03 -90.00 -89.94 -89.91 -89.84 -89.81 -89.75 -89.72 -89.66 -89.62 -89.56 -89.53 -89.47
-88.44 -88.22 -88.38 -88.66 -88.62 -88.94 -89.09 -88.88 -89.44 -89.03 -89.72 -89.09 -89.62 -89.25 -89.38 -89.50 -89.41 -89.50 -89.50 -89.56 -89.56 -89.62 -89.66 -89.69 -89.69 -89.72 -89.75 -89.78 -89.81 -89.84 -89.88 -89.94 -89.97 -90.03 -90.09 -90.16 -90.19 -90.22 -90.25 -90.28 -90.31 -90.31 -90.34 -90.28 -90.28 -90.25 -90.25 -90.22 -90.19 -90.12 -90.09 -90.03 -90.00 -89.97 -89.91 -89.88 -89.81 -89.75 -89.72 -89.66 -89.62 -89.56 -89.53 -89.47 -89.44 -89.38 -89.34 -89.28 -89.25 -89.19 -89.16
-88.09 -87.91 -88.25 -88.31 -88.34 -88.75 -88.47 -88.59 -89.03 -88.66 -89.41 -88.84 -89.28 -88.97 -89.16 -89.19 -89.16 -89.22 -89.25 -89.31 -89.34 -89.38 -89.41 -89.44 -89.47 -89.47 -89.50 -89.53 -89.56 -89.59 -89.62 -89.69 -89.72 -89.78 -89.84 -89.88 -89.94 -89.97 -90.00 -90.03 -90.00 -90.03 -90.03 -90.00 -90.00 -89.97 -89.94 -89.91 -89.88 -89.81 -89.78 -89.72 -89.69 -89.62 -89.59 -89.53 -89.50 -89.44 -89.38 -89.34 -89.28 -89.25 -89.19 -89.16 -89.09 -89.06 -89.00 -88.97 -88.91 -88.88 -88.81
-87.69 -87.62 -87.94 -88.00 -88.06 -88.41 -88.19 -88.56 -88.50 -88.38 -88.88 -88.59 -89.06 -88.62 -88.84 -88.94 -88.91 -88.97 -89.00 -89.06 -89.09 -89.16 -89.19 -89.19 -89.22 -89.25 -89.25 -89.28 -89.34 -89.34 -89.41 -89.44 -89.50 -89.53 -89.59 -89.62 -89.69 -89.72 -89.75 -89.78 -89.75 -89.75 -89.75 -89.72 -89.69 -89.66 -89.62 -89.59 -89.56 -89.50 -89.47 -89.41 -89.34 -89.31 -89.25 -89.22 -89.16 -89.12 -89.06 -89.03 -88.97 -88.91 -88.88 -88.81 -88.78 -88.72 -88.69 -88.62 -88.59 -88.53 -88.50
-87.38 -87.38 -87.72 -87.69 -87.88 -88.03 -87.91 -88.38 -88.06 -88.16 -88.47 -88.31 -88.53 -88.50 -88.56 -88.66 -88.66 -88.72 -88.75 -88.81 -88.84 -88.91 -88.94 -88.94 -89.00 -89.00 -89.03 -89.06 -89.09 -89.12 -89.16 -89.19 -89.25 -89.28 -89.34 -89.38 -89.22 -89.25 -89.28 -89.31 -89.47 -89.31 -89.47 -89.44 -89.38 -89.38 -89.31 -89.28 -89.25 -89.19 -89.12 -89.09 -89.03 -89.00 -88.94 -88.91 -88.84 -88.81 -88.75 -88.69 -88.66 -88.59 -88.56 -88.50 -88.44 -88.41 -88.34 -88.31 -88.25 -88.22 -88.16
-86.97 -87.19 -87.41 -87.41 -87.69 -87.69 -87.62 -88.19 -87.75 -88.09 -88.12 -88.06 -88.22 -88.38 -88.34 -88.41 -88.44 -88.50 -88.50 -88.56 -88.59 -88.66 -88.66 -88.72 -88.75 -88.78 -88.78 -88.81 -88.84 -88.88 -88.94 -88.94 -89.00 -89.06 -89.09 -89.12 -88.94 -88.97 -89.16 -89.03 -89.00 -89.03 -89.19 -89.19 -89.09 -89.09 -89.03 -88.97 -88.94 -88.88 -88.81 -88.78 -88.72 -88.69 -88.62 -88.59 -88.53 -88.50 -88.44 -88.38 -88.34 -88.28 -88.22 -88.19 -88.12 -88.09 -88.03 -87.97 -87.94 -87.88 -87.84
-86.75 -86.88 -87.00 -87.12 -87.44 -87.28 -87.34 -87.78 -87.50 -87.91 -87.69 -87.88 -87.69 -88.12 -88.06 -88.19 -88.22 -88.28 -88.25 -88.31 -88.34 -88.41 -88.41 -88.47 -88.47 -88.53 -88.53 -88.44 -88.62 -88.66 -88.50 -88.69 -88.56 -88.59 -88.59 -88.62 -88.66 -88.69 -88.88 -88.72 -88.88 -88.75 -88.84 -88.72 -88.78 -88.81 -88.72 -88.69 -88.62 -88.56 -88.50 -88.47 -88.41 -88.38 -88.31 -88.28 -88.22 -88.16 -88.12 -88.06 -88.00 -87.97 -87.91 -87.84 -87.81 -87.75 -87.72 -87.66 -87.59 -87.56 -87.50
-86.47 -86.66 -86.78 -86.84 -87.06 -86.97 -87.22 -87.25 -87.25 -87.59 -87.41 -87.62 -87.66 -87.88 -87.81 -87.94 -87.97 -88.06 -88.03 -88.06 -88.09 -88.12 -88.16 -88.22 -88.22 -88.28 -88.28 -88.16 -88.34 -88.19 -88.22 -88.25 -88.28 -88.31 -88.50 -88.34 -88.53 -88.38 -88.41 -88.59 -88.56 -88.41 -88.50 -88.53 -88.47 -88.50 -88.41 -88.38 -88.31 -88.25 -88.22 -88.16 -88.09 -88.06 -88.00 -87.97 -87.91 -87.84 -87.81 -87.75 -87.69 -87.62 -87.59 -87.53 -87.50 -87.44 -87.38 -87.34 -87.28 -87.22 -87.19
-86.22 -86.38 -86.41 -86.66 -86.88 -86.72 -87.06 -86.94 -87.16 -87.12 -87.12 -87.53 -87.47 -87.66 -87.53 -87.69 -87.69 -87.81 -87.78 -87.81 -87.88 -87.88 -87.91 -87.94 -87.97 -88.03 -88.06 -87.91 -88.09 -87.94 -87.94 -87.97 -88.00 -88.03 -88.22 -88.06 -88.22 -88.09 -88.09 -88.28 -88.28 -88.25 -88.22 -88.19 -88.19 -88.16 -88.09 -88.06 -88.00 -87.94 -87.91 -87.84 -87.78 -87.75 -87.69 -87.66 -87.59 -87.53 -87.47 -87.44 -87.38 -87.31 -87.25 -87.22 -87.16 -87.12 -87.06 -87.00 -86.94 -86.91 -86.84
-86.00 -86.09 -86.22 -86.41 -86.38 -86.47 -86.81 -86.66 -86.94 -86.78 -86.88 -87.09 -87.09 -87.41 -87.28 -87.38 -87.38 -87.53 -87.53 -87.56 -87.62 -87.59 -87.66 -87.66 -87.72 -87.72 -87.59 -87.62 -87.62 -87.66 -87.66 -87.69 -87.72 -87.75 -87.72 -87.75 -87.94 -87.78 -87.97 -87.97 -87.81 -87.97 -87.94 -87.91 -87.88 -87.84 -87.81 -87.75 -87.72 -87.66 -87.59 -87.53 -87.50 -87.44 -87.38 -87.31 -87.28 -87.22 -87.16 -87.09 -87.06 -87.00 -86.94 -86.91 -86.84 -86.78 -86.72 -86.69 -86.62 -86.56 -86.50
-85.66 -85.81 -86.06 -86.03 -86.09 -86.22 -86.44 -86.41 -86.72 -86.56 -86.69 -86.78 -86.91 -87.09 -87.03 -87.09 -87.12 -87.25 -87.28 -87.31 -87.38 -87.34 -87.22 -87.38 -87.44 -87.44 -87.28 -87.34 -87.31 -87.38 -87.38 -87.41 -87.44 -87.44 -87.44 -87.47 -87.47 -87.50 -87.47 -87.47 -87.47 -87.50 -87.50 -87.62 -87.62 -87.56 -87.50 -87.47 -87.41 -87.34 -87.28 -87.22 -87.19 -87.12 -87.06 -87.00 -86.97 -86.91 -86.84 -86.78 -86.72 -86.69 -86.62 -86.56 -86.50 -86.47 -86.41 -86.34 -86.28 -86.25 -86.19
-85.44 -85.56 -85.75 -85.72 -85.88 -86.03 -86.06 -86.22 -86.44 -86.34 -86.47 -86.56 -86.75 -86.78 -86.75 -86.81 -86.91 -87.00 -87.03 -87.06 -86.91 -87.09 -86.94 -87.12 -86.97 -87.16 -87.00 -87.06 -87.03 -87.06 -87.06 -87.09 -87.12 -87.12 -87.12 -87.19 -87.16 -87.22 -87.16 -87.19 -87.16 -87.16 -87.22 -87.12 -87.16 -87.25 -87.22 -87.16 -87.12 -87.03 -87.00 -86.94 -86.88 -86.81 -86.75 -86.69 -86.62 -86.59 -86.53 -86.47 -86.41 -86.34 -86.28 -86.25 -86.19 -86.12 -86.09 -86.03 -85.97 -85.91 -85.84
