arlandasctiles/Tile[13,10].asc
ncols 128
nrows 128
xllcorner 0
yllcorner 0
cellsize 2.0
NODATA_value  -9999
[rows 0 to 33 of 128, columns 0 to 76 of 128]
11.31 11.97 12.44 12.56 12.34 11.66 10.47 8.81 6.78 4.91 4.41 4.12 4.06 4.25 4.06 3.44 2.56 1.75 1.44 1.22 1.12 1.09 1.09 1.09 1.09 1.09 1.06 1.06 1.03 1.00 1.00 1.12 1.31 1.47 1.66 1.81 1.97 2.06 2.12 2.19 2.22 2.25 2.25 2.22 2.12 2.06 2.09 2.09 2.09 2.09 2.03 2.00 2.00 2.00 1.97 1.97 1.94 1.94 1.91 1.91 1.88 1.84 1.81 1.78 1.72 1.66 1.59 1.53 1.47 1.44 1.41 1.41 1.41 1.41 1.44 1.47 1.53
11.50 12.03 12.50 12.56 12.38 11.75 10.66 9.16 7.34 5.66 4.91 4.47 4.25 4.28 4.19 3.69 2.88 1.97 1.50 1.25 1.12 1.09 1.09 1.09 1.09 1.06 1.06 1.03 1.00 0.97 0.91 1.00 1.19 1.34 1.53 1.69 1.84 1.97 2.06 2.12 2.19 2.25 2.25 2.25 2.22 2.16 2.09 2.09 2.09 2.12 2.16 2.12 2.06 2.06 2.06 2.03 2.03 2.00 2.00 1.97 1.94 1.94 1.91 1.88 1.81 1.78 1.75 1.69 1.66 1.66 1.62 1.62 1.66 1.69 1.72 1.78 1.84
11.69 12.16 12.62 12.66 12.47 11.84 10.84 9.50 7.91 6.50 5.50 4.84 4.50 4.31 4.16 3.78 3.12 2.22 1.50 1.25 1.16 1.12 1.09 1.09 1.09 1.09 1.06 1.03 1.00 0.94 0.88 0.97 1.16 1.31 1.47 1.59 1.72 1.84 1.94 2.03 2.12 2.19 2.22 2.22 2.22 2.19 2.19 2.12 2.12 2.16 2.16 2.19 2.22 2.19 2.12 2.12 2.09 2.09 2.06 2.03 2.03 2.00 1.97 1.94 1.91 1.88 1.84 1.84 1.81 1.81 1.81 1.84 1.84 1.88 1.94 1.97 2.03
12.06 12.44 12.81 12.78 12.56 12.03 11.25 10.00 8.44 7.06 6.00 5.31 4.84 4.47 4.09 3.62 3.03 2.28 1.50 1.28 1.16 1.12 1.12 1.12 1.12 1.12 1.09 1.09 1.06 1.00 0.97 1.06 1.22 1.41 1.53 1.56 1.56 1.69 1.78 1.91 2.00 2.09 2.12 2.16 2.16 2.16 2.12 2.16 2.16 2.16 2.19 2.22 2.25 2.25 2.25 2.19 2.16 2.16 2.12 2.09 2.09 2.06 2.06 2.03 2.00 1.97 1.97 1.94 1.94 1.94 1.97 1.97 2.00 2.06 2.09 2.16 2.19
12.53 12.81 13.00 12.94 12.66 12.19 11.88 10.44 8.91 7.50 6.50 5.81 5.25 4.75 4.22 3.62 2.97 2.28 1.56 1.28 1.19 1.16 1.16 1.16 1.16 1.16 1.16 1.16 1.12 1.09 1.12 1.28 1.50 1.72 1.81 1.62 1.41 1.47 1.59 1.72 1.88 1.97 2.03 2.06 2.00 1.94 1.91 1.97 2.06 2.16 2.22 2.22 2.25 2.28 2.28 2.31 2.28 2.22 2.19 2.16 2.16 2.12 2.09 2.09 2.06 2.06 2.03 2.03 2.06 2.06 2.06 2.09 2.12 2.19 2.22 2.28 2.31
12.97 13.12 13.16 13.03 12.69 12.19 12.16 10.94 9.38 7.91 7.00 6.31 5.72 5.09 4.44 3.75 3.06 2.34 1.69 1.38 1.28 1.22 1.22 1.22 1.22 1.25 1.25 1.25 1.25 1.31 1.38 1.62 2.03 2.34 2.41 1.97 1.28 1.28 1.38 1.50 1.69 1.84 1.91 1.84 1.75 1.69 1.69 1.75 1.84 2.00 2.12 2.19 2.25 2.28 2.28 2.31 2.31 2.31 2.28 2.25 2.19 2.19 2.16 2.16 2.12 2.12 2.12 2.12 2.12 2.16 2.16 2.19 2.22 2.28 2.31 2.34 2.41
13.28 13.34 13.28 13.12 12.75 12.19 11.91 11.28 9.56 8.38 7.56 6.91 6.25 5.53 4.78 3.97 3.19 2.47 1.88 1.50 1.38 1.34 1.31 1.31 1.34 1.34 1.38 1.41 1.47 1.56 1.69 2.06 2.62 3.06 3.12 2.81 1.28 1.19 1.25 1.34 1.50 1.72 1.72 1.62 1.53 1.44 1.44 1.47 1.56 1.72 1.84 1.97 2.00 2.06 2.22 2.31 2.31 2.31 2.31 2.31 2.28 2.25 2.22 2.19 2.19 2.19 2.19 2.19 2.19 2.22 2.25 2.28 2.31 2.34 2.38 2.44 2.47
13.56 13.53 13.41 13.19 12.81 12.22 11.50 10.56 9.66 8.88 8.25 7.66 6.94 6.12 5.19 4.28 3.41 2.66 2.06 1.66 1.50 1.47 1.47 1.47 1.50 1.53 1.56 1.62 1.72 1.81 2.00 2.41 3.06 3.59 3.72 3.34 2.88 1.12 1.19 1.25 1.34 1.66 1.59 1.44 1.31 1.22 1.16 1.19 1.28 1.41 1.56 1.69 1.75 1.78 1.81 1.94 2.22 2.31 2.31 2.28 2.28 2.28 2.25 2.25 2.22 2.22 2.22 2.22 2.25 2.25 2.28 2.31 2.34 2.38 2.44 2.47 2.50
13.78 13.69 13.50 13.25 12.84 12.22 11.28 10.47 9.94 9.47 9.06 8.53 7.78 6.81 5.72 4.59 3.62 2.84 2.25 1.88 1.69 1.62 1.62 1.62 1.69 1.72 1.81 1.88 2.00 2.16 2.38 2.72 3.25 3.78 3.97 3.75 3.25 1.22 1.12 1.16 1.34 1.72 1.56 1.38 1.22 1.06 1.00 0.97 1.03 1.16 1.31 1.41 1.50 1.53 1.59 1.62 1.69 1.78 2.06 2.28 2.28 2.28 2.25 2.25 2.25 2.25 2.25 2.25 2.28 2.28 2.31 2.34 2.38 2.41 2.44 2.47 2.50
13.94 13.78 13.56 13.22 12.78 12.06 11.22 10.59 10.28 10.09 9.88 9.50 8.81 7.72 6.31 4.94 3.84 3.06 2.50 2.12 1.94 1.84 1.84 1.84 1.91 2.00 2.12 2.28 2.41 2.56 2.75 3.03 3.38 3.75 3.94 3.88 3.50 3.09 2.62 2.19 2.00 1.84 1.66 1.47 1.28 1.06 0.94 0.84 0.88 0.97 1.09 1.22 1.28 1.31 1.38 1.38 1.41 1.47 1.56 1.66 1.88 2.19 2.25 2.25 2.25 2.25 2.25 2.25 2.28 2.31 2.31 2.34 2.38 2.41 2.44 2.47 2.50
14.09 13.88 13.59 13.19 12.66 11.97 11.22 10.78 10.66 10.66 10.62 10.47 9.91 8.81 7.09 5.34 4.16 3.34 2.78 2.44 2.22 2.16 2.12 2.16 2.25 2.41 2.59 2.78 2.94 3.06 3.22 3.38 3.59 3.84 3.97 3.97 3.78 3.47 2.97 2.50 2.25 2.09 1.91 1.69 1.44 1.16 0.94 0.81 0.78 0.84 0.97 1.06 1.12 1.19 1.19 1.22 1.25 1.28 1.34 1.41 1.50 1.56 1.81 2.19 2.25 2.25 2.25 2.25 2.25 2.25 2.31 2.34 2.34 2.38 2.41 2.44 2.47
14.22 13.97 13.62 13.16 12.59 11.97 11.34 11.00 10.97 11.09 11.28 11.28 10.88 9.75 7.91 5.97 4.66 3.69 3.16 2.84 2.59 2.47 2.44 2.50 2.69 2.91 3.16 3.38 3.56 3.69 3.78 3.84 3.91 4.00 4.09 4.06 3.94 3.66 3.25 2.81 2.56 2.38 2.22 1.97 1.62 1.31 1.03 0.84 0.78 0.81 0.91 1.00 1.06 1.09 1.12 1.12 1.12 1.16 1.19 1.25 1.28 1.34 1.41 1.50 1.88 2.22 2.25 2.25 2.25 2.22 2.19 2.22 2.25 2.28 2.28 2.34 2.41
14.38 14.06 13.69 13.22 12.66 12.09 11.56 11.25 11.25 11.44 11.75 11.91 11.53 10.25 8.38 6.44 5.00 4.00 3.47 3.19 3.00 2.84 2.75 2.91 3.16 3.47 3.75 4.03 4.22 4.38 4.44 4.44 4.38 4.28 4.28 4.22 4.09 3.81 3.44 3.03 2.84 2.66 2.47 2.19 1.84 1.47 1.16 0.94 0.84 0.84 0.94 1.03 1.09 1.12 1.12 1.12 1.12 1.12 1.16 1.16 1.16 1.19 1.22 1.31 1.41 1.62 1.97 2.19 2.25 2.22 2.19 2.16 2.19 2.22 2.28 2.31 2.38
14.53 14.22 13.84 13.38 12.88 12.38 11.94 11.59 11.53 11.72 12.03 12.31 11.97 10.41 9.03 7.25 5.50 4.38 3.75 3.34 3.19 3.12 3.19 3.41 3.75 4.09 4.44 4.72 4.94 5.09 5.16 5.12 5.03 4.84 4.62 4.47 4.28 4.00 3.66 3.28 3.09 2.88 2.69 2.38 2.03 1.69 1.34 1.09 0.97 0.97 1.06 1.16 1.22 1.25 1.25 1.25 1.22 1.22 1.22 1.19 1.16 1.09 1.09 1.16 1.25 1.47 1.72 1.94 2.12 2.19 2.19 2.16 2.19 2.22 2.25 2.31 2.38
14.72 14.41 14.03 13.62 13.16 12.75 12.41 12.12 12.00 12.09 12.31 12.47 12.19 11.03 10.41 9.16 6.41 5.34 4.22 3.38 3.66 3.81 3.94 4.16 4.50 4.84 5.16 5.47 5.66 5.84 5.91 5.91 5.81 5.66 5.22 4.78 4.47 4.22 3.91 3.56 3.31 3.09 2.84 2.53 2.19 1.88 1.53 1.31 1.19 1.19 1.28 1.41 1.50 1.53 1.53 1.50 1.50 1.47 1.41 1.34 1.22 1.12 1.06 1.06 1.16 1.38 1.62 1.84 2.00 2.03 2.00 2.03 2.00 1.97 1.91 1.84 1.88
14.94 14.66 14.28 13.91 13.53 13.22 12.97 12.75 12.66 12.66 12.78 12.81 12.75 12.44 12.47 12.62 11.38 8.31 7.06 6.88 6.72 5.59 5.34 5.34 5.47 5.69 5.94 6.22 6.38 6.53 6.62 6.62 6.62 6.56 5.91 5.16 4.69 4.41 4.12 3.81 3.50 3.25 3.00 2.72 2.41 2.12 1.88 1.66 1.56 1.56 1.66 1.78 1.88 1.94 1.94 1.94 1.91 1.88 1.78 1.66 1.47 1.28 1.09 1.03 1.09 1.34 1.66 1.81 1.91 1.94 1.91 1.81 1.75 1.66 1.66 1.72 1.84
15.19 14.91 14.59 14.25 13.94 13.72 13.56 13.44 13.41 13.47 13.56 13.69 13.88 14.19 14.75 15.25 14.94 14.75 15.59 14.53 11.00 9.00 7.78 7.16 6.69 6.56 6.72 6.91 7.06 7.22 7.28 7.28 7.28 7.22 6.31 5.41 4.88 4.56 4.31 4.03 3.69 3.44 3.19 2.97 2.72 2.50 2.31 2.19 2.12 2.12 2.19 2.28 2.38 2.47 2.53 2.56 2.53 2.47 2.34 2.16 1.91 1.59 1.28 1.06 1.03 1.50 1.84 1.84 1.84 1.88 1.88 1.81 1.75 1.72 1.72 1.78 1.94
15.47 15.19 14.91 14.62 14.38 14.22 14.16 14.12 14.19 14.31 14.50 14.75 15.12 15.62 16.12 16.38 16.44 16.69 17.03 17.06 15.91 13.88 11.69 9.50 7.97 7.41 7.44 7.62 7.75 7.78 7.78 7.75 7.72 7.50 6.44 5.59 5.12 4.75 4.47 4.22 3.88 3.59 3.38 3.19 3.06 2.94 2.84 2.81 2.81 2.81 2.88 2.94 3.06 3.19 3.31 3.38 3.38 3.28 3.12 2.94 2.72 2.25 1.50 1.06 1.78 2.47 2.25 2.00 1.84 1.88 1.91 1.91 1.94 2.00 2.12 2.16 2.25
15.75 15.50 15.25 15.03 14.84 14.72 14.72 14.78 14.91 15.12 15.38 15.72 16.09 16.47 16.75 16.97 17.16 17.34 17.53 17.62 17.50 16.31 14.50 11.72 8.88 8.09 8.16 8.34 8.41 8.38 8.28 8.12 7.97 7.50 6.53 5.91 5.47 5.03 4.69 4.38 4.03 3.75 3.56 3.47 3.44 3.44 3.47 3.50 3.56 3.62 3.69 3.81 3.94 4.03 4.09 4.12 4.12 4.09 4.06 4.09 4.25 4.38 4.31 4.09 3.81 3.47 2.94 2.28 2.00 1.97 2.00 2.09 2.22 2.44 2.66 2.72 2.72
16.06 15.84 15.62 15.44 15.28 15.22 15.25 15.38 15.56 15.81 16.09 16.41 16.72 16.97 17.22 17.41 17.56 17.69 17.78 17.81 17.72 17.12 15.84 13.09 9.31 8.75 8.97 9.12 9.12 9.00 8.78 8.53 8.19 7.53 6.78 6.31 5.81 5.34 4.94 4.56 4.19 3.94 3.81 3.81 3.91 4.00 4.09 4.22 4.31 4.41 4.50 4.66 4.75 4.81 4.84 4.84 4.88 4.94 5.03 5.12 5.12 5.03 4.88 4.62 4.34 4.06 3.38 2.66 2.25 2.16 2.19 2.25 2.38 2.56 2.75 2.88 2.94
16.38 16.16 15.97 15.81 15.72 15.69 15.75 15.88 16.09 16.34 16.62 16.91 17.16 17.41 17.59 17.75 17.88 17.97 18.00 17.97 17.84 17.38 16.50 14.50 10.22 10.19 10.19 10.09 9.91 9.66 9.34 8.97 8.44 7.75 7.12 6.62 6.06 5.50 5.00 4.62 4.31 4.12 4.12 4.28 4.50 4.69 4.88 5.00 5.16 5.28 5.38 5.47 5.50 5.53 5.53 5.56 5.59 5.69 5.72 5.59 5.44 5.25 5.03 4.78 4.50 4.12 3.66 3.09 2.69 2.47 2.38 2.41 2.47 2.62 2.78 2.94 3.06
16.69 16.50 16.34 16.19 16.12 16.12 16.19 16.34 16.53 16.81 17.06 17.31 17.56 17.75 17.94 18.09 18.19 18.22 18.22 18.16 17.94 17.47 16.81 15.88 13.75 12.25 11.69 11.28 10.88 10.44 9.97 9.41 8.75 8.03 7.38 6.72 6.12 5.56 5.12 4.84 4.75 4.78 4.91 5.12 5.38 5.59 5.78 5.91 6.00 6.06 6.09 6.12 6.12 6.12 6.16 6.16 6.22 6.22 6.03 5.81 5.59 5.38 5.16 4.88 4.59 4.25 3.84 3.41 3.03 2.81 2.69 2.62 2.66 2.72 2.88 3.03 3.16
17.00 16.81 16.66 16.56 16.50 16.50 16.59 16.75 16.94 17.19 17.44 17.66 17.91 18.09 18.25 18.38 18.44 18.47 18.41 18.28 18.00 17.56 17.00 16.38 15.38 14.06 13.16 12.47 11.88 11.25 10.59 9.88 9.06 8.28 7.53 6.81 6.09 5.53 5.19 5.12 5.28 5.62 5.91 6.16 6.38 6.59 6.72 6.78 6.78 6.78 6.75 6.72 6.62 6.56 6.53 6.53 6.50 6.34 6.12 5.91 5.69 5.47 5.25 5.00 4.72 4.44 4.09 3.75 3.41 3.16 3.03 2.94 2.91 2.97 3.06 3.19 3.31
17.31 17.12 17.00 16.91 16.84 16.88 16.97 17.09 17.28 17.50 17.75 17.97 18.19 18.38 18.53 18.66 18.72 18.69 18.56 18.34 18.03 17.62 17.16 16.66 16.03 15.19 14.31 13.53 12.78 12.03 11.19 10.31 9.38 8.47 7.69 6.97 6.34 5.91 5.72 5.91 6.31 6.81 7.12 7.31 7.44 7.53 7.56 7.50 7.41 7.28 7.19 7.06 6.84 6.72 6.69 6.66 6.59 6.38 6.12 5.94 5.72 5.53 5.31 5.12 4.88 4.62 4.34 4.06 3.75 3.53 3.41 3.31 3.28 3.31 3.38 3.47 3.59
17.59 17.44 17.31 17.22 17.19 17.22 17.28 17.41 17.56 17.78 18.00 18.25 18.47 18.66 18.81 18.91 18.94 18.88 18.69 18.41 18.06 17.69 17.31 16.91 16.47 15.91 15.22 14.47 13.66 12.78 11.81 10.75 9.62 8.62 7.84 7.25 6.88 6.66 6.59 6.84 7.41 7.94 8.22 8.34 8.41 8.44 8.38 8.19 7.94 7.69 7.47 7.22 6.94 6.78 6.72 6.69 6.53 6.31 6.09 5.91 5.72 5.56 5.41 5.25 5.06 4.84 4.62 4.38 4.09 3.91 3.81 3.75 3.72 3.75 3.81 3.91 4.00
17.91 17.75 17.62 17.53 17.50 17.50 17.56 17.69 17.84 18.06 18.28 18.50 18.72 18.91 19.06 19.12 19.12 19.00 18.78 18.44 18.09 17.75 17.44 17.16 16.84 16.47 15.94 15.28 14.47 13.50 12.41 11.12 9.84 8.75 8.00 7.56 7.47 7.53 7.69 8.03 8.44 8.81 9.03 9.12 9.16 9.16 9.00 8.72 8.38 8.03 7.69 7.31 7.03 6.84 6.75 6.62 6.41 6.19 6.00 5.84 5.72 5.62 5.50 5.38 5.25 5.09 4.91 4.69 4.47 4.31 4.22 4.19 4.19 4.22 4.31 4.38 4.47
18.19 18.03 17.91 17.81 17.78 17.78 17.84 17.94 18.12 18.31 18.53 18.75 18.97 19.16 19.28 19.34 19.31 19.16 18.88 18.53 18.16 17.81 17.53 17.34 17.16 16.94 16.59 16.06 15.25 14.19 12.97 11.44 10.03 8.91 8.12 7.94 8.06 8.44 8.81 9.09 9.31 9.47 9.56 9.59 9.62 9.59 9.41 9.09 8.69 8.28 7.84 7.44 7.12 6.94 6.81 6.62 6.38 6.12 5.94 5.81 5.72 5.66 5.59 5.53 5.47 5.34 5.22 5.06 4.88 4.78 4.69 4.69 4.72 4.75 4.81 4.88 4.97
18.44 18.28 18.16 18.09 18.03 18.03 18.09 18.22 18.38 18.56 18.78 19.00 19.22 19.38 19.50 19.53 19.47 19.28 19.00 18.66 18.25 17.88 17.59 17.47 17.44 17.38 17.19 16.75 16.00 14.84 13.47 11.78 10.34 9.12 8.53 8.31 8.69 9.28 9.84 10.03 10.00 9.91 9.84 9.88 9.88 9.78 9.59 9.31 8.91 8.44 7.97 7.53 7.25 7.09 6.97 6.72 6.44 6.12 5.91 5.75 5.72 5.69 5.72 5.72 5.72 5.69 5.59 5.47 5.38 5.31 5.25 5.22 5.25 5.31 5.38 5.44 5.50
18.72 18.56 18.44 18.34 18.28 18.28 18.34 18.47 18.66 18.84 19.06 19.25 19.44 19.59 19.72 19.72 19.66 19.44 19.16 18.78 18.41 18.03 17.72 17.59 17.66 17.72 17.66 17.34 16.59 15.31 13.88 12.22 10.78 9.59 8.97 8.91 9.34 10.00 10.56 10.69 10.62 10.41 10.31 10.28 10.25 10.09 9.84 9.47 9.03 8.53 8.09 7.72 7.50 7.34 7.19 6.94 6.59 6.28 6.00 5.78 5.75 5.78 5.84 5.94 6.00 6.06 6.06 6.06 6.00 5.94 5.88 5.81 5.84 5.91 5.97 6.03 6.09
18.97 18.81 18.66 18.56 18.53 18.53 18.59 18.75 18.91 19.09 19.31 19.50 19.69 19.84 19.91 19.94 19.84 19.62 19.34 18.97 18.59 18.22 17.94 17.81 17.84 17.91 17.84 17.53 16.78 15.59 14.25 12.78 11.38 10.31 9.69 9.66 10.06 10.62 11.03 11.06 10.97 10.84 10.84 10.88 10.75 10.44 10.00 9.59 9.22 8.88 8.50 8.16 7.88 7.66 7.44 7.19 6.88 6.56 6.25 6.00 5.88 5.91 6.03 6.25 6.44 6.59 6.75 6.81 6.81 6.75 6.66 6.56 6.53 6.56 6.66 6.72 6.78
19.22 19.03 18.91 18.81 18.78 18.78 18.88 19.00 19.19 19.38 19.56 19.75 19.94 20.06 20.12 20.12 20.03 19.84 19.56 19.19 18.81 18.47 18.22 18.06 18.00 17.94 17.78 17.44 16.78 15.78 14.59 13.38 12.09 11.06 10.47 10.41 10.69 11.12 11.28 11.28 11.19 11.06 11.06 11.09 10.94 10.53 10.12 9.88 9.66 9.47 9.19 8.88 8.47 8.06 7.75 7.53 7.28 7.00 6.72 6.47 6.34 6.38 6.56 6.81 7.09 7.34 7.59 7.75 7.81 7.75 7.59 7.47 7.38 7.38 7.44 7.56 7.66
19.44 19.25 19.12 19.03 19.00 19.03 19.12 19.28 19.44 19.66 19.84 20.03 20.19 20.28 20.34 20.34 20.22 20.06 19.78 19.41 19.03 18.69 18.44 18.25 18.12 17.97 17.75 17.34 16.75 15.94 14.91 13.84 12.72 11.78 11.19 11.00 11.09 11.34 11.41 11.31 11.12 11.00 11.00 11.00 10.78 10.44 10.28 10.25 10.22 10.16 10.03 9.75 9.31 8.75 8.22 7.94 7.78 7.59 7.41 7.25 7.19 7.25 7.38 7.62 7.94 8.28 8.59 8.81 8.94 8.91 8.78 8.59 8.41 8.41 8.53 8.75 8.91
19.66 19.47 19.34 19.25 19.22 19.28 19.38 19.53 19.72 19.91 20.09 20.28 20.44 20.53 20.56 20.53 20.44 20.25 19.94 19.59 19.22 18.88 18.59 18.38 18.19 17.97 17.69 17.28 16.72 15.97 15.09 14.19 13.12 12.22 11.59 11.31 11.31 11.41 11.38 11.25 10.97 10.81 10.72 10.62 10.47 10.41 10.50 10.66 10.81 10.88 10.84 10.66 10.28 9.66 8.88 8.53 8.44 8.34 8.25 8.19 8.19 8.25 8.41 8.66 8.97 9.28 9.59 9.88 10.03 10.06 9.97 9.81 9.62 9.56 9.66 9.78 9.81
19.84 19.69 19.56 19.47 19.47 19.53 19.66 19.81 20.00 20.19 20.38 20.53 20.66 20.75 20.78 20.75 20.62 20.38 20.06 19.69 19.34 19.00 18.72 18.47 18.22 17.97 17.66 17.22 16.69 16.00 15.25 14.38 13.34 12.47 11.81 11.53 11.44 11.47 11.38 11.16 10.81 10.56 10.41 10.31 10.31 10.47 10.75 11.06 11.34 11.53 11.59 11.56 11.31 10.75 9.84 9.25 9.19 9.12 8.94 8.84 8.91 9.03 9.25 9.56 9.94 10.31 10.62 10.91 11.09 11.16 11.09 10.94 10.78 10.69 10.66 10.62 10.44
