arlandasctiles/Tile0,8.asc
ncols 128
nrows 128
xllcorner 0
yllcorner 0
cellsize 2.0
NODATA_value  -9999
[rows 64 to 95 of 128, columns 0 to 70 of 128]
-90.12 -90.12 -90.06 -90.00 -89.94 -89.91 -89.88 -89.84 -89.81 -89.81 -89.78 -89.78 -89.75 -89.75 -89.75 -89.72 -89.72 -89.72 -89.72 -89.50 -89.44 -89.34 -89.22 -89.16 -88.81 -88.47 -88.06 -87.69 -87.28 -87.03 -86.62 -86.12 -85.66 -84.69 -83.34 -82.16 -81.00 -79.84 -78.66 -77.47 -76.22 -75.00 -73.72 -72.38 -71.12 -69.88 -68.62 -67.44 -66.22 -65.03 -63.81 -62.59 -61.38 -60.12 -58.81 -57.38 -55.88 -54.38 -52.88 -51.41 -49.97 -48.56 -47.12 -45.50 -43.84 -42.38 -41.19 -40.00 -38.72 -37.28 -35.78
-90.19 -90.16 -90.09 -90.03 -90.00 -89.97 -89.91 -89.88 -89.84 -89.84 -89.81 -89.81 -89.78 -89.78 -89.78 -89.75 -89.75 -89.75 -89.75 -89.53 -89.47 -89.38 -89.28 -89.12 -89.00 -88.84 -88.66 -88.31 -87.88 -87.31 -86.72 -86.19 -85.59 -84.91 -84.06 -83.16 -82.00 -80.84 -79.66 -78.38 -77.06 -75.66 -73.94 -72.38 -71.00 -69.62 -68.28 -66.97 -65.62 -64.34 -63.06 -61.88 -60.69 -59.50 -58.25 -56.94 -55.53 -54.09 -52.59 -51.09 -49.56 -48.06 -46.47 -44.75 -43.00 -41.41 -40.06 -38.81 -37.44 -35.91 -34.31
-90.25 -90.22 -90.16 -90.09 -90.03 -90.00 -89.97 -89.94 -89.91 -89.88 -89.84 -89.81 -89.81 -89.81 -89.81 -89.78 -89.78 -89.78 -89.78 -89.56 -89.50 -89.41 -89.31 -89.16 -88.94 -88.53 -88.06 -87.62 -87.34 -86.91 -86.44 -85.94 -85.44 -84.81 -84.03 -82.97 -81.88 -80.69 -79.28 -77.81 -76.44 -75.09 -73.56 -72.09 -70.75 -69.41 -68.03 -66.62 -65.25 -63.84 -62.53 -61.28 -60.09 -58.88 -57.66 -56.41 -55.06 -53.69 -52.22 -50.66 -49.03 -47.38 -45.72 -43.97 -42.12 -40.34 -38.75 -37.28 -35.81 -34.28 -32.81
-90.31 -90.28 -90.19 -90.12 -90.09 -90.03 -90.00 -89.97 -89.94 -89.91 -89.88 -89.84 -89.84 -89.84 -89.84 -89.81 -89.81 -89.81 -89.81 -89.56 -89.50 -89.41 -89.31 -89.16 -89.03 -88.81 -88.38 -87.97 -87.41 -86.94 -86.41 -85.88 -85.34 -84.59 -83.38 -82.09 -80.91 -79.88 -78.94 -77.81 -76.47 -75.09 -73.75 -72.25 -70.75 -69.38 -68.00 -66.62 -65.19 -63.75 -62.34 -61.03 -59.75 -58.47 -57.19 -55.88 -54.53 -53.09 -51.56 -49.88 -48.12 -46.41 -44.81 -43.12 -41.28 -39.34 -37.50 -35.78 -34.16 -32.69 -31.38
-90.38 -90.34 -90.25 -90.19 -90.12 -90.06 -90.03 -90.00 -89.97 -89.94 -89.91 -89.91 -89.88 -89.88 -89.88 -89.84 -89.84 -89.84 -89.84 -89.59 -89.50 -89.41 -89.28 -89.16 -88.88 -88.38 -88.06 -87.81 -87.16 -86.28 -85.66 -85.09 -84.44 -83.69 -82.69 -81.31 -79.91 -78.62 -77.53 -76.50 -75.47 -74.38 -73.25 -72.03 -70.69 -69.28 -67.91 -66.56 -65.22 -63.84 -62.47 -61.09 -59.72 -58.31 -56.94 -55.50 -53.97 -52.38 -50.69 -48.88 -46.97 -45.25 -43.69 -42.16 -40.44 -38.50 -36.50 -34.59 -32.81 -31.28 -30.12
-90.22 -90.38 -90.31 -90.22 -90.16 -90.12 -90.09 -90.03 -90.00 -89.97 -89.94 -89.94 -89.91 -89.91 -89.91 -89.88 -89.88 -89.88 -89.66 -89.59 -89.50 -89.41 -89.28 -89.16 -89.00 -88.81 -88.41 -88.12 -87.75 -87.00 -86.00 -85.12 -84.31 -83.41 -82.25 -80.91 -79.50 -78.12 -76.84 -75.66 -74.53 -73.44 -72.41 -71.47 -70.50 -69.28 -67.97 -66.59 -65.22 -63.84 -62.47 -61.09 -59.69 -58.28 -56.81 -55.22 -53.53 -51.69 -49.78 -47.84 -45.88 -44.12 -42.56 -41.09 -39.53 -37.78 -35.81 -33.78 -31.88 -30.28 -29.09
-90.28 -90.44 -90.34 -90.28 -90.22 -90.16 -90.12 -90.09 -90.06 -90.00 -90.00 -89.97 -89.94 -89.94 -89.94 -89.91 -89.91 -89.91 -89.69 -89.59 -89.53 -89.41 -89.28 -89.00 -88.78 -88.47 -88.41 -87.94 -87.19 -86.53 -86.28 -85.50 -84.50 -83.59 -82.53 -81.22 -79.75 -78.22 -76.72 -75.31 -73.97 -72.69 -71.53 -70.47 -69.44 -68.38 -67.16 -65.84 -64.50 -63.19 -61.91 -60.66 -59.41 -58.09 -56.66 -55.06 -53.22 -51.16 -49.03 -46.94 -45.00 -43.25 -41.66 -40.12 -38.62 -37.03 -35.25 -33.28 -31.38 -29.75 -28.44
-90.31 -90.31 -90.41 -90.31 -90.25 -90.22 -90.16 -90.12 -90.09 -90.06 -90.03 -90.00 -89.97 -89.97 -89.97 -89.94 -89.94 -89.94 -89.69 -89.62 -89.53 -89.41 -89.28 -89.06 -88.88 -88.56 -88.22 -88.00 -87.59 -87.12 -86.28 -85.62 -84.81 -83.78 -82.72 -81.53 -80.16 -78.62 -77.06 -75.56 -74.06 -72.59 -71.22 -70.00 -68.88 -67.75 -66.50 -65.16 -63.78 -62.44 -61.19 -60.00 -58.88 -57.66 -56.34 -54.75 -52.84 -50.66 -48.41 -46.28 -44.41 -42.66 -41.00 -39.31 -37.69 -36.16 -34.56 -32.88 -31.12 -29.53 -28.12
-90.38 -90.34 -90.47 -90.38 -90.31 -90.25 -90.22 -90.16 -90.12 -90.09 -90.06 -90.03 -90.00 -90.00 -90.00 -89.97 -89.97 -89.97 -89.72 -89.62 -89.53 -89.44 -89.28 -89.12 -88.81 -88.56 -88.38 -88.06 -87.56 -87.16 -86.66 -85.94 -84.88 -84.00 -82.75 -81.53 -80.34 -78.88 -77.28 -75.72 -74.16 -72.59 -71.09 -69.72 -68.47 -67.22 -65.91 -64.56 -63.19 -61.88 -60.62 -59.44 -58.22 -56.97 -55.59 -54.00 -52.09 -49.94 -47.75 -45.75 -43.94 -42.19 -40.38 -38.50 -36.66 -35.00 -33.53 -32.12 -30.69 -29.25 -27.78
-90.44 -90.41 -90.53 -90.44 -90.38 -90.31 -90.25 -90.22 -90.19 -90.12 -90.09 -90.06 -90.06 -90.03 -90.03 -90.00 -90.00 -90.00 -89.75 -89.66 -89.56 -89.44 -89.31 -89.12 -88.97 -88.72 -88.19 -87.88 -87.47 -87.06 -86.22 -85.34 -84.50 -83.88 -83.12 -82.12 -81.00 -79.44 -77.66 -76.00 -74.41 -72.81 -71.31 -69.91 -68.56 -67.22 -65.88 -64.47 -63.09 -61.72 -60.41 -59.06 -57.59 -56.03 -54.41 -52.78 -50.97 -48.94 -46.97 -45.16 -43.47 -41.69 -39.72 -37.62 -35.59 -33.69 -32.12 -30.88 -29.75 -28.56 -27.19
-90.50 -90.47 -90.59 -90.50 -90.41 -90.34 -90.31 -90.25 -90.22 -90.19 -90.16 -90.12 -90.09 -90.06 -90.06 -90.03 -90.03 -89.81 -89.75 -89.69 -89.59 -89.47 -89.31 -89.16 -88.88 -88.59 -88.34 -87.97 -87.56 -87.06 -86.25 -85.44 -84.34 -82.97 -81.88 -80.94 -80.09 -79.03 -77.72 -76.28 -74.75 -73.22 -71.75 -70.31 -68.88 -67.44 -66.00 -64.56 -63.09 -61.66 -60.25 -58.72 -56.97 -55.03 -53.16 -51.44 -49.72 -47.91 -46.09 -44.47 -42.91 -41.09 -39.03 -36.78 -34.56 -32.44 -30.72 -29.47 -28.53 -27.53 -26.31
-90.56 -90.53 -90.66 -90.56 -90.47 -90.41 -90.34 -90.31 -90.28 -90.22 -90.19 -90.16 -90.12 -90.09 -90.09 -90.06 -90.06 -89.84 -89.78 -89.72 -89.59 -89.50 -89.34 -89.19 -88.97 -88.62 -88.28 -88.06 -87.56 -87.03 -86.38 -85.69 -84.50 -83.72 -82.66 -81.44 -80.00 -78.41 -76.91 -75.53 -74.12 -72.75 -71.34 -69.97 -68.56 -67.12 -65.72 -64.28 -62.88 -61.47 -60.03 -58.44 -56.50 -54.28 -52.19 -50.34 -48.72 -47.06 -45.44 -43.88 -42.31 -40.50 -38.38 -36.06 -33.69 -31.47 -29.66 -28.34 -27.38 -26.44 -25.38
-90.62 -90.59 -90.72 -90.62 -90.53 -90.47 -90.41 -90.34 -90.31 -90.28 -90.25 -90.19 -90.16 -90.12 -90.12 -90.09 -90.09 -89.88 -89.81 -89.72 -89.62 -89.50 -89.38 -89.22 -88.97 -88.66 -88.44 -87.81 -86.97 -86.31 -85.81 -85.31 -84.38 -82.94 -81.47 -80.22 -79.19 -78.22 -77.03 -75.62 -74.16 -72.66 -71.22 -69.78 -68.34 -66.91 -65.47 -64.06 -62.69 -61.34 -59.88 -58.19 -56.12 -53.81 -51.66 -49.78 -48.22 -46.69 -45.09 -43.47 -41.81 -39.94 -37.78 -35.44 -33.06 -30.84 -29.06 -27.69 -26.59 -25.59 -24.53
-90.69 -90.66 -90.78 -90.66 -90.59 -90.50 -90.47 -90.41 -90.38 -90.31 -90.28 -90.25 -90.22 -90.19 -90.16 -90.12 -90.12 -89.91 -89.84 -89.75 -89.66 -89.53 -89.41 -89.22 -88.97 -88.66 -88.56 -88.19 -87.50 -86.66 -85.59 -84.53 -83.34 -82.22 -80.97 -79.69 -78.41 -77.22 -76.12 -74.97 -73.72 -72.31 -70.91 -69.47 -68.09 -66.78 -65.44 -64.09 -62.75 -61.38 -59.81 -57.94 -55.91 -53.75 -51.75 -49.94 -48.38 -46.78 -45.09 -43.34 -41.47 -39.44 -37.25 -34.97 -32.69 -30.62 -28.91 -27.53 -26.34 -25.19 -24.03
-90.72 -90.69 -90.62 -90.72 -90.66 -90.56 -90.50 -90.47 -90.41 -90.38 -90.31 -90.28 -90.25 -90.22 -90.19 -90.19 -90.16 -89.94 -89.88 -89.78 -89.69 -89.56 -89.41 -89.28 -88.97 -88.72 -88.59 -87.84 -86.91 -86.03 -85.12 -83.91 -82.69 -81.56 -80.31 -79.06 -77.84 -76.69 -75.53 -74.38 -73.12 -71.84 -70.50 -69.16 -67.81 -66.56 -65.34 -64.09 -62.78 -61.38 -59.81 -57.94 -56.06 -54.19 -52.41 -50.72 -49.06 -47.34 -45.50 -43.53 -41.44 -39.22 -36.94 -34.72 -32.62 -30.72 -29.12 -27.72 -26.41 -25.12 -23.81
-90.78 -90.75 -90.69 -90.78 -90.69 -90.62 -90.56 -90.50 -90.47 -90.41 -90.38 -90.34 -90.31 -90.25 -90.25 -90.22 -90.19 -89.97 -89.88 -89.81 -89.69 -89.56 -89.44 -89.28 -89.09 -88.81 -88.53 -88.06 -87.03 -85.94 -84.62 -83.47 -82.28 -81.12 -79.97 -78.69 -77.41 -76.19 -74.97 -73.81 -72.72 -71.59 -70.47 -69.25 -68.00 -66.78 -65.47 -64.12 -62.75 -61.34 -59.84 -58.28 -56.59 -54.91 -53.31 -51.69 -49.94 -48.09 -46.12 -44.03 -41.78 -39.41 -37.03 -34.81 -32.78 -31.00 -29.44 -28.00 -26.56 -25.12 -23.75
-90.84 -90.81 -90.75 -90.84 -90.75 -90.69 -90.62 -90.56 -90.50 -90.47 -90.41 -90.38 -90.34 -90.31 -90.28 -90.25 -90.25 -90.00 -89.91 -89.81 -89.69 -89.56 -89.41 -89.22 -89.00 -88.72 -88.44 -87.53 -86.97 -86.25 -84.97 -83.69 -82.56 -81.31 -79.94 -78.56 -77.22 -75.97 -74.78 -73.59 -72.47 -71.41 -70.28 -69.12 -67.97 -66.78 -65.50 -64.16 -62.75 -61.31 -59.84 -58.34 -56.88 -55.38 -53.88 -52.28 -50.56 -48.75 -46.78 -44.62 -42.34 -39.94 -37.50 -35.22 -33.16 -31.41 -29.81 -28.25 -26.72 -25.19 -23.72
-90.91 -90.84 -90.78 -90.91 -90.81 -90.75 -90.66 -90.62 -90.56 -90.50 -90.47 -90.44 -90.38 -90.34 -90.31 -90.31 -90.28 -90.00 -89.94 -89.81 -89.72 -89.56 -89.41 -89.19 -88.91 -88.66 -88.50 -88.00 -87.50 -86.81 -85.84 -84.47 -82.94 -81.47 -80.12 -78.75 -77.47 -76.31 -75.19 -73.97 -72.72 -71.47 -70.25 -68.94 -67.59 -66.25 -64.94 -63.66 -62.41 -61.06 -59.69 -58.28 -56.88 -55.47 -54.03 -52.53 -50.91 -49.19 -47.34 -45.28 -43.00 -40.62 -38.19 -35.88 -33.81 -31.97 -30.31 -28.69 -27.03 -25.38 -23.84
-90.94 -90.91 -90.84 -90.97 -90.88 -90.81 -90.72 -90.66 -90.62 -90.56 -90.53 -90.47 -90.44 -90.41 -90.38 -90.34 -90.12 -90.03 -89.94 -89.84 -89.72 -89.56 -89.44 -89.19 -88.91 -88.56 -88.38 -87.91 -87.44 -86.50 -85.56 -84.81 -83.81 -82.53 -81.03 -79.59 -78.34 -77.03 -75.62 -74.19 -72.75 -71.41 -70.09 -68.69 -67.28 -65.84 -64.44 -63.12 -61.88 -60.62 -59.38 -58.09 -56.78 -55.50 -54.12 -52.72 -51.22 -49.66 -47.91 -45.91 -43.75 -41.41 -39.03 -36.75 -34.69 -32.84 -31.06 -29.31 -27.50 -25.75 -24.19
-91.00 -90.97 -90.88 -91.03 -90.94 -90.84 -90.78 -90.72 -90.66 -90.62 -90.56 -90.53 -90.47 -90.44 -90.41 -90.38 -90.12 -90.06 -89.97 -89.84 -89.72 -89.56 -89.38 -89.12 -88.78 -88.47 -87.88 -87.25 -86.75 -86.22 -85.28 -84.22 -83.25 -82.25 -81.12 -79.97 -78.75 -77.28 -75.72 -74.16 -72.66 -71.25 -69.97 -68.66 -67.25 -65.78 -64.34 -62.94 -61.62 -60.44 -59.25 -58.09 -56.91 -55.69 -54.41 -53.06 -51.66 -50.12 -48.50 -46.59 -44.50 -42.25 -39.97 -37.78 -35.75 -33.84 -31.97 -30.03 -28.09 -26.28 -24.72
-91.03 -91.00 -90.94 -90.88 -91.00 -90.91 -90.84 -90.78 -90.72 -90.66 -90.62 -90.56 -90.53 -90.50 -90.47 -90.44 -90.16 -90.09 -89.97 -89.84 -89.72 -89.56 -89.38 -89.09 -88.81 -88.47 -88.12 -87.69 -87.19 -86.56 -85.78 -84.81 -83.81 -82.78 -81.69 -80.75 -79.25 -77.88 -76.56 -74.97 -73.38 -71.88 -70.47 -69.09 -67.72 -66.25 -64.78 -63.31 -61.94 -60.69 -59.50 -58.34 -57.19 -56.00 -54.75 -53.41 -52.03 -50.59 -49.03 -47.25 -45.31 -43.19 -41.00 -38.88 -36.81 -34.78 -32.72 -30.66 -28.66 -26.81 -25.28
-91.06 -91.03 -90.97 -90.94 -91.03 -90.97 -90.88 -90.81 -90.75 -90.72 -90.66 -90.62 -90.56 -90.53 -90.50 -90.28 -90.19 -90.09 -90.00 -89.88 -89.72 -89.53 -89.34 -89.03 -88.75 -88.44 -88.25 -87.75 -87.19 -86.12 -85.12 -84.16 -83.12 -82.12 -81.28 -80.62 -79.69 -78.50 -76.88 -74.88 -73.28 -71.88 -70.56 -69.31 -68.06 -66.72 -65.31 -63.88 -62.50 -61.22 -60.03 -58.84 -57.66 -56.44 -55.12 -53.72 -52.34 -50.91 -49.44 -47.81 -46.03 -44.12 -42.06 -39.91 -37.69 -35.47 -33.28 -31.12 -29.09 -27.31 -25.84
-91.12 -91.09 -91.03 -90.97 -91.09 -91.00 -90.94 -90.88 -90.81 -90.75 -90.72 -90.66 -90.62 -90.59 -90.56 -90.31 -90.22 -90.12 -90.00 -89.88 -89.69 -89.53 -89.34 -89.09 -88.75 -88.41 -88.22 -87.62 -86.66 -85.81 -84.91 -83.91 -82.84 -81.69 -80.41 -79.25 -78.16 -77.03 -76.16 -75.06 -73.66 -72.31 -71.00 -69.66 -68.38 -67.09 -65.78 -64.44 -63.12 -61.84 -60.62 -59.44 -58.19 -56.84 -55.44 -53.97 -52.56 -51.22 -49.81 -48.31 -46.72 -45.03 -43.09 -40.91 -38.53 -36.16 -33.81 -31.59 -29.56 -27.84 -26.47
-91.16 -91.12 -91.06 -91.00 -91.12 -91.06 -90.97 -90.91 -90.84 -90.81 -90.75 -90.72 -90.69 -90.62 -90.41 -90.34 -90.25 -90.12 -90.00 -89.84 -89.69 -89.47 -89.19 -88.94 -88.66 -88.31 -87.84 -87.19 -86.41 -85.47 -84.53 -83.56 -82.50 -81.31 -80.06 -78.91 -77.78 -76.62 -75.41 -74.72 -73.62 -72.28 -70.94 -69.59 -68.25 -67.00 -65.84 -64.66 -63.44 -62.22 -60.97 -59.72 -58.41 -57.06 -55.66 -54.25 -52.91 -51.59 -50.28 -48.91 -47.47 -45.94 -44.12 -41.94 -39.53 -37.00 -34.56 -32.31 -30.31 -28.66 -27.38
-91.19 -91.16 -91.09 -91.03 -91.16 -91.09 -91.03 -90.97 -90.91 -90.84 -90.81 -90.75 -90.72 -90.69 -90.44 -90.38 -90.28 -90.16 -90.03 -89.84 -89.69 -89.47 -89.19 -88.88 -88.59 -88.41 -87.94 -87.06 -86.50 -85.84 -84.81 -83.75 -82.72 -81.62 -80.44 -79.09 -77.94 -77.06 -76.06 -74.81 -73.53 -72.22 -70.91 -69.72 -68.53 -67.34 -66.22 -65.03 -63.84 -62.56 -61.28 -59.97 -58.66 -57.34 -56.00 -54.69 -53.38 -52.12 -50.84 -49.53 -48.19 -46.75 -45.03 -42.97 -40.56 -38.03 -35.59 -33.34 -31.44 -29.91 -28.72
-91.22 -91.19 -91.12 -91.06 -91.19 -91.12 -91.06 -91.00 -90.94 -90.91 -90.84 -90.81 -90.78 -90.75 -90.47 -90.41 -90.28 -90.16 -90.03 -89.88 -89.66 -89.44 -89.19 -88.88 -88.50 -88.22 -87.81 -87.28 -86.69 -86.16 -85.50 -84.62 -83.44 -82.12 -80.91 -79.75 -78.44 -77.25 -76.09 -74.97 -73.84 -72.62 -71.44 -70.25 -69.09 -67.91 -66.75 -65.50 -64.22 -62.88 -61.59 -60.31 -59.06 -57.81 -56.53 -55.22 -53.91 -52.66 -51.38 -50.09 -48.81 -47.41 -45.75 -43.78 -41.50 -39.09 -36.78 -34.72 -32.97 -31.53 -30.31
-91.22 -91.19 -91.16 -91.09 -91.22 -91.16 -91.09 -91.03 -91.00 -90.94 -90.91 -90.84 -90.81 -90.59 -90.50 -90.41 -90.31 -90.19 -90.03 -89.88 -89.66 -89.44 -89.16 -88.84 -88.53 -88.25 -87.72 -87.12 -86.56 -86.06 -85.06 -84.09 -83.44 -82.59 -81.47 -80.22 -79.03 -78.09 -77.19 -76.03 -74.81 -73.53 -72.25 -70.94 -69.50 -68.16 -66.94 -65.69 -64.47 -63.22 -62.03 -60.81 -59.62 -58.38 -57.06 -55.72 -54.44 -53.16 -51.91 -50.62 -49.31 -47.94 -46.34 -44.47 -42.38 -40.19 -38.09 -36.22 -34.62 -33.22 -31.84
-91.25 -91.22 -91.16 -91.31 -91.25 -91.19 -91.12 -91.06 -91.03 -90.97 -90.94 -90.91 -90.88 -90.62 -90.53 -90.44 -90.34 -90.19 -90.03 -89.88 -89.69 -89.44 -89.19 -88.84 -88.56 -87.88 -87.28 -86.75 -86.44 -85.94 -85.22 -84.31 -82.84 -81.84 -81.09 -80.41 -79.50 -78.28 -76.94 -75.66 -74.50 -73.25 -72.06 -71.03 -69.78 -68.50 -67.28 -66.09 -64.91 -63.75 -62.56 -61.38 -60.16 -58.84 -57.53 -56.19 -54.91 -53.66 -52.41 -51.12 -49.84 -48.53 -47.03 -45.28 -43.34 -41.34 -39.44 -37.72 -36.16 -34.69 -33.16
-91.25 -91.22 -91.19 -91.31 -91.25 -91.22 -91.16 -91.09 -91.06 -91.03 -90.97 -90.94 -90.91 -90.66 -90.56 -90.47 -90.34 -90.22 -90.06 -89.88 -89.66 -89.41 -89.16 -88.81 -88.62 -88.09 -87.41 -86.47 -85.56 -84.78 -84.06 -83.47 -83.16 -82.28 -81.44 -80.16 -78.97 -77.91 -76.88 -75.84 -74.78 -73.78 -72.75 -71.69 -70.38 -69.06 -67.84 -66.66 -65.50 -64.31 -63.09 -61.88 -60.62 -59.28 -57.94 -56.62 -55.38 -54.16 -52.94 -51.69 -50.50 -49.25 -47.88 -46.28 -44.44 -42.50 -40.66 -38.97 -37.41 -35.88 -34.28
-91.25 -91.22 -91.38 -91.31 -91.28 -91.22 -91.16 -91.12 -91.09 -91.03 -91.00 -90.97 -90.75 -90.69 -90.59 -90.50 -90.38 -90.22 -90.06 -89.88 -89.66 -89.34 -89.09 -88.81 -88.50 -88.28 -87.50 -86.59 -86.06 -85.41 -84.59 -83.75 -82.81 -82.00 -81.41 -80.53 -79.47 -78.38 -77.34 -76.41 -75.47 -74.53 -73.47 -72.09 -70.78 -69.59 -68.41 -67.22 -66.03 -64.81 -63.59 -62.31 -61.03 -59.72 -58.38 -57.09 -55.88 -54.69 -53.53 -52.38 -51.25 -50.09 -48.78 -47.25 -45.47 -43.56 -41.72 -40.03 -38.44 -36.91 -35.28
-91.25 -91.25 -91.38 -91.31 -91.28 -91.22 -91.19 -91.12 -91.09 -91.06 -91.03 -91.00 -90.78 -90.69 -90.62 -90.50 -90.38 -90.22 -90.06 -89.84 -89.62 -89.34 -89.03 -88.72 -88.41 -88.16 -87.56 -86.91 -85.97 -84.94 -84.09 -83.31 -82.53 -81.59 -80.72 -79.94 -79.06 -78.16 -77.31 -76.47 -75.53 -74.56 -73.56 -72.38 -71.09 -69.88 -68.72 -67.56 -66.41 -65.19 -63.97 -62.72 -61.44 -60.12 -58.84 -57.62 -56.47 -55.34 -54.25 -53.16 -52.00 -50.81 -49.50 -48.00 -46.34 -44.53 -42.72 -41.00 -39.41 -37.78 -36.06
-91.25 -91.22 -91.38 -91.31 -91.28 -91.22 -91.19 -91.16 -91.12 -91.09 -91.06 -91.03 -90.78 -90.72 -90.62 -90.50 -90.38 -90.22 -90.03 -89.84 -89.59 -89.31 -89.03 -88.69 -88.34 -87.94 -87.59 -87.00 -86.12 -85.28 -84.34 -83.34 -82.47 -81.78 -81.22 -80.59 -79.75 -78.66 -77.41 -76.16 -75.06 -74.06 -73.03 -71.97 -70.88 -69.81 -68.75 -67.69 -66.62 -65.50 -64.34 -63.12 -61.84 -60.59 -59.38 -58.25 -57.12 -56.06 -54.97 -53.84 -52.66 -51.38 -50.06 -48.66 -47.16 -45.50 -43.75 -42.00 -40.28 -38.50 -36.62
