arlandasctiles/Tile11,2.asc
ncols 128
nrows 128
xllcorner 0
yllcorner 0
cellsize 2.0
NODATA_value  -9999
[rows 32 to 63 of 128, columns 0 to 70 of 128]
-23.81 -23.75 -23.34 -23.44 -22.62 -22.41 -22.75 -22.62 -22.56 -21.84 -21.69 -21.12 -20.94 -21.28 -21.06 -20.41 -19.97 -19.94 -19.69 -19.47 -19.78 -20.00 -20.22 -19.78 -21.66 -19.81 -19.75 -19.53 -18.97 -18.78 -19.47 -19.31 -18.41 -18.03 -18.94 -18.34 -17.94 -17.84 -17.72 -17.34 -17.91 -17.06 -17.34 -16.75 -16.31 -16.59 -16.06 -15.66 -15.41 -15.19 -14.88 -14.81 -14.72 -14.56 -14.97 -14.81 -14.34 -14.22 -14.47 -14.19 -14.09 -14.06 -13.97 -14.06 -13.62 -13.44 -13.59 -13.69 -14.06 -13.84 -13.81
-24.38 -24.31 -24.19 -24.12 -23.19 -23.06 -23.31 -23.31 -22.88 -22.09 -22.06 -21.44 -21.84 -21.88 -21.06 -20.56 -20.44 -20.34 -20.00 -20.00 -20.22 -20.28 -21.12 -20.28 -22.44 -20.25 -20.69 -19.84 -19.47 -19.56 -20.09 -19.12 -18.91 -18.56 -19.84 -18.56 -18.56 -18.22 -18.41 -17.91 -18.50 -17.47 -18.22 -17.12 -17.12 -17.09 -16.41 -16.31 -15.97 -15.59 -15.31 -15.34 -15.16 -15.09 -15.50 -15.34 -14.94 -14.81 -14.84 -14.78 -14.53 -14.59 -14.53 -14.56 -14.03 -13.94 -14.03 -14.12 -14.53 -14.34 -14.22
-24.91 -24.84 -24.75 -24.53 -23.94 -23.81 -24.06 -23.78 -23.00 -22.75 -22.31 -22.00 -22.56 -22.38 -21.38 -20.97 -21.03 -20.78 -20.44 -20.56 -20.81 -20.56 -21.78 -20.81 -23.03 -20.81 -21.38 -20.22 -20.12 -20.34 -20.66 -19.50 -19.44 -19.03 -20.38 -19.03 -19.16 -18.56 -19.03 -18.59 -18.88 -17.88 -18.81 -17.62 -17.84 -17.38 -17.03 -16.88 -16.41 -16.03 -15.97 -15.88 -15.62 -15.72 -15.97 -16.16 -15.59 -15.50 -15.25 -15.41 -15.16 -15.16 -15.28 -15.00 -14.56 -14.47 -14.53 -14.62 -15.03 -14.84 -14.75
-25.50 -25.44 -25.38 -24.91 -24.84 -24.44 -24.91 -24.31 -23.44 -23.38 -22.62 -23.22 -23.09 -22.59 -21.62 -21.44 -21.56 -21.34 -21.06 -21.22 -21.38 -21.19 -22.25 -21.44 -23.50 -21.22 -21.78 -20.81 -20.75 -21.16 -21.00 -19.91 -19.88 -19.50 -20.69 -19.59 -19.56 -18.97 -19.75 -19.19 -19.28 -18.44 -19.16 -18.22 -18.47 -17.69 -17.78 -17.28 -16.88 -16.59 -16.66 -16.28 -16.12 -16.28 -16.53 -16.84 -16.22 -16.22 -15.84 -16.00 -15.84 -15.72 -16.03 -15.44 -15.16 -15.03 -15.03 -15.22 -15.56 -15.38 -15.34
-26.09 -26.03 -26.03 -25.59 -25.56 -25.56 -25.66 -24.50 -24.44 -23.75 -23.31 -23.88 -23.47 -22.91 -22.12 -22.06 -22.22 -22.00 -21.69 -21.94 -21.84 -22.19 -22.47 -22.41 -23.81 -21.81 -22.12 -21.59 -21.44 -21.72 -21.00 -20.44 -20.38 -20.19 -21.03 -20.00 -19.94 -19.56 -20.56 -19.66 -19.62 -19.09 -19.56 -18.91 -19.00 -18.28 -18.50 -17.69 -17.41 -17.25 -17.16 -16.88 -16.72 -16.81 -17.22 -17.47 -16.81 -16.88 -16.44 -16.69 -16.44 -16.50 -16.66 -15.97 -15.78 -15.62 -15.62 -15.81 -16.12 -16.00 -15.91
-26.69 -26.66 -26.66 -26.28 -26.38 -26.25 -26.00 -25.06 -25.25 -24.25 -24.47 -24.66 -23.66 -23.41 -22.88 -22.72 -22.88 -22.75 -22.50 -22.66 -22.38 -23.28 -22.56 -24.00 -23.88 -22.44 -22.56 -22.31 -22.06 -22.31 -21.34 -21.00 -20.97 -20.75 -21.38 -20.44 -20.38 -20.19 -21.16 -20.12 -20.12 -19.75 -20.12 -19.59 -19.25 -19.31 -18.78 -18.19 -18.03 -17.88 -17.62 -17.47 -17.28 -17.41 -18.00 -18.00 -17.41 -17.44 -17.16 -17.34 -17.09 -17.34 -17.12 -16.56 -16.34 -16.22 -16.28 -16.44 -16.62 -16.62 -16.44
-27.28 -27.28 -27.28 -27.03 -27.06 -26.91 -26.25 -25.81 -25.78 -24.91 -25.56 -25.25 -24.28 -24.09 -23.59 -23.41 -23.53 -23.62 -23.31 -23.47 -23.31 -24.16 -23.25 -25.03 -23.44 -23.19 -23.06 -23.03 -22.69 -22.75 -21.81 -21.66 -21.47 -21.31 -21.88 -20.94 -20.91 -20.69 -21.69 -20.78 -20.59 -20.38 -20.75 -19.97 -19.88 -20.09 -19.16 -18.72 -18.62 -18.44 -18.22 -18.00 -17.97 -17.97 -18.53 -18.50 -18.06 -18.06 -17.94 -18.00 -17.97 -18.12 -17.47 -17.12 -16.94 -16.81 -16.94 -17.00 -17.22 -17.16 -16.97
-27.84 -27.88 -27.84 -27.75 -27.69 -27.56 -26.75 -26.84 -26.25 -26.09 -26.31 -25.41 -25.12 -25.03 -24.28 -24.19 -24.16 -24.38 -24.06 -24.19 -24.19 -24.84 -24.00 -26.00 -23.94 -24.22 -23.56 -23.94 -23.41 -23.03 -22.25 -22.38 -21.94 -22.06 -22.41 -21.53 -21.50 -21.19 -22.25 -21.47 -21.16 -21.03 -21.41 -20.50 -20.69 -20.59 -19.72 -19.34 -19.28 -19.09 -18.78 -18.56 -18.66 -18.56 -19.12 -18.97 -18.78 -18.81 -18.69 -18.72 -18.97 -18.66 -17.97 -17.66 -17.47 -17.50 -17.59 -17.53 -17.84 -17.62 -17.56
-28.47 -28.50 -28.47 -28.31 -28.38 -28.16 -27.66 -27.69 -26.91 -27.28 -26.91 -26.09 -26.22 -25.62 -25.09 -24.94 -24.94 -25.12 -25.19 -24.97 -24.88 -25.53 -24.66 -26.72 -24.69 -25.06 -24.19 -24.62 -24.09 -23.31 -22.78 -23.09 -22.56 -22.81 -22.81 -22.09 -22.06 -21.81 -22.84 -21.94 -21.84 -21.72 -22.12 -21.06 -21.41 -20.81 -20.28 -20.09 -19.91 -19.69 -19.38 -19.19 -19.34 -19.28 -19.84 -19.59 -19.62 -19.69 -19.47 -19.53 -19.75 -18.94 -18.56 -18.22 -18.06 -18.16 -18.19 -18.06 -18.50 -18.22 -18.19
-29.09 -29.09 -29.16 -28.91 -29.16 -28.50 -28.75 -28.25 -27.78 -28.03 -27.19 -26.81 -27.12 -26.19 -25.94 -25.81 -25.91 -26.00 -26.28 -25.62 -25.69 -26.22 -25.38 -27.38 -25.34 -26.00 -24.88 -25.38 -24.50 -23.88 -23.56 -23.66 -23.38 -23.44 -23.22 -22.75 -22.56 -22.44 -23.50 -22.44 -22.62 -22.56 -22.75 -21.84 -22.09 -21.22 -20.94 -20.78 -20.56 -20.31 -20.03 -19.88 -20.09 -20.16 -20.69 -20.25 -20.47 -20.56 -20.38 -20.66 -20.41 -19.50 -19.22 -18.81 -18.72 -18.88 -18.84 -18.75 -19.19 -18.91 -18.88
-29.69 -29.69 -29.94 -29.66 -29.84 -29.19 -29.53 -28.69 -28.72 -28.81 -27.69 -27.75 -27.69 -27.09 -26.75 -26.69 -26.78 -26.97 -27.28 -26.34 -26.47 -26.81 -26.00 -28.03 -26.00 -26.84 -25.66 -26.19 -24.91 -24.72 -24.28 -24.25 -24.25 -24.00 -23.72 -23.38 -23.19 -23.22 -24.22 -23.09 -23.62 -23.31 -23.34 -22.75 -22.62 -21.78 -21.62 -21.31 -21.28 -20.97 -20.72 -20.66 -20.91 -21.16 -21.53 -20.97 -21.38 -21.41 -21.38 -21.56 -20.81 -20.22 -19.84 -19.50 -19.47 -19.62 -19.53 -19.59 -19.88 -19.72 -19.59
-30.28 -30.25 -30.50 -30.28 -30.47 -30.06 -30.28 -29.28 -29.69 -29.25 -28.44 -28.69 -28.34 -28.00 -27.69 -27.56 -27.59 -27.97 -28.22 -27.22 -27.16 -27.53 -26.81 -28.66 -26.66 -27.56 -26.50 -26.91 -25.44 -25.44 -25.00 -25.03 -24.94 -24.56 -24.28 -23.94 -23.97 -23.94 -24.97 -23.81 -24.44 -23.81 -23.94 -23.41 -22.97 -22.47 -22.22 -22.03 -22.06 -21.62 -21.38 -21.41 -21.78 -22.03 -22.41 -21.84 -22.22 -22.22 -22.47 -22.41 -21.47 -20.97 -20.53 -20.28 -20.25 -20.44 -20.34 -20.44 -20.62 -20.50 -20.34
-30.84 -30.84 -31.06 -30.84 -31.03 -30.84 -30.97 -30.19 -30.53 -29.66 -29.31 -29.47 -29.22 -28.81 -28.59 -28.44 -28.53 -28.97 -28.97 -27.97 -27.97 -28.09 -27.62 -29.25 -27.41 -28.16 -27.66 -27.16 -26.19 -26.16 -25.88 -25.78 -25.50 -25.22 -24.94 -24.59 -24.91 -24.59 -25.72 -24.53 -25.28 -24.47 -24.69 -23.81 -23.53 -23.16 -22.88 -23.03 -22.69 -22.31 -22.09 -22.16 -22.66 -22.75 -23.34 -22.78 -23.16 -23.12 -23.41 -23.06 -22.22 -21.75 -21.41 -21.09 -21.09 -21.25 -21.19 -21.28 -21.50 -21.28 -21.12
-31.41 -31.41 -31.62 -31.47 -31.78 -31.38 -31.59 -31.34 -31.09 -30.34 -30.28 -30.19 -30.28 -29.56 -29.66 -29.34 -29.47 -29.84 -29.62 -28.75 -28.94 -28.59 -28.31 -29.84 -28.12 -28.78 -28.34 -27.38 -27.16 -26.75 -26.72 -26.44 -26.16 -25.88 -25.56 -25.44 -25.72 -25.41 -26.50 -25.31 -26.12 -25.28 -25.56 -24.44 -24.22 -23.94 -23.69 -23.97 -23.38 -23.09 -22.84 -23.06 -23.56 -23.50 -24.31 -23.88 -24.16 -24.12 -24.19 -23.88 -22.97 -22.62 -22.22 -22.00 -21.97 -22.06 -22.06 -22.16 -22.44 -22.16 -22.03
-31.97 -32.00 -32.25 -32.09 -32.38 -31.94 -32.31 -32.22 -31.47 -31.41 -31.06 -30.88 -31.22 -30.25 -30.56 -30.25 -30.44 -30.47 -30.56 -29.62 -29.81 -29.19 -29.59 -30.25 -28.97 -29.50 -28.75 -28.12 -27.97 -27.50 -27.59 -27.19 -26.97 -26.56 -26.19 -26.44 -26.44 -26.22 -27.31 -26.19 -26.91 -26.25 -26.34 -25.22 -24.91 -24.72 -24.62 -24.78 -24.28 -24.03 -23.78 -24.00 -24.44 -24.38 -25.19 -25.03 -25.25 -25.09 -24.91 -24.78 -23.75 -23.50 -23.09 -22.88 -22.88 -22.91 -22.97 -23.06 -23.38 -23.09 -22.94
-32.44 -32.56 -32.66 -32.75 -33.00 -32.62 -33.09 -33.03 -32.19 -32.47 -31.81 -31.69 -31.91 -31.00 -31.34 -31.16 -31.19 -31.06 -31.69 -30.47 -30.50 -29.84 -31.12 -30.38 -29.84 -30.41 -29.19 -29.12 -28.69 -28.47 -28.47 -27.91 -27.81 -27.25 -26.97 -27.41 -27.19 -26.97 -28.22 -27.03 -27.69 -27.06 -27.00 -26.06 -25.72 -25.62 -25.59 -25.72 -25.25 -25.00 -24.81 -25.00 -25.28 -25.31 -25.94 -26.16 -26.38 -26.12 -25.69 -25.50 -24.53 -24.34 -24.00 -23.75 -23.72 -23.81 -23.84 -23.97 -24.28 -24.06 -23.91
-32.88 -33.19 -33.25 -33.38 -33.53 -33.66 -33.78 -33.84 -33.09 -33.41 -32.62 -32.59 -32.28 -31.94 -32.12 -32.00 -31.84 -32.09 -32.47 -31.22 -31.28 -30.56 -32.38 -30.75 -30.97 -31.22 -29.94 -29.97 -29.53 -29.53 -29.06 -28.69 -28.62 -28.00 -27.72 -28.22 -28.09 -27.69 -29.16 -27.88 -28.50 -27.72 -27.78 -26.94 -26.66 -26.50 -26.53 -26.56 -26.25 -25.94 -25.94 -25.91 -26.12 -26.22 -26.81 -27.09 -27.34 -27.09 -26.69 -26.06 -25.31 -25.16 -24.94 -24.72 -24.66 -24.75 -24.75 -24.97 -25.19 -25.22 -25.00
-33.44 -33.94 -33.84 -34.12 -34.06 -34.31 -34.44 -34.59 -34.06 -34.12 -33.47 -33.44 -32.94 -32.94 -32.75 -32.88 -32.62 -33.19 -32.84 -32.00 -32.06 -31.69 -33.16 -31.59 -31.97 -31.78 -30.84 -30.59 -30.62 -30.38 -29.69 -29.62 -29.38 -28.75 -28.50 -28.97 -29.06 -28.50 -30.00 -28.72 -29.31 -28.56 -28.56 -27.91 -27.62 -27.41 -27.44 -27.41 -27.22 -26.91 -26.91 -26.84 -27.06 -27.19 -27.78 -27.91 -28.12 -28.03 -27.53 -26.66 -26.16 -26.06 -25.84 -25.66 -25.62 -25.75 -25.75 -26.00 -26.12 -26.38 -26.19
-34.16 -34.56 -34.47 -34.81 -34.59 -35.06 -35.12 -35.31 -35.12 -34.81 -34.34 -34.12 -33.88 -33.84 -33.34 -33.81 -33.41 -33.94 -33.12 -33.03 -32.84 -32.50 -33.84 -32.25 -32.75 -32.09 -31.88 -31.38 -31.88 -31.03 -30.44 -30.59 -30.06 -29.50 -29.38 -29.78 -29.84 -29.44 -30.75 -29.56 -30.16 -29.50 -29.28 -29.25 -28.47 -28.38 -28.28 -28.28 -28.12 -27.81 -27.84 -27.78 -28.00 -28.12 -28.81 -28.62 -28.91 -28.84 -28.31 -27.47 -27.12 -27.00 -26.78 -26.56 -26.62 -26.81 -26.91 -26.97 -27.09 -27.41 -27.38
-34.81 -35.16 -35.06 -35.56 -35.41 -35.69 -35.84 -36.00 -36.16 -35.69 -35.19 -34.91 -34.97 -34.59 -34.09 -34.75 -34.09 -34.91 -33.78 -34.25 -33.56 -33.31 -34.47 -32.91 -33.66 -32.66 -32.94 -32.28 -33.00 -31.69 -31.41 -31.56 -30.75 -30.38 -30.31 -30.66 -30.56 -30.31 -31.47 -30.47 -31.00 -30.28 -30.22 -30.34 -29.41 -29.38 -29.22 -29.28 -29.00 -28.78 -28.75 -28.75 -28.91 -29.12 -29.75 -29.38 -29.75 -29.72 -29.09 -28.47 -28.06 -27.91 -27.69 -27.53 -27.59 -27.88 -28.03 -27.94 -28.09 -28.41 -28.44
-35.44 -35.75 -35.66 -36.00 -35.91 -36.28 -36.50 -36.66 -36.84 -36.75 -36.06 -35.78 -36.12 -35.22 -35.03 -35.50 -34.88 -35.97 -34.59 -35.38 -34.19 -34.41 -35.03 -33.69 -34.56 -33.41 -34.03 -33.22 -33.84 -32.56 -32.31 -32.44 -31.53 -31.28 -31.28 -31.53 -31.34 -31.12 -32.28 -31.41 -31.97 -31.06 -31.44 -31.12 -30.50 -30.34 -30.19 -30.28 -29.94 -29.84 -29.69 -29.62 -29.81 -30.09 -30.72 -30.19 -30.72 -30.66 -29.88 -29.53 -29.06 -28.81 -28.62 -28.44 -28.53 -28.81 -29.12 -28.94 -29.09 -29.56 -29.59
-36.03 -36.34 -36.34 -36.59 -36.62 -36.88 -37.12 -37.34 -37.50 -37.59 -36.94 -36.62 -37.19 -36.00 -36.06 -36.12 -36.22 -36.94 -35.50 -36.41 -34.97 -35.88 -35.47 -34.50 -35.53 -34.19 -35.12 -34.12 -34.59 -33.56 -33.16 -33.38 -32.47 -32.41 -32.22 -32.50 -32.25 -32.03 -33.28 -32.53 -32.91 -32.06 -32.59 -31.88 -31.56 -31.22 -31.22 -31.31 -30.97 -30.84 -30.66 -30.56 -30.72 -31.12 -31.75 -31.25 -31.75 -31.62 -30.75 -30.56 -30.09 -29.78 -29.62 -29.44 -29.50 -29.75 -30.19 -30.00 -30.22 -30.81 -30.94
-36.66 -36.81 -37.00 -37.09 -37.28 -37.28 -37.78 -38.03 -38.19 -38.31 -37.78 -37.50 -38.12 -36.75 -37.06 -36.66 -37.31 -37.81 -36.31 -37.38 -35.53 -37.25 -35.47 -35.75 -36.44 -35.12 -36.25 -34.94 -35.44 -34.50 -34.06 -34.16 -33.47 -33.44 -33.28 -33.50 -33.22 -33.16 -34.25 -33.75 -33.34 -33.41 -33.72 -32.84 -32.66 -32.25 -32.28 -32.34 -32.06 -31.84 -31.62 -31.62 -31.72 -32.12 -32.69 -32.38 -32.75 -32.66 -31.75 -31.59 -31.09 -30.88 -30.72 -30.31 -30.59 -30.72 -31.16 -31.19 -31.41 -32.06 -32.25
-37.28 -37.34 -37.69 -37.62 -38.00 -37.81 -38.47 -38.72 -38.94 -39.12 -38.78 -38.56 -38.78 -37.59 -38.00 -37.50 -38.22 -38.62 -37.03 -38.16 -36.56 -38.28 -36.53 -37.16 -36.88 -36.34 -37.19 -35.81 -36.53 -35.31 -35.12 -34.91 -34.59 -34.41 -34.44 -34.50 -34.12 -34.41 -35.12 -34.78 -34.12 -34.56 -34.78 -33.78 -33.69 -33.28 -33.44 -33.25 -33.34 -32.84 -32.69 -32.69 -32.81 -33.00 -33.59 -33.41 -33.69 -33.62 -32.88 -32.59 -32.19 -32.28 -31.81 -30.94 -31.69 -31.66 -32.03 -32.38 -32.66 -33.25 -33.62
-37.84 -37.97 -38.34 -38.28 -38.69 -38.47 -39.16 -39.44 -39.66 -39.88 -40.00 -39.69 -39.31 -38.50 -39.00 -38.44 -38.97 -39.50 -37.84 -38.84 -37.47 -39.00 -37.38 -38.31 -37.34 -38.06 -37.66 -36.94 -37.44 -36.16 -36.38 -35.78 -35.69 -35.31 -35.59 -35.56 -35.12 -35.66 -35.72 -35.94 -35.09 -35.84 -35.59 -34.94 -34.72 -34.28 -34.59 -34.19 -34.53 -33.88 -33.78 -33.69 -34.03 -33.91 -34.50 -34.22 -34.53 -34.50 -34.22 -33.56 -33.28 -33.72 -32.62 -32.12 -32.62 -32.56 -33.00 -33.59 -34.00 -34.41 -35.16
-38.44 -38.59 -38.97 -38.97 -39.38 -39.09 -39.91 -40.12 -40.38 -40.62 -40.81 -40.75 -40.00 -39.62 -39.94 -39.28 -39.97 -40.44 -38.75 -39.56 -38.38 -39.53 -38.25 -39.12 -38.38 -39.34 -38.34 -38.22 -38.06 -37.22 -37.44 -36.78 -36.66 -36.34 -36.72 -36.56 -36.25 -36.84 -36.47 -37.06 -36.06 -36.94 -36.34 -36.22 -35.66 -35.34 -35.62 -35.12 -35.59 -34.84 -34.91 -34.62 -35.31 -34.84 -35.53 -35.09 -35.59 -35.28 -35.50 -34.56 -34.44 -34.78 -33.31 -33.41 -33.84 -33.66 -34.00 -34.78 -35.34 -35.72 -36.59
-39.00 -39.28 -39.53 -39.66 -40.06 -39.84 -40.59 -40.78 -41.09 -41.28 -41.50 -41.56 -40.84 -40.88 -40.78 -40.12 -41.09 -41.28 -39.75 -40.12 -39.38 -40.22 -39.19 -39.66 -39.75 -40.06 -39.53 -39.41 -38.69 -38.25 -38.38 -37.91 -37.69 -37.47 -37.72 -37.56 -37.47 -37.75 -37.53 -38.12 -36.91 -38.00 -37.31 -37.22 -36.75 -36.44 -36.53 -36.22 -36.44 -35.88 -35.91 -35.78 -36.47 -36.00 -36.66 -36.12 -36.72 -36.53 -36.44 -35.66 -35.81 -35.47 -34.47 -34.56 -35.19 -34.97 -35.16 -35.75 -36.75 -37.22 -37.97
-39.53 -39.84 -40.12 -40.38 -40.66 -40.66 -41.28 -41.41 -41.81 -41.94 -42.16 -42.25 -41.75 -42.19 -41.50 -41.00 -42.06 -41.94 -40.56 -40.84 -40.50 -40.69 -40.31 -40.31 -41.06 -40.66 -41.00 -40.34 -39.59 -39.53 -39.41 -38.88 -38.72 -38.59 -38.53 -38.72 -38.69 -38.50 -38.94 -38.91 -38.06 -39.06 -38.44 -38.06 -37.94 -37.50 -37.50 -37.28 -37.25 -36.84 -36.84 -36.94 -37.44 -37.47 -37.38 -37.50 -37.59 -37.59 -37.22 -36.81 -37.00 -36.34 -35.69 -35.78 -36.34 -36.34 -36.28 -36.88 -37.91 -38.81 -39.12
-40.03 -40.38 -40.69 -41.00 -41.25 -41.47 -41.94 -42.00 -42.56 -42.59 -42.81 -43.00 -42.72 -43.38 -42.28 -42.16 -42.78 -42.62 -41.47 -41.78 -41.69 -41.34 -41.56 -41.16 -42.00 -41.38 -41.94 -41.16 -40.69 -40.75 -40.44 -39.97 -39.91 -39.72 -39.59 -39.75 -39.94 -39.34 -40.00 -39.44 -39.28 -40.00 -39.50 -38.94 -39.03 -38.53 -38.53 -38.25 -38.16 -37.62 -37.78 -37.94 -38.44 -38.75 -38.00 -38.34 -38.16 -38.47 -38.22 -37.97 -38.03 -37.41 -36.91 -36.97 -37.38 -37.62 -37.53 -38.16 -38.84 -39.78 -39.88
-40.53 -40.88 -41.22 -41.53 -41.84 -42.12 -42.59 -42.62 -43.03 -43.22 -43.44 -43.62 -43.84 -44.03 -43.16 -43.88 -42.94 -43.38 -42.47 -42.84 -42.34 -42.53 -42.72 -42.09 -42.94 -42.09 -42.97 -42.09 -41.81 -41.88 -41.53 -41.03 -41.00 -40.78 -40.84 -40.41 -41.31 -40.31 -41.06 -40.25 -40.34 -40.84 -40.38 -39.88 -40.00 -39.59 -39.50 -39.16 -39.06 -38.53 -38.81 -38.88 -39.31 -39.66 -38.88 -39.31 -38.94 -39.41 -39.34 -39.16 -38.88 -38.62 -38.19 -38.25 -38.56 -38.84 -38.84 -39.50 -40.09 -40.88 -40.41
-41.03 -41.38 -41.72 -42.06 -42.41 -42.72 -43.19 -43.22 -43.62 -43.81 -43.88 -44.22 -44.41 -44.53 -44.31 -44.75 -43.50 -44.28 -43.44 -44.09 -42.75 -43.72 -43.59 -43.00 -43.94 -43.00 -44.03 -43.19 -42.91 -42.94 -42.66 -42.00 -41.97 -41.84 -42.03 -41.25 -42.44 -41.31 -42.09 -41.25 -41.22 -41.72 -41.19 -40.94 -40.97 -40.56 -40.41 -40.06 -39.97 -39.50 -39.81 -39.97 -40.16 -40.66 -39.84 -40.41 -39.88 -40.34 -40.28 -40.28 -39.78 -39.75 -39.41 -39.47 -39.75 -40.03 -40.16 -40.97 -41.34 -41.97 -41.56
-41.50 -41.84 -42.19 -42.56 -42.94 -43.31 -43.47 -43.84 -44.09 -44.19 -44.44 -44.78 -45.00 -45.00 -45.28 -45.34 -44.31 -45.22 -43.91 -44.97 -43.50 -44.69 -44.56 -44.03 -44.88 -44.03 -44.84 -44.84 -43.94 -44.09 -43.69 -43.03 -42.97 -42.88 -42.91 -42.31 -43.47 -42.34 -43.06 -42.28 -42.12 -42.69 -42.00 -42.25 -41.88 -41.59 -41.31 -40.94 -40.94 -40.53 -40.81 -40.97 -41.16 -41.72 -40.94 -41.50 -40.91 -41.28 -41.06 -41.28 -40.78 -40.88 -40.50 -40.56 -40.88 -41.19 -41.31 -42.44 -42.19 -43.09 -42.81
