arlandasctiles/Tile[7,9].asc
ncols 128
nrows 128
xllcorner 0
yllcorner 0
cellsize 2.0
NODATA_value  -9999
[rows 68 to 101 of 128, columns 0 to 76 of 128]
49.53 49.91 50.28 50.66 51.03 51.41 51.78 52.09 52.47 52.84 53.22 53.59 54.00 54.44 54.91 55.34 55.78 56.19 56.53 56.88 57.25 57.62 58.00 58.34 58.62 58.97 59.22 59.50 59.75 59.97 60.12 60.34 60.53 60.62 60.78 60.88 61.00 61.09 61.19 61.31 61.38 61.41 61.44 61.41 61.28 61.12 60.97 60.88 60.72 60.62 60.69 60.78 60.84 61.00 61.00 61.03 61.00 60.88 60.81 60.75 60.69 60.66 60.56 60.50 60.31 60.16 59.94 59.72 59.41 59.16 58.97 58.59 58.28 58.28 58.25 58.19 58.25
49.78 50.19 50.50 50.88 51.22 51.62 51.97 52.38 52.72 53.06 53.47 53.84 54.22 54.69 55.12 55.62 56.03 56.47 56.84 57.19 57.47 57.78 58.06 58.38 58.69 58.97 59.22 59.44 59.72 59.94 60.12 60.31 60.53 60.66 60.72 60.88 61.00 61.09 61.16 61.25 61.38 61.41 61.34 61.38 61.25 61.12 61.00 60.94 60.78 60.78 60.81 60.91 61.00 61.03 60.97 60.97 60.88 60.81 60.72 60.69 60.66 60.62 60.56 60.44 60.34 60.19 60.06 59.94 59.81 59.69 59.47 59.22 59.03 58.88 58.78 58.72 58.50
50.06 50.44 50.75 51.12 51.50 51.88 52.25 52.62 53.00 53.38 53.69 54.12 54.56 54.97 55.34 55.81 56.25 56.66 57.06 57.41 57.75 58.00 58.28 58.53 58.75 59.03 59.28 59.50 59.72 59.94 60.09 60.31 60.47 60.62 60.72 60.84 60.94 61.06 61.09 61.25 61.31 61.38 61.41 61.41 61.28 61.19 61.06 61.03 60.94 60.94 60.97 61.06 61.06 61.06 61.03 60.97 60.84 60.75 60.66 60.62 60.59 60.56 60.50 60.47 60.34 60.28 60.25 60.22 60.16 59.97 59.81 59.59 59.50 59.38 59.31 59.25 59.09
50.34 50.66 51.09 51.44 51.81 52.19 52.56 52.88 53.25 53.62 54.00 54.34 54.75 55.19 55.62 56.03 56.41 56.84 57.19 57.59 57.91 58.16 58.44 58.69 58.91 59.12 59.34 59.59 59.81 59.97 60.19 60.34 60.53 60.66 60.72 60.84 60.94 61.06 61.16 61.19 61.31 61.38 61.38 61.44 61.34 61.28 61.25 61.19 61.12 61.16 61.19 61.22 61.19 61.12 61.06 60.97 60.84 60.75 60.66 60.59 60.56 60.56 60.59 60.53 60.47 60.44 60.38 60.38 60.31 60.16 60.12 59.97 59.88 59.84 59.75 59.72 59.69
50.66 51.03 51.41 51.78 52.19 52.53 52.88 53.25 53.59 53.91 54.28 54.59 54.97 55.34 55.78 56.19 56.56 57.00 57.38 57.75 58.00 58.34 58.53 58.81 59.09 59.28 59.50 59.66 59.81 60.03 60.25 60.41 60.56 60.66 60.78 60.88 61.00 61.06 61.16 61.19 61.25 61.38 61.44 61.47 61.44 61.38 61.38 61.28 61.28 61.31 61.31 61.31 61.25 61.19 61.09 61.00 60.88 60.78 60.72 60.62 60.59 60.59 60.69 60.69 60.72 60.66 60.59 60.59 60.47 60.31 60.25 60.22 60.19 60.16 60.19 60.16 60.25
51.03 51.41 51.78 52.19 52.56 52.94 53.25 53.59 53.97 54.28 54.56 54.91 55.22 55.56 55.94 56.31 56.72 57.12 57.47 57.78 58.12 58.44 58.69 58.97 59.19 59.38 59.59 59.75 59.94 60.09 60.25 60.41 60.56 60.72 60.84 60.94 61.06 61.09 61.16 61.19 61.25 61.38 61.47 61.53 61.56 61.50 61.44 61.41 61.41 61.44 61.41 61.38 61.31 61.25 61.12 61.06 60.94 60.88 60.78 60.72 60.69 60.72 60.81 60.88 60.94 60.97 60.94 60.91 60.72 60.62 60.50 60.44 60.41 60.44 60.50 60.72 60.84
51.44 51.78 52.19 52.56 53.00 53.38 53.69 54.00 54.34 54.66 54.97 55.28 55.56 55.88 56.12 56.47 56.84 57.16 57.53 57.84 58.16 58.50 58.75 58.97 59.28 59.50 59.72 59.88 59.97 60.12 60.31 60.47 60.62 60.78 60.88 60.94 61.06 61.09 61.16 61.25 61.31 61.41 61.53 61.56 61.59 61.59 61.56 61.50 61.50 61.50 61.41 61.41 61.31 61.25 61.19 61.09 61.00 60.94 60.88 60.81 60.84 60.81 60.97 61.03 61.16 61.22 61.22 61.22 61.09 60.97 60.81 60.69 60.59 60.59 60.78 61.00 61.25
51.81 52.25 52.56 53.00 53.41 53.78 54.12 54.44 54.69 55.09 55.34 55.66 55.94 56.19 56.47 56.72 57.06 57.31 57.59 57.91 58.22 58.50 58.81 59.09 59.28 59.56 59.75 59.94 60.09 60.25 60.41 60.56 60.66 60.78 60.94 61.00 61.09 61.09 61.16 61.19 61.31 61.47 61.53 61.62 61.62 61.69 61.69 61.62 61.62 61.53 61.41 61.41 61.38 61.25 61.19 61.19 61.06 61.06 60.97 60.94 60.91 60.94 61.06 61.22 61.28 61.38 61.47 61.47 61.44 61.41 61.28 61.06 60.94 60.91 61.09 61.41 61.78
52.25 52.69 53.06 53.47 53.84 54.22 54.59 54.88 55.12 55.44 55.72 55.97 56.31 56.53 56.84 57.00 57.25 57.59 57.84 58.12 58.34 58.62 58.88 59.12 59.34 59.56 59.75 59.97 60.12 60.31 60.53 60.62 60.78 60.84 60.94 61.00 61.09 61.16 61.19 61.25 61.38 61.53 61.56 61.62 61.69 61.69 61.69 61.69 61.62 61.53 61.41 61.41 61.31 61.25 61.19 61.16 61.09 61.06 61.00 60.94 60.97 61.00 61.16 61.28 61.41 61.53 61.56 61.66 61.78 61.75 61.66 61.53 61.41 61.44 61.56 61.94 62.31
52.72 53.12 53.47 53.91 54.28 54.66 54.97 55.22 55.50 55.78 56.09 56.34 56.62 56.88 57.16 57.38 57.53 57.75 58.00 58.28 58.53 58.75 59.03 59.22 59.44 59.66 59.88 60.03 60.19 60.34 60.53 60.66 60.78 60.88 61.00 61.06 61.09 61.16 61.19 61.31 61.41 61.53 61.56 61.56 61.62 61.69 61.69 61.69 61.62 61.53 61.47 61.38 61.34 61.28 61.22 61.19 61.12 61.06 61.00 61.00 60.97 61.09 61.16 61.31 61.44 61.56 61.59 61.78 62.00 62.06 61.97 61.91 61.91 61.97 62.19 62.59 62.88
53.22 53.59 53.97 54.34 54.75 55.09 55.41 55.66 55.94 56.12 56.47 56.72 56.94 57.19 57.47 57.62 57.84 58.00 58.22 58.44 58.62 58.91 59.19 59.38 59.59 59.75 59.94 60.09 60.31 60.47 60.62 60.72 60.84 60.94 61.00 61.06 61.16 61.19 61.25 61.38 61.47 61.53 61.56 61.56 61.62 61.62 61.62 61.62 61.62 61.59 61.56 61.47 61.38 61.31 61.25 61.25 61.22 61.09 61.03 60.97 60.97 61.06 61.12 61.28 61.41 61.50 61.59 61.75 62.00 62.16 62.16 62.22 62.34 62.47 62.78 63.09 63.41
53.69 54.06 54.44 54.81 55.12 55.50 55.78 56.09 56.41 56.62 56.84 57.06 57.31 57.53 57.78 58.00 58.16 58.34 58.44 58.62 58.91 59.09 59.34 59.59 59.75 59.94 60.03 60.19 60.34 60.53 60.66 60.78 60.88 60.94 61.06 61.09 61.19 61.25 61.31 61.41 61.47 61.53 61.56 61.62 61.62 61.62 61.62 61.66 61.66 61.62 61.62 61.50 61.47 61.38 61.31 61.28 61.19 61.16 61.06 61.00 60.91 60.97 61.06 61.16 61.31 61.41 61.47 61.62 61.81 62.00 62.16 62.34 62.56 62.81 63.09 63.47 63.78
54.16 54.56 54.91 55.22 55.56 55.88 56.12 56.47 56.78 57.00 57.19 57.41 57.62 57.78 58.06 58.28 58.50 58.59 58.69 58.88 59.09 59.28 59.50 59.66 59.88 60.03 60.19 60.31 60.47 60.56 60.72 60.84 60.94 61.00 61.06 61.09 61.19 61.25 61.38 61.41 61.47 61.47 61.56 61.62 61.62 61.62 61.66 61.69 61.62 61.69 61.69 61.62 61.56 61.44 61.34 61.34 61.31 61.19 61.12 60.97 60.97 60.94 61.00 61.09 61.19 61.28 61.34 61.47 61.69 61.84 62.06 62.31 62.62 63.00 63.41 63.72 63.91
54.56 54.97 55.34 55.72 55.97 56.25 56.56 56.78 57.12 57.38 57.53 57.75 57.97 58.12 58.34 58.53 58.75 58.88 58.97 59.09 59.22 59.44 59.59 59.75 59.97 60.12 60.31 60.47 60.56 60.66 60.78 60.88 60.94 61.06 61.09 61.16 61.19 61.31 61.38 61.41 61.47 61.47 61.53 61.56 61.56 61.59 61.62 61.66 61.69 61.72 61.75 61.62 61.62 61.50 61.44 61.41 61.34 61.22 61.16 61.00 60.97 60.94 60.94 61.00 61.09 61.16 61.25 61.34 61.50 61.62 61.88 62.22 62.53 62.97 63.41 63.75 63.94
54.97 55.41 55.72 56.09 56.34 56.66 56.88 57.16 57.38 57.59 57.78 58.00 58.22 58.44 58.53 58.75 58.97 59.12 59.22 59.34 59.44 59.56 59.72 59.94 60.09 60.25 60.34 60.53 60.66 60.78 60.84 60.94 61.00 61.06 61.16 61.19 61.25 61.31 61.41 61.41 61.41 61.47 61.53 61.56 61.56 61.59 61.66 61.66 61.72 61.75 61.75 61.72 61.62 61.56 61.47 61.41 61.31 61.25 61.16 61.09 61.03 60.97 60.94 60.94 60.97 61.06 61.19 61.22 61.31 61.50 61.66 62.00 62.34 62.78 63.16 63.56 63.84
55.34 55.72 56.09 56.41 56.72 57.00 57.25 57.41 57.62 57.84 58.06 58.28 58.44 58.62 58.81 58.97 59.12 59.28 59.44 59.50 59.59 59.75 59.88 60.03 60.19 60.31 60.41 60.56 60.72 60.84 60.94 61.00 61.06 61.09 61.16 61.19 61.31 61.38 61.41 61.41 61.41 61.47 61.53 61.56 61.56 61.62 61.69 61.69 61.69 61.69 61.75 61.69 61.62 61.53 61.47 61.34 61.25 61.16 61.06 61.06 61.03 61.03 60.97 61.00 60.97 61.00 61.06 61.16 61.22 61.34 61.56 61.84 62.22 62.56 62.94 63.38 63.72
55.66 56.03 56.41 56.66 57.06 57.31 57.59 57.75 57.91 58.12 58.34 58.53 58.69 58.91 59.03 59.19 59.34 59.50 59.59 59.72 59.81 59.94 60.03 60.12 60.31 60.41 60.53 60.62 60.78 60.88 61.00 61.06 61.16 61.16 61.19 61.25 61.31 61.38 61.38 61.41 61.47 61.53 61.53 61.53 61.56 61.66 61.69 61.69 61.69 61.72 61.72 61.66 61.59 61.53 61.38 61.22 61.16 61.03 60.97 61.00 61.03 61.03 61.06 61.03 61.03 61.06 61.09 61.16 61.25 61.28 61.47 61.69 62.06 62.44 62.75 63.16 63.53
56.03 56.34 56.72 57.00 57.31 57.62 57.91 58.00 58.16 58.34 58.53 58.75 58.97 59.12 59.28 59.38 59.56 59.72 59.81 59.94 59.97 60.09 60.19 60.31 60.41 60.53 60.62 60.72 60.84 60.94 61.06 61.16 61.19 61.25 61.25 61.25 61.31 61.38 61.41 61.41 61.47 61.53 61.47 61.47 61.56 61.62 61.66 61.69 61.72 61.72 61.78 61.66 61.62 61.50 61.31 61.12 61.06 60.94 60.94 60.97 61.03 61.03 61.09 61.16 61.12 61.12 61.12 61.22 61.22 61.28 61.38 61.53 61.84 62.22 62.56 63.00 63.41
56.41 56.69 57.06 57.31 57.62 57.91 58.16 58.34 58.50 58.59 58.81 58.97 59.12 59.34 59.50 59.59 59.75 59.94 59.97 60.09 60.12 60.31 60.34 60.47 60.53 60.62 60.72 60.84 60.88 61.00 61.16 61.19 61.31 61.31 61.31 61.31 61.38 61.38 61.41 61.47 61.47 61.47 61.47 61.47 61.53 61.56 61.66 61.66 61.69 61.75 61.72 61.69 61.59 61.41 61.25 61.09 60.97 60.94 60.88 60.91 61.00 61.09 61.19 61.22 61.28 61.25 61.25 61.22 61.22 61.28 61.28 61.44 61.66 62.00 62.34 62.78 63.22
56.78 57.06 57.38 57.69 57.91 58.16 58.38 58.59 58.75 58.91 59.09 59.22 59.38 59.56 59.72 59.81 59.94 60.09 60.19 60.31 60.41 60.47 60.53 60.56 60.66 60.72 60.84 60.88 61.00 61.06 61.19 61.25 61.31 61.38 61.38 61.31 61.38 61.41 61.41 61.47 61.47 61.47 61.47 61.50 61.50 61.56 61.62 61.66 61.72 61.75 61.72 61.69 61.56 61.41 61.22 61.12 60.97 60.88 60.88 60.91 61.00 61.12 61.22 61.34 61.31 61.34 61.28 61.22 61.22 61.16 61.22 61.25 61.41 61.69 62.06 62.50 62.91
57.16 57.47 57.75 57.97 58.22 58.44 58.59 58.81 59.03 59.19 59.28 59.44 59.59 59.75 59.94 60.03 60.12 60.31 60.41 60.53 60.56 60.62 60.66 60.72 60.78 60.84 60.88 61.00 61.06 61.09 61.19 61.25 61.31 61.38 61.41 61.38 61.41 61.41 61.47 61.47 61.47 61.47 61.47 61.47 61.50 61.50 61.56 61.66 61.72 61.75 61.72 61.69 61.56 61.41 61.28 61.12 61.00 60.97 60.91 60.94 61.03 61.19 61.28 61.41 61.47 61.41 61.38 61.31 61.19 61.06 60.97 60.94 61.06 61.38 61.72 62.12 62.62
57.59 57.75 58.00 58.28 58.50 58.69 58.88 59.03 59.22 59.38 59.56 59.72 59.81 59.97 60.09 60.25 60.34 60.47 60.56 60.66 60.72 60.84 60.88 60.88 60.94 60.94 61.06 61.09 61.16 61.19 61.25 61.31 61.41 61.47 61.41 61.47 61.47 61.47 61.47 61.47 61.47 61.41 61.44 61.44 61.50 61.50 61.62 61.69 61.78 61.78 61.75 61.62 61.53 61.44 61.28 61.16 61.06 61.03 61.00 61.00 61.09 61.28 61.38 61.50 61.59 61.59 61.47 61.28 61.09 60.94 60.72 60.72 60.81 61.06 61.47 61.88 62.25
57.91 58.16 58.34 58.59 58.75 58.97 59.12 59.28 59.41 59.59 59.75 59.94 60.03 60.12 60.31 60.47 60.56 60.66 60.78 60.88 60.94 61.00 61.00 61.06 61.06 61.09 61.16 61.19 61.19 61.25 61.31 61.38 61.41 61.47 61.47 61.47 61.47 61.47 61.47 61.47 61.47 61.41 61.41 61.41 61.47 61.53 61.62 61.75 61.81 61.81 61.72 61.62 61.53 61.41 61.25 61.16 61.09 61.03 61.09 61.12 61.22 61.34 61.50 61.66 61.75 61.72 61.59 61.38 61.03 60.84 60.66 60.53 60.62 60.88 61.28 61.69 62.06
58.22 58.44 58.69 58.88 59.03 59.19 59.34 59.56 59.72 59.81 59.97 60.12 60.25 60.34 60.47 60.66 60.78 60.88 61.00 61.06 61.16 61.09 61.16 61.16 61.16 61.19 61.25 61.31 61.31 61.38 61.38 61.47 61.53 61.56 61.53 61.53 61.47 61.47 61.53 61.47 61.41 61.38 61.41 61.44 61.47 61.50 61.66 61.75 61.88 61.81 61.72 61.59 61.53 61.41 61.25 61.09 61.06 61.09 61.12 61.22 61.34 61.47 61.66 61.81 61.88 61.81 61.66 61.44 61.16 60.91 60.69 60.59 60.62 60.84 61.28 61.62 61.91
58.53 58.75 58.97 59.19 59.28 59.44 59.59 59.75 59.94 60.09 60.25 60.34 60.41 60.56 60.62 60.84 61.00 61.09 61.16 61.19 61.25 61.25 61.25 61.31 61.31 61.38 61.38 61.41 61.41 61.41 61.47 61.47 61.53 61.56 61.56 61.53 61.53 61.53 61.53 61.47 61.41 61.38 61.41 61.47 61.47 61.53 61.69 61.78 61.84 61.84 61.78 61.56 61.50 61.38 61.22 61.09 61.00 61.06 61.16 61.31 61.56 61.75 61.88 61.97 62.09 62.03 61.84 61.56 61.25 61.03 60.84 60.75 60.78 61.00 61.34 61.59 61.81
58.91 59.09 59.22 59.44 59.59 59.72 59.81 59.97 60.19 60.31 60.41 60.53 60.62 60.72 60.88 61.00 61.16 61.25 61.31 61.31 61.38 61.41 61.41 61.41 61.47 61.47 61.47 61.47 61.53 61.53 61.53 61.53 61.56 61.56 61.56 61.53 61.53 61.47 61.47 61.41 61.38 61.38 61.41 61.47 61.47 61.53 61.62 61.78 61.78 61.84 61.72 61.59 61.47 61.28 61.12 60.94 60.91 61.03 61.22 61.47 61.78 62.03 62.22 62.34 62.34 62.31 62.06 61.75 61.44 61.19 61.06 60.97 61.06 61.16 61.31 61.56 61.78
59.19 59.34 59.50 59.66 59.81 59.97 60.09 60.19 60.31 60.47 60.62 60.72 60.78 60.88 61.00 61.16 61.19 61.31 61.41 61.41 61.47 61.53 61.53 61.56 61.56 61.53 61.56 61.56 61.56 61.56 61.56 61.56 61.53 61.56 61.56 61.53 61.47 61.47 61.41 61.38 61.31 61.31 61.34 61.38 61.44 61.50 61.53 61.69 61.78 61.75 61.69 61.56 61.44 61.22 61.03 60.84 60.78 60.97 61.16 61.53 61.91 62.25 62.50 62.66 62.59 62.50 62.31 62.00 61.62 61.44 61.28 61.16 61.22 61.25 61.25 61.44 61.59
59.38 59.56 59.72 59.88 60.06 60.19 60.34 60.41 60.53 60.66 60.78 60.88 61.00 61.06 61.16 61.25 61.31 61.41 61.53 61.53 61.53 61.56 61.62 61.69 61.69 61.69 61.69 61.69 61.59 61.53 61.53 61.56 61.56 61.53 61.53 61.47 61.41 61.41 61.38 61.31 61.31 61.25 61.28 61.31 61.34 61.41 61.50 61.59 61.69 61.66 61.59 61.53 61.38 61.19 60.94 60.75 60.69 60.81 61.19 61.62 62.06 62.50 62.78 62.91 62.81 62.66 62.44 62.12 61.78 61.56 61.34 61.25 61.12 61.06 61.16 61.19 61.34
59.66 59.75 59.94 60.09 60.25 60.41 60.53 60.62 60.66 60.84 60.94 61.06 61.16 61.19 61.25 61.31 61.38 61.47 61.53 61.56 61.62 61.69 61.75 61.78 61.78 61.78 61.72 61.69 61.59 61.50 61.41 61.41 61.41 61.41 61.38 61.34 61.38 61.38 61.31 61.25 61.25 61.22 61.22 61.25 61.31 61.38 61.41 61.53 61.56 61.56 61.53 61.50 61.34 61.12 60.84 60.66 60.66 60.81 61.22 61.59 62.09 62.56 62.84 62.94 62.84 62.66 62.41 62.12 61.75 61.50 61.22 61.06 60.91 60.81 60.78 60.88 61.03
59.81 59.97 60.12 60.31 60.47 60.62 60.72 60.84 60.88 61.00 61.09 61.16 61.25 61.31 61.38 61.41 61.53 61.56 61.62 61.69 61.75 61.75 61.78 61.84 61.84 61.81 61.78 61.72 61.59 61.47 61.38 61.22 61.19 61.19 61.19 61.19 61.22 61.22 61.25 61.22 61.19 61.16 61.19 61.22 61.28 61.34 61.41 61.47 61.47 61.47 61.44 61.38 61.28 61.06 60.91 60.78 60.81 60.97 61.25 61.66 62.16 62.56 62.81 62.94 62.75 62.56 62.28 61.97 61.62 61.28 61.03 60.78 60.59 60.41 60.38 60.44 60.69
60.03 60.19 60.34 60.53 60.66 60.78 60.88 61.00 61.06 61.16 61.19 61.31 61.38 61.41 61.47 61.53 61.56 61.69 61.75 61.78 61.78 61.78 61.84 61.91 61.88 61.84 61.75 61.62 61.50 61.34 61.16 61.06 60.97 60.97 60.97 61.00 61.06 61.09 61.09 61.09 61.06 61.06 61.06 61.12 61.22 61.31 61.38 61.44 61.44 61.44 61.38 61.31 61.22 61.06 60.97 60.97 61.03 61.16 61.38 61.72 62.12 62.44 62.69 62.75 62.56 62.38 62.06 61.72 61.41 61.06 60.78 60.47 60.22 60.06 60.03 60.16 60.44
60.25 60.41 60.56 60.69 60.88 61.00 61.06 61.09 61.25 61.31 61.38 61.41 61.47 61.53 61.53 61.56 61.69 61.75 61.78 61.84 61.84 61.91 61.91 61.91 61.88 61.81 61.69 61.47 61.25 61.06 60.81 60.69 60.66 60.69 60.72 60.75 60.81 60.88 60.91 60.91 60.91 60.91 60.91 61.00 61.06 61.19 61.31 61.41 61.44 61.44 61.41 61.34 61.22 61.09 61.03 61.06 61.16 61.31 61.50 61.72 62.00 62.31 62.44 62.41 62.31 62.16 61.81 61.50 61.19 60.84 60.56 60.28 60.06 59.88 59.88 60.06 60.38
60.41 60.62 60.78 60.94 61.06 61.16 61.25 61.31 61.41 61.47 61.47 61.56 61.62 61.69 61.62 61.69 61.75 61.84 61.84 61.91 61.94 61.94 61.97 61.94 61.88 61.72 61.53 61.28 61.03 60.78 60.59 60.50 60.44 60.44 60.47 60.53 60.62 60.66 60.69 60.69 60.72 60.72 60.75 60.84 60.97 61.06 61.19 61.31 61.41 61.44 61.47 61.34 61.22 61.12 61.09 61.16 61.25 61.41 61.59 61.78 61.94 62.12 62.12 62.09 62.00 61.81 61.53 61.25 61.00 60.62 60.34 60.16 59.97 59.88 59.88 60.09 60.47
60.62 60.78 60.88 61.06 61.19 61.31 61.38 61.41 61.53 61.56 61.62 61.69 61.75 61.75 61.75 61.78 61.84 61.91 61.91 61.91 61.91 61.94 61.94 61.84 61.75 61.56 61.38 61.16 60.91 60.66 60.47 60.31 60.25 60.25 60.28 60.38 60.44 60.47 60.50 60.50 60.53 60.56 60.59 60.69 60.81 60.97 61.09 61.25 61.38 61.47 61.44 61.34 61.22 61.12 61.12 61.19 61.31 61.44 61.62 61.78 61.94 61.97 61.84 61.75 61.59 61.44 61.22 60.94 60.69 60.53 60.25 60.06 59.97 59.94 60.03 60.25 60.62
