arlandasctiles/Tile[11,4].asc
ncols 128
nrows 128
xllcorner 0
yllcorner 0
cellsize 2.0
NODATA_value  -9999
[rows 0 to 37 of 128, columns 0 to 83 of 128]
24.91 24.91 24.91 24.91 24.91 24.84 24.84 24.81 24.81 24.81 24.81 24.81 24.69 24.62 24.59 24.53 24.47 24.44 24.38 24.31 24.28 24.28 24.28 24.22 24.22 24.16 24.16 24.22 24.22 24.28 24.44 24.59 24.75 24.91 25.16 25.44 25.66 25.81 25.97 26.12 26.19 26.34 26.47 26.56 26.66 26.78 26.88 26.94 27.00 27.03 27.09 27.12 27.19 27.31 27.41 27.53 27.53 27.56 27.62 27.72 27.78 27.84 27.88 27.94 28.06 28.16 28.22 28.31 28.44 28.47 28.47 28.53 28.47 28.53 28.53 28.59 28.59 28.59 28.62 28.62 28.62 28.59 28.56 28.56
24.62 24.62 24.62 24.62 24.62 24.59 24.59 24.53 24.53 24.47 24.47 24.47 24.44 24.38 24.31 24.28 24.22 24.16 24.09 24.06 24.06 24.00 24.00 24.00 23.94 23.94 23.94 23.94 24.00 24.06 24.28 24.38 24.53 24.75 25.03 25.28 25.44 25.59 25.75 25.91 25.97 26.12 26.25 26.34 26.47 26.50 26.62 26.72 26.78 26.84 26.88 27.00 27.03 27.09 27.22 27.25 27.25 27.38 27.38 27.47 27.53 27.62 27.69 27.72 27.84 27.94 28.00 28.16 28.22 28.25 28.31 28.25 28.25 28.25 28.31 28.38 28.38 28.38 28.41 28.38 28.38 28.38 28.34 28.34
24.38 24.38 24.38 24.44 24.38 24.31 24.31 24.31 24.28 24.28 24.22 24.16 24.09 24.06 24.06 24.00 23.94 23.88 23.88 23.78 23.78 23.78 23.72 23.72 23.72 23.69 23.72 23.72 23.78 23.88 24.06 24.22 24.38 24.59 24.91 25.12 25.28 25.44 25.56 25.69 25.81 25.97 26.03 26.12 26.25 26.34 26.47 26.50 26.56 26.66 26.72 26.84 26.91 26.94 27.03 27.03 27.03 27.12 27.16 27.22 27.31 27.41 27.47 27.56 27.62 27.72 27.78 27.88 28.00 28.09 28.09 28.09 28.06 28.06 28.09 28.09 28.16 28.16 28.16 28.16 28.16 28.12 28.09 28.09
24.09 24.09 24.16 24.16 24.09 24.09 24.06 24.06 24.00 24.00 23.94 23.88 23.84 23.78 23.78 23.72 23.69 23.62 23.59 23.59 23.53 23.53 23.47 23.47 23.47 23.47 23.53 23.47 23.59 23.72 23.88 24.00 24.22 24.47 24.75 24.91 25.06 25.22 25.38 25.50 25.66 25.75 25.88 25.97 26.03 26.12 26.25 26.28 26.41 26.50 26.56 26.69 26.75 26.81 26.84 26.84 26.91 26.94 26.97 27.03 27.09 27.22 27.25 27.38 27.41 27.53 27.56 27.72 27.78 27.84 27.88 27.84 27.84 27.84 27.84 27.88 27.88 27.91 27.94 27.94 27.91 27.88 27.88 27.84
23.88 23.88 23.88 23.88 23.88 23.84 23.84 23.78 23.78 23.72 23.72 23.62 23.59 23.53 23.53 23.47 23.47 23.41 23.31 23.31 23.25 23.25 23.25 23.25 23.19 23.19 23.25 23.25 23.38 23.53 23.69 23.84 24.06 24.31 24.53 24.75 24.91 25.03 25.16 25.28 25.44 25.56 25.66 25.75 25.88 25.91 26.03 26.12 26.25 26.28 26.44 26.56 26.66 26.66 26.75 26.75 26.75 26.78 26.81 26.91 26.91 27.00 27.03 27.12 27.19 27.31 27.41 27.53 27.56 27.62 27.62 27.62 27.62 27.62 27.62 27.69 27.69 27.69 27.72 27.72 27.69 27.62 27.62 27.59
23.62 23.62 23.62 23.62 23.62 23.62 23.59 23.59 23.53 23.53 23.47 23.41 23.38 23.31 23.25 23.25 23.19 23.12 23.09 23.03 23.03 23.00 23.00 23.00 23.00 23.00 23.00 23.03 23.19 23.31 23.53 23.69 23.88 24.16 24.38 24.53 24.69 24.84 24.91 25.06 25.16 25.34 25.44 25.59 25.66 25.75 25.81 25.91 26.03 26.16 26.31 26.41 26.56 26.59 26.69 26.69 26.72 26.69 26.75 26.72 26.78 26.81 26.84 26.88 27.00 27.09 27.19 27.31 27.41 27.47 27.41 27.47 27.41 27.41 27.41 27.41 27.41 27.47 27.53 27.53 27.47 27.41 27.34 27.31
23.41 23.41 23.41 23.41 23.41 23.38 23.38 23.31 23.31 23.25 23.25 23.12 23.09 23.03 23.03 23.00 22.94 22.88 22.84 22.78 22.78 22.78 22.72 22.72 22.72 22.72 22.78 22.84 23.00 23.12 23.38 23.53 23.72 24.00 24.16 24.31 24.44 24.59 24.69 24.84 24.97 25.16 25.28 25.38 25.50 25.56 25.59 25.69 25.81 25.97 26.16 26.31 26.47 26.53 26.59 26.66 26.66 26.66 26.69 26.62 26.62 26.62 26.62 26.72 26.78 26.94 27.03 27.09 27.12 27.19 27.19 27.25 27.19 27.19 27.19 27.19 27.19 27.19 27.31 27.25 27.19 27.12 27.09 27.09
23.12 23.12 23.12 23.19 23.12 23.12 23.09 23.09 23.03 23.00 22.94 22.88 22.84 22.84 22.84 22.72 22.66 22.62 22.56 22.50 22.50 22.50 22.50 22.47 22.50 22.50 22.50 22.62 22.84 23.00 23.12 23.31 23.59 23.78 23.94 24.09 24.28 24.38 24.47 24.62 24.81 24.97 25.06 25.22 25.28 25.38 25.44 25.50 25.62 25.81 26.00 26.19 26.31 26.41 26.47 26.56 26.56 26.59 26.59 26.50 26.50 26.50 26.50 26.50 26.62 26.78 26.84 26.94 27.00 27.03 27.00 27.00 27.00 27.00 27.00 26.94 27.00 27.00 27.03 27.00 27.00 26.94 26.88 26.84
22.88 22.94 22.94 22.94 22.94 22.88 22.88 22.84 22.78 22.72 22.66 22.66 22.56 22.56 22.50 22.50 22.41 22.41 22.34 22.28 22.28 22.25 22.25 22.25 22.25 22.25 22.28 22.47 22.62 22.78 22.94 23.09 23.41 23.59 23.72 23.88 24.00 24.16 24.28 24.44 24.59 24.75 24.91 25.06 25.12 25.16 25.22 25.34 25.47 25.72 25.84 26.00 26.19 26.25 26.38 26.44 26.47 26.44 26.41 26.41 26.38 26.28 26.34 26.34 26.50 26.62 26.72 26.78 26.84 26.88 26.78 26.78 26.78 26.78 26.72 26.72 26.72 26.78 26.72 26.72 26.72 26.66 26.66 26.62
22.62 22.66 22.72 22.72 22.72 22.66 22.62 22.62 22.50 22.50 22.47 22.41 22.34 22.28 22.28 22.19 22.12 22.12 22.09 22.03 22.03 22.03 21.97 21.97 22.03 22.03 22.09 22.28 22.41 22.62 22.78 22.94 23.19 23.41 23.59 23.72 23.84 24.00 24.09 24.28 24.44 24.53 24.69 24.84 24.91 25.03 25.03 25.16 25.28 25.50 25.72 25.91 26.06 26.12 26.19 26.28 26.25 26.25 26.28 26.25 26.22 26.16 26.12 26.19 26.34 26.47 26.50 26.62 26.66 26.66 26.62 26.56 26.56 26.56 26.50 26.50 26.50 26.50 26.47 26.47 26.47 26.47 26.41 26.34
22.41 22.47 22.47 22.50 22.47 22.41 22.41 22.34 22.28 22.25 22.19 22.12 22.09 22.03 22.03 21.91 21.88 21.88 21.81 21.81 21.75 21.75 21.75 21.72 21.75 21.75 21.88 22.09 22.19 22.41 22.56 22.84 23.09 23.25 23.41 23.59 23.69 23.84 24.00 24.09 24.22 24.28 24.47 24.59 24.75 24.81 24.84 24.97 25.12 25.38 25.59 25.84 25.97 26.06 26.09 26.12 26.12 26.12 26.09 26.06 26.00 25.97 26.00 26.03 26.19 26.25 26.28 26.41 26.47 26.47 26.41 26.41 26.34 26.34 26.28 26.25 26.25 26.25 26.25 26.19 26.19 26.19 26.19 26.12
22.19 22.25 22.25 22.28 22.25 22.19 22.12 22.09 22.03 21.97 21.91 21.91 21.88 21.81 21.75 21.72 21.66 21.62 21.56 21.56 21.56 21.50 21.50 21.50 21.50 21.56 21.72 21.88 22.03 22.19 22.47 22.72 22.94 23.12 23.31 23.41 23.59 23.69 23.78 23.88 24.00 24.09 24.28 24.38 24.53 24.59 24.69 24.81 25.06 25.25 25.50 25.75 25.91 25.97 25.97 25.97 26.00 26.03 25.97 25.91 25.84 25.81 25.84 25.84 25.97 26.03 26.12 26.25 26.28 26.25 26.19 26.19 26.12 26.12 26.06 26.03 26.03 25.97 25.97 25.91 25.97 25.97 25.97 25.88
21.97 21.97 22.03 22.03 22.03 21.97 21.91 21.88 21.81 21.72 21.66 21.66 21.62 21.56 21.50 21.44 21.38 21.38 21.28 21.28 21.28 21.22 21.22 21.28 21.22 21.34 21.50 21.66 21.81 22.03 22.28 22.62 22.84 23.00 23.12 23.25 23.41 23.53 23.62 23.72 23.84 23.94 24.06 24.16 24.28 24.34 24.50 24.66 24.91 25.19 25.41 25.59 25.81 25.88 25.88 25.91 25.91 25.91 25.88 25.81 25.72 25.69 25.66 25.66 25.75 25.81 25.91 26.03 26.03 26.03 25.97 25.97 25.91 25.91 25.88 25.81 25.75 25.75 25.69 25.69 25.69 25.69 25.69 25.66
21.72 21.75 21.81 21.81 21.75 21.72 21.66 21.62 21.56 21.50 21.38 21.38 21.38 21.28 21.22 21.16 21.16 21.06 21.03 21.03 21.03 20.97 21.03 21.03 21.03 21.12 21.28 21.44 21.66 21.91 22.25 22.50 22.72 22.88 23.00 23.09 23.25 23.38 23.47 23.59 23.62 23.72 23.84 23.94 24.00 24.16 24.31 24.53 24.78 25.06 25.28 25.53 25.66 25.75 25.78 25.81 25.81 25.81 25.75 25.69 25.59 25.56 25.53 25.56 25.59 25.66 25.72 25.81 25.84 25.81 25.75 25.75 25.69 25.69 25.66 25.56 25.50 25.50 25.50 25.44 25.44 25.44 25.50 25.44
21.50 21.56 21.62 21.56 21.56 21.50 21.44 21.38 21.28 21.22 21.16 21.12 21.06 21.06 20.97 20.91 20.91 20.84 20.81 20.75 20.75 20.75 20.75 20.69 20.81 20.91 21.06 21.28 21.50 21.72 22.12 22.34 22.56 22.66 22.78 22.88 23.03 23.12 23.25 23.38 23.41 23.53 23.59 23.69 23.75 23.94 24.16 24.38 24.62 24.91 25.12 25.34 25.47 25.56 25.62 25.66 25.69 25.69 25.62 25.56 25.50 25.44 25.44 25.47 25.47 25.50 25.53 25.56 25.59 25.56 25.53 25.50 25.56 25.44 25.38 25.34 25.28 25.28 25.22 25.16 25.16 25.16 25.16 25.12
21.28 21.28 21.34 21.34 21.28 21.28 21.16 21.16 21.06 21.03 20.91 20.84 20.81 20.81 20.75 20.69 20.62 20.59 20.53 20.47 20.47 20.47 20.47 20.47 20.53 20.69 20.84 21.06 21.28 21.66 21.97 22.19 22.28 22.41 22.56 22.66 22.78 22.94 23.03 23.12 23.19 23.25 23.38 23.44 23.56 23.72 23.97 24.19 24.47 24.72 24.91 25.09 25.22 25.34 25.41 25.47 25.50 25.53 25.50 25.44 25.38 25.34 25.34 25.34 25.38 25.38 25.38 25.38 25.34 25.31 25.28 25.28 25.28 25.22 25.16 25.06 25.03 25.03 24.97 24.97 24.91 24.91 24.84 24.81
21.06 21.06 21.06 21.12 21.06 21.03 20.97 20.91 20.84 20.75 20.69 20.62 20.59 20.53 20.47 20.44 20.38 20.31 20.28 20.28 20.22 20.22 20.22 20.22 20.31 20.53 20.69 20.84 21.12 21.50 21.81 21.97 22.03 22.19 22.34 22.47 22.62 22.66 22.78 22.84 22.94 23.03 23.09 23.22 23.31 23.50 23.72 23.97 24.22 24.44 24.62 24.81 24.97 25.09 25.19 25.25 25.31 25.34 25.31 25.28 25.25 25.25 25.25 25.25 25.25 25.25 25.22 25.19 25.12 25.09 25.06 25.06 25.03 25.00 24.91 24.84 24.75 24.75 24.69 24.69 24.62 24.59 24.53 24.53
20.84 20.84 20.84 20.84 20.84 20.81 20.75 20.69 20.62 20.53 20.47 20.38 20.31 20.31 20.22 20.16 20.12 20.06 20.06 20.00 20.00 19.94 19.94 20.00 20.12 20.31 20.47 20.69 20.91 21.22 21.56 21.72 21.81 21.97 22.12 22.25 22.34 22.41 22.50 22.56 22.66 22.78 22.84 22.97 23.06 23.25 23.47 23.72 23.94 24.16 24.34 24.53 24.69 24.81 24.94 25.03 25.09 25.12 25.16 25.12 25.12 25.12 25.12 25.12 25.12 25.09 25.06 25.00 24.94 24.91 24.84 24.81 24.78 24.72 24.69 24.59 24.53 24.47 24.44 24.44 24.38 24.31 24.22 24.22
20.62 20.59 20.62 20.62 20.62 20.59 20.53 20.47 20.44 20.31 20.22 20.16 20.12 20.06 20.00 19.94 19.84 19.78 19.78 19.72 19.72 19.72 19.69 19.72 19.94 20.06 20.28 20.47 20.75 21.06 21.28 21.44 21.66 21.75 21.88 21.97 22.12 22.19 22.28 22.34 22.47 22.56 22.62 22.69 22.84 23.00 23.22 23.44 23.69 23.91 24.09 24.28 24.44 24.59 24.72 24.81 24.88 24.94 24.97 24.97 24.97 25.00 25.00 25.00 24.97 24.94 24.91 24.84 24.78 24.72 24.66 24.59 24.53 24.47 24.41 24.34 24.28 24.22 24.16 24.16 24.09 24.06 23.94 23.88
20.38 20.44 20.44 20.38 20.38 20.38 20.31 20.28 20.22 20.12 20.00 19.91 19.84 19.78 19.72 19.69 19.59 19.53 19.53 19.47 19.47 19.47 19.47 19.53 19.72 19.84 20.06 20.28 20.62 20.84 21.06 21.22 21.38 21.56 21.66 21.75 21.88 21.97 22.03 22.12 22.25 22.28 22.34 22.47 22.59 22.78 23.00 23.22 23.44 23.66 23.84 24.03 24.22 24.38 24.50 24.59 24.69 24.75 24.81 24.84 24.84 24.88 24.88 24.88 24.84 24.81 24.75 24.69 24.59 24.53 24.44 24.38 24.28 24.22 24.12 24.06 24.00 23.94 23.91 23.88 23.84 23.72 23.62 23.53
20.12 20.16 20.16 20.16 20.12 20.12 20.06 20.06 19.94 19.84 19.72 19.69 19.62 19.53 19.47 19.41 19.38 19.31 19.25 19.19 19.19 19.19 19.19 19.31 19.47 19.69 19.91 20.12 20.38 20.62 20.84 21.03 21.16 21.28 21.38 21.50 21.66 21.72 21.81 21.91 22.03 22.09 22.16 22.25 22.38 22.56 22.78 23.00 23.22 23.44 23.62 23.81 24.00 24.16 24.28 24.41 24.50 24.59 24.66 24.69 24.72 24.75 24.75 24.75 24.72 24.69 24.62 24.53 24.44 24.34 24.25 24.16 24.03 23.94 23.88 23.78 23.69 23.62 23.59 23.56 23.53 23.47 23.34 23.19
19.84 19.91 19.94 19.91 19.91 19.91 19.84 19.78 19.72 19.62 19.53 19.41 19.38 19.31 19.19 19.09 19.06 19.06 19.00 18.94 18.94 18.94 18.94 19.09 19.31 19.47 19.69 19.94 20.28 20.47 20.62 20.81 20.97 21.06 21.16 21.28 21.38 21.50 21.66 21.75 21.81 21.84 21.94 22.03 22.19 22.38 22.56 22.78 23.00 23.22 23.41 23.59 23.78 23.94 24.09 24.22 24.34 24.44 24.50 24.56 24.59 24.62 24.66 24.66 24.62 24.56 24.50 24.41 24.28 24.16 24.03 23.94 23.81 23.69 23.59 23.47 23.41 23.34 23.28 23.28 23.25 23.12 23.03 22.84
19.59 19.62 19.69 19.69 19.62 19.62 19.59 19.59 19.47 19.41 19.31 19.19 19.09 19.06 19.00 18.88 18.78 18.78 18.72 18.72 18.72 18.66 18.72 18.88 19.09 19.25 19.47 19.78 20.06 20.28 20.44 20.59 20.75 20.84 20.91 21.03 21.16 21.28 21.44 21.56 21.56 21.62 21.75 21.84 22.00 22.16 22.38 22.56 22.78 23.00 23.22 23.41 23.59 23.75 23.91 24.06 24.16 24.28 24.38 24.44 24.50 24.53 24.56 24.56 24.53 24.47 24.38 24.25 24.12 24.00 23.84 23.69 23.56 23.44 23.31 23.19 23.09 23.00 22.97 22.94 22.91 22.81 22.62 22.47
19.31 19.38 19.41 19.41 19.38 19.38 19.38 19.31 19.25 19.12 19.09 19.00 18.88 18.78 18.72 18.62 18.50 18.50 18.47 18.47 18.47 18.41 18.47 18.66 18.88 19.09 19.25 19.62 19.84 20.06 20.16 20.38 20.47 20.59 20.62 20.75 20.84 21.06 21.19 21.31 21.34 21.38 21.53 21.66 21.81 21.97 22.16 22.38 22.59 22.78 23.00 23.19 23.38 23.56 23.72 23.88 24.00 24.12 24.22 24.31 24.38 24.44 24.47 24.47 24.41 24.34 24.25 24.12 23.97 23.81 23.66 23.47 23.31 23.16 23.00 22.88 22.78 22.69 22.59 22.56 22.50 22.44 22.25 22.03
19.00 19.09 19.12 19.12 19.12 19.09 19.09 19.06 19.00 18.88 18.84 18.72 18.62 18.50 18.47 18.34 18.28 18.25 18.19 18.19 18.19 18.12 18.25 18.47 18.62 18.78 19.06 19.31 19.59 19.72 19.91 20.06 20.16 20.28 20.31 20.47 20.59 20.81 20.94 21.06 21.09 21.16 21.31 21.44 21.59 21.75 21.97 22.16 22.38 22.59 22.81 23.00 23.19 23.38 23.53 23.69 23.84 23.97 24.09 24.19 24.25 24.31 24.34 24.34 24.31 24.25 24.12 23.97 23.81 23.62 23.44 23.25 23.06 22.88 22.72 22.56 22.44 22.31 22.22 22.16 22.09 22.03 21.84 21.62
18.72 18.84 18.84 18.84 18.84 18.84 18.84 18.78 18.66 18.62 18.56 18.50 18.41 18.28 18.19 18.09 17.97 17.97 17.91 17.88 17.88 17.88 18.03 18.19 18.41 18.56 18.84 19.09 19.31 19.47 19.59 19.72 19.84 19.94 20.00 20.06 20.28 20.47 20.66 20.75 20.84 20.94 21.03 21.19 21.34 21.53 21.75 21.94 22.16 22.38 22.59 22.81 23.00 23.19 23.38 23.53 23.69 23.81 23.94 24.06 24.12 24.22 24.25 24.25 24.19 24.12 24.00 23.84 23.66 23.44 23.25 23.03 22.81 22.62 22.44 22.25 22.09 21.97 21.84 21.75 21.66 21.56 21.41 21.22
18.41 18.47 18.50 18.56 18.56 18.56 18.50 18.50 18.41 18.34 18.28 18.25 18.12 18.03 17.91 17.81 17.72 17.72 17.66 17.62 17.62 17.66 17.81 17.97 18.12 18.34 18.62 18.84 19.00 19.12 19.25 19.41 19.53 19.59 19.62 19.72 19.94 20.12 20.31 20.38 20.56 20.66 20.78 20.94 21.09 21.31 21.50 21.75 21.97 22.19 22.41 22.62 22.81 23.00 23.19 23.38 23.53 23.66 23.81 23.91 24.00 24.09 24.12 24.12 24.06 23.97 23.84 23.69 23.50 23.28 23.06 22.81 22.59 22.38 22.16 21.97 21.78 21.59 21.44 21.31 21.19 21.06 20.91 20.72
18.09 18.12 18.19 18.19 18.25 18.25 18.19 18.12 18.12 18.03 18.03 17.97 17.91 17.75 17.66 17.62 17.50 17.38 17.38 17.34 17.34 17.38 17.56 17.72 17.88 18.12 18.41 18.56 18.72 18.84 19.00 19.09 19.19 19.19 19.31 19.41 19.62 19.75 19.94 20.12 20.19 20.34 20.47 20.66 20.84 21.06 21.28 21.50 21.75 22.00 22.22 22.44 22.66 22.84 23.03 23.22 23.38 23.53 23.66 23.78 23.88 23.94 23.97 23.97 23.91 23.81 23.69 23.53 23.31 23.09 22.84 22.62 22.38 22.12 21.91 21.69 21.47 21.28 21.06 20.88 20.72 20.53 20.34 20.16
17.75 17.81 17.88 17.91 17.91 17.88 17.88 17.81 17.81 17.75 17.75 17.75 17.66 17.56 17.38 17.34 17.16 17.16 17.12 17.06 17.06 17.12 17.28 17.44 17.66 17.81 18.12 18.28 18.41 18.56 18.66 18.72 18.84 18.84 18.94 19.06 19.22 19.38 19.56 19.72 19.88 20.03 20.19 20.34 20.56 20.81 21.06 21.31 21.56 21.81 22.06 22.28 22.50 22.72 22.91 23.09 23.25 23.41 23.53 23.66 23.75 23.81 23.81 23.81 23.75 23.66 23.53 23.34 23.12 22.91 22.66 22.41 22.16 21.91 21.69 21.44 21.19 20.97 20.72 20.50 20.28 20.06 19.84 19.62
17.38 17.50 17.56 17.62 17.62 17.62 17.56 17.50 17.50 17.50 17.44 17.44 17.38 17.28 17.12 17.03 16.91 16.91 16.88 16.81 16.81 16.91 17.03 17.22 17.38 17.62 17.91 18.03 18.19 18.28 18.34 18.34 18.41 18.50 18.62 18.72 18.88 19.00 19.19 19.34 19.53 19.69 19.88 20.09 20.34 20.62 20.91 21.19 21.47 21.72 21.97 22.22 22.44 22.62 22.81 22.97 23.12 23.28 23.41 23.50 23.59 23.62 23.66 23.62 23.56 23.47 23.31 23.12 22.94 22.69 22.47 22.22 21.94 21.69 21.44 21.19 20.94 20.69 20.44 20.16 19.91 19.66 19.41 19.16
17.06 17.16 17.16 17.28 17.28 17.22 17.22 17.16 17.16 17.16 17.16 17.16 17.16 17.03 16.88 16.75 16.69 16.59 16.59 16.53 16.53 16.66 16.81 16.97 17.12 17.44 17.66 17.75 17.97 17.97 18.03 18.03 18.09 18.16 18.25 18.41 18.53 18.69 18.84 19.00 19.16 19.34 19.59 19.88 20.19 20.50 20.84 21.19 21.47 21.75 22.00 22.22 22.41 22.56 22.72 22.88 23.00 23.12 23.25 23.34 23.41 23.44 23.44 23.41 23.34 23.22 23.09 22.91 22.69 22.47 22.22 21.97 21.72 21.47 21.22 20.94 20.69 20.41 20.12 19.84 19.56 19.28 19.00 18.72
16.75 16.81 16.88 16.91 16.91 16.91 16.91 16.88 16.88 16.81 16.88 16.88 16.88 16.75 16.59 16.50 16.44 16.31 16.31 16.28 16.28 16.44 16.53 16.69 16.88 17.16 17.38 17.56 17.66 17.72 17.75 17.72 17.75 17.84 17.94 18.06 18.19 18.34 18.50 18.66 18.84 19.06 19.34 19.69 20.09 20.47 20.88 21.25 21.56 21.81 22.03 22.22 22.38 22.50 22.62 22.75 22.88 22.97 23.06 23.12 23.19 23.22 23.19 23.16 23.06 22.97 22.81 22.62 22.44 22.19 21.97 21.72 21.47 21.22 20.94 20.69 20.41 20.16 19.84 19.56 19.25 18.97 18.66 18.34
16.44 16.50 16.53 16.53 16.59 16.59 16.59 16.53 16.53 16.53 16.53 16.53 16.53 16.44 16.28 16.22 16.16 16.12 16.06 16.00 16.00 16.16 16.28 16.44 16.66 16.91 17.12 17.28 17.38 17.44 17.44 17.41 17.44 17.50 17.62 17.72 17.88 18.00 18.16 18.31 18.53 18.84 19.19 19.59 20.06 20.50 20.94 21.31 21.59 21.84 22.03 22.19 22.31 22.41 22.50 22.59 22.69 22.78 22.84 22.91 22.94 22.94 22.91 22.84 22.78 22.66 22.50 22.31 22.12 21.91 21.66 21.44 21.19 20.94 20.66 20.41 20.12 19.84 19.56 19.25 18.94 18.62 18.28 17.94
15.72 16.12 16.16 16.22 16.28 16.28 16.22 16.22 16.22 16.22 16.22 16.22 16.22 16.12 16.00 15.94 15.91 15.84 15.78 15.72 15.72 15.91 16.00 16.16 16.31 16.66 16.88 17.03 17.06 17.12 17.12 17.12 17.12 17.19 17.28 17.41 17.53 17.69 17.81 18.03 18.28 18.66 19.06 19.53 20.03 20.53 20.94 21.31 21.59 21.78 21.94 22.06 22.16 22.25 22.31 22.41 22.47 22.53 22.56 22.59 22.62 22.62 22.56 22.50 22.41 22.28 22.12 21.97 21.75 21.56 21.31 21.09 20.84 20.59 20.34 20.09 19.81 19.53 19.25 18.94 18.62 18.28 17.94 17.56
14.97 15.59 15.84 15.91 15.94 15.94 15.91 15.91 15.84 15.91 15.91 15.91 15.91 15.78 15.72 15.69 15.59 15.59 15.53 15.47 15.47 15.59 15.69 15.84 16.06 16.38 16.59 16.69 16.75 16.81 16.75 16.75 16.81 16.88 16.97 17.06 17.19 17.34 17.50 17.75 18.09 18.53 19.00 19.50 20.00 20.47 20.84 21.19 21.44 21.62 21.75 21.88 21.94 22.00 22.06 22.12 22.16 22.22 22.25 22.25 22.25 22.25 22.19 22.12 22.03 21.88 21.75 21.56 21.38 21.16 20.94 20.72 20.47 20.22 19.97 19.72 19.47 19.19 18.88 18.59 18.25 17.91 17.53 17.16
14.66 14.88 15.53 15.53 15.59 15.62 15.59 15.59 15.53 15.53 15.59 15.59 15.59 15.47 15.47 15.38 15.31 15.31 15.25 15.19 15.19 15.31 15.41 15.53 15.78 16.12 16.28 16.38 16.44 16.44 16.44 16.44 16.47 16.53 16.59 16.72 16.84 17.00 17.22 17.53 17.94 18.41 18.91 19.41 19.88 20.28 20.66 20.97 21.19 21.34 21.47 21.56 21.62 21.69 21.75 21.78 21.81 21.84 21.88 21.88 21.84 21.81 21.75 21.69 21.56 21.44 21.28 21.12 20.94 20.72 20.50 20.28 20.03 19.81 19.56 19.31 19.03 18.78 18.47 18.19 17.84 17.50 17.12 16.72
14.50 14.44 14.97 15.19 15.31 15.31 15.25 15.19 15.19 15.19 15.25 15.31 15.25 15.19 15.16 15.09 15.06 15.06 15.00 14.94 14.94 15.06 15.16 15.25 15.47 15.72 15.91 16.00 16.00 16.06 16.06 16.06 16.09 16.16 16.25 16.34 16.47 16.66 16.94 17.34 17.78 18.25 18.75 19.22 19.62 20.03 20.34 20.59 20.81 20.97 21.06 21.16 21.22 21.28 21.31 21.38 21.41 21.41 21.41 21.41 21.38 21.34 21.28 21.19 21.09 20.94 20.78 20.62 20.44 20.22 20.03 19.78 19.56 19.34 19.09 18.84 18.59 18.31 18.03 17.72 17.38 17.03 16.62 16.22
14.09 14.19 14.34 14.88 15.00 14.94 14.88 14.88 14.88 14.88 14.94 15.00 14.94 14.88 14.88 14.84 14.78 14.72 14.72 14.69 14.69 14.78 14.84 14.94 15.16 15.38 15.53 15.59 15.62 15.69 15.69 15.69 15.72 15.78 15.88 15.97 16.12 16.31 16.66 17.09 17.56 18.03 18.50 18.91 19.28 19.62 19.91 20.16 20.34 20.47 20.59 20.66 20.75 20.78 20.84 20.88 20.91 20.91 20.91 20.91 20.88 20.81 20.75 20.66 20.53 20.41 20.25 20.06 19.88 19.69 19.47 19.25 19.03 18.81 18.56 18.31 18.06 17.78 17.50 17.19 16.84 16.50 16.09 15.66
