arlandasctiles/Tile[12,3].asc
ncols 128
nrows 128
xllcorner 0
yllcorner 0
cellsize 2.0
NODATA_value  -9999
[rows 32 to 63 of 128, columns 0 to 70 of 128]
-13.56 -13.62 -13.66 -13.69 -13.72 -13.75 -13.78 -13.84 -13.88 -13.91 -13.94 -13.97 -14.00 -14.03 -14.06 -14.06 -14.09 -14.12 -14.16 -14.19 -14.22 -14.22 -14.25 -14.25 -14.28 -14.28 -14.28 -14.25 -14.25 -14.22 -14.19 -14.19 -14.16 -14.12 -14.09 -14.06 -14.06 -14.03 -14.00 -13.97 -13.91 -13.88 -13.84 -13.81 -13.78 -13.72 -13.69 -13.66 -13.59 -13.53 -13.50 -13.44 -13.38 -13.31 -13.25 -13.19 -13.12 -13.06 -13.00 -12.94 -12.88 -12.81 -12.75 -12.69 -12.66 -12.62 -12.59 -12.56 -12.53 -12.53 -12.50
-13.62 -13.66 -13.69 -13.75 -13.78 -13.81 -13.84 -13.88 -13.91 -13.94 -13.97 -14.03 -14.06 -14.06 -14.09 -14.12 -14.16 -14.19 -14.22 -14.25 -14.28 -14.28 -14.31 -14.31 -14.34 -14.34 -14.34 -14.34 -14.31 -14.31 -14.28 -14.25 -14.25 -14.22 -14.19 -14.16 -14.12 -14.09 -14.06 -14.03 -14.00 -13.97 -13.94 -13.91 -13.88 -13.81 -13.78 -13.72 -13.69 -13.62 -13.59 -13.53 -13.47 -13.41 -13.34 -13.28 -13.22 -13.16 -13.09 -13.00 -13.03 -12.88 -12.81 -12.78 -12.72 -12.66 -12.62 -12.59 -12.56 -12.56 -12.53
-13.69 -13.72 -13.75 -13.78 -13.84 -13.88 -13.91 -13.94 -13.97 -14.00 -14.03 -14.06 -14.09 -14.12 -14.16 -14.19 -14.22 -14.25 -14.28 -14.31 -14.34 -14.34 -14.38 -14.38 -14.41 -14.41 -14.41 -14.41 -14.41 -14.38 -14.38 -14.34 -14.31 -14.31 -14.28 -14.25 -14.22 -14.19 -14.16 -14.12 -14.09 -14.06 -14.03 -14.00 -13.94 -13.91 -13.88 -13.81 -13.78 -13.72 -13.69 -13.62 -13.56 -13.50 -13.44 -13.38 -13.31 -13.25 -13.19 -13.25 -13.03 -12.97 -12.91 -12.84 -12.78 -12.72 -12.66 -12.62 -12.59 -12.56 -12.56
-13.72 -13.78 -13.81 -13.84 -13.88 -13.94 -13.97 -14.00 -14.03 -14.06 -14.09 -14.12 -14.16 -14.19 -14.22 -14.25 -14.28 -14.31 -14.34 -14.38 -14.41 -14.41 -14.44 -14.47 -14.47 -14.47 -14.50 -14.50 -14.47 -14.47 -14.44 -14.44 -14.41 -14.38 -14.38 -14.34 -14.31 -14.28 -14.25 -14.22 -14.19 -14.16 -14.12 -14.09 -14.03 -14.00 -13.97 -13.94 -13.88 -13.84 -13.78 -13.72 -13.69 -13.62 -13.56 -13.50 -13.41 -13.31 -13.25 -13.19 -13.12 -13.03 -12.97 -12.91 -12.84 -12.78 -12.72 -12.66 -12.62 -12.59 -12.59
-13.78 -13.81 -13.88 -13.91 -13.94 -13.97 -14.03 -14.06 -14.09 -14.12 -14.16 -14.19 -14.22 -14.25 -14.28 -14.31 -14.34 -14.38 -14.41 -14.44 -14.47 -14.47 -14.50 -14.53 -14.53 -14.56 -14.56 -14.56 -14.56 -14.56 -14.53 -14.50 -14.50 -14.47 -14.44 -14.44 -14.41 -14.38 -14.34 -14.31 -14.28 -14.25 -14.22 -14.19 -14.12 -14.09 -14.06 -14.03 -13.97 -13.94 -13.88 -13.84 -13.78 -13.72 -13.66 -13.59 -13.50 -13.44 -13.34 -13.28 -13.19 -13.12 -13.06 -12.97 -12.91 -12.84 -12.78 -12.72 -12.62 -12.72 -12.59
-13.84 -13.88 -13.91 -13.97 -14.00 -14.03 -14.09 -14.12 -14.16 -14.19 -14.22 -14.25 -14.31 -14.34 -14.38 -14.41 -14.44 -14.44 -14.47 -14.50 -14.53 -14.56 -14.56 -14.59 -14.62 -14.62 -14.62 -14.66 -14.62 -14.62 -14.62 -14.59 -14.59 -14.56 -14.53 -14.50 -14.47 -14.47 -14.44 -14.41 -14.38 -14.34 -14.31 -14.25 -14.22 -14.19 -14.16 -14.12 -14.06 -14.03 -13.97 -13.94 -13.88 -13.81 -13.75 -13.69 -13.59 -13.50 -13.44 -13.34 -13.28 -13.19 -13.12 -13.06 -12.97 -12.91 -12.88 -12.69 -12.59 -12.38 -12.38
-13.91 -13.94 -13.97 -14.03 -14.06 -14.09 -14.16 -14.19 -14.22 -14.25 -14.28 -14.31 -14.38 -14.41 -14.44 -14.47 -14.50 -14.53 -14.56 -14.56 -14.59 -14.62 -14.66 -14.66 -14.69 -14.69 -14.72 -14.72 -14.72 -14.72 -14.69 -14.69 -14.66 -14.66 -14.62 -14.59 -14.56 -14.53 -14.53 -14.50 -14.47 -14.44 -14.41 -14.34 -14.31 -14.28 -14.25 -14.22 -14.16 -14.12 -14.06 -14.03 -13.97 -13.91 -13.84 -13.78 -13.69 -13.59 -13.53 -13.44 -13.34 -13.28 -13.19 -13.12 -13.03 -13.03 -12.91 -12.94 -13.03 -12.97 -12.84
-13.94 -14.00 -14.03 -14.09 -14.12 -14.16 -14.22 -14.25 -14.28 -14.31 -14.34 -14.41 -14.44 -14.47 -14.50 -14.53 -14.56 -14.59 -14.62 -14.66 -14.69 -14.69 -14.72 -14.75 -14.75 -14.78 -14.78 -14.81 -14.81 -14.81 -14.78 -14.78 -14.75 -14.72 -14.72 -14.69 -14.66 -14.62 -14.59 -14.59 -14.56 -14.53 -14.50 -14.44 -14.41 -14.38 -14.34 -14.31 -14.25 -14.22 -14.19 -14.12 -14.06 -14.03 -13.97 -13.88 -13.81 -13.72 -13.62 -13.53 -13.44 -13.34 -13.28 -13.19 -13.16 -13.09 -13.06 -13.09 -12.69 -12.62 -12.38
-14.00 -14.06 -14.09 -14.16 -14.19 -14.22 -14.28 -14.31 -14.34 -14.38 -14.44 -14.47 -14.50 -14.53 -14.56 -14.59 -14.62 -14.66 -14.69 -14.72 -14.75 -14.78 -14.81 -14.81 -14.84 -14.88 -14.88 -14.88 -14.88 -14.88 -14.88 -14.88 -14.84 -14.81 -14.81 -14.78 -14.75 -14.72 -14.69 -14.69 -14.66 -14.62 -14.59 -14.56 -14.50 -14.47 -14.44 -14.41 -14.38 -14.31 -14.28 -14.22 -14.19 -14.12 -14.06 -14.00 -13.94 -13.84 -13.75 -13.62 -13.50 -13.41 -13.34 -13.28 -13.22 -13.06 -13.19 -12.94 -12.81 -12.66 -12.34
-14.06 -14.12 -14.16 -14.22 -14.25 -14.28 -14.34 -14.38 -14.41 -14.44 -14.50 -14.53 -14.56 -14.59 -14.62 -14.69 -14.72 -14.75 -14.78 -14.81 -14.81 -14.84 -14.88 -14.91 -14.94 -14.94 -14.97 -14.97 -14.97 -14.97 -14.97 -14.94 -14.94 -14.91 -14.91 -14.88 -14.84 -14.81 -14.78 -14.78 -14.75 -14.72 -14.69 -14.66 -14.59 -14.56 -14.53 -14.50 -14.47 -14.41 -14.38 -14.34 -14.28 -14.25 -14.19 -14.12 -14.06 -13.97 -13.84 -13.69 -13.53 -13.59 -13.38 -13.50 -13.31 -13.22 -12.94 -12.84 -12.78 -12.66 -12.53
-14.12 -14.19 -14.22 -14.28 -14.31 -14.34 -14.41 -14.44 -14.47 -14.53 -14.56 -14.59 -14.62 -14.69 -14.72 -14.75 -14.78 -14.81 -14.84 -14.88 -14.91 -14.94 -14.97 -14.97 -15.00 -15.03 -15.03 -15.06 -15.06 -15.06 -15.06 -15.03 -15.03 -15.00 -15.00 -14.97 -14.94 -14.91 -14.88 -14.88 -14.84 -14.81 -14.78 -14.75 -14.72 -14.66 -14.62 -14.59 -14.56 -14.53 -14.47 -14.44 -14.38 -14.34 -14.28 -14.25 -14.19 -14.16 -14.12 -14.06 -14.00 -13.75 -13.69 -13.69 -13.66 -13.50 -13.28 -13.12 -12.72 -12.62 -12.50
-14.19 -14.25 -14.28 -14.34 -14.38 -14.44 -14.47 -14.50 -14.56 -14.59 -14.62 -14.69 -14.72 -14.75 -14.78 -14.81 -14.84 -14.91 -14.94 -14.97 -14.97 -15.00 -15.03 -15.06 -15.09 -15.09 -15.12 -15.12 -15.16 -15.16 -15.16 -15.12 -15.12 -15.09 -15.09 -15.06 -15.03 -15.00 -15.00 -14.97 -14.94 -14.91 -14.88 -14.84 -14.81 -14.78 -14.72 -14.69 -14.66 -14.62 -14.59 -14.53 -14.50 -14.47 -14.41 -14.38 -14.31 -14.28 -14.25 -14.16 -14.09 -13.88 -13.81 -13.69 -13.62 -13.31 -13.31 -13.09 -12.75 -12.47 -12.22
-14.25 -14.31 -14.34 -14.41 -14.44 -14.50 -14.53 -14.59 -14.62 -14.66 -14.72 -14.75 -14.78 -14.81 -14.88 -14.91 -14.94 -14.97 -15.00 -15.03 -15.06 -15.09 -15.12 -15.16 -15.16 -15.19 -15.22 -15.22 -15.22 -15.25 -15.25 -15.22 -15.22 -15.19 -15.19 -15.16 -15.12 -15.12 -15.09 -15.06 -15.03 -15.00 -14.97 -14.94 -14.91 -14.88 -14.84 -14.78 -14.75 -14.72 -14.69 -14.66 -14.59 -14.56 -14.50 -14.47 -14.41 -14.38 -14.34 -14.12 -14.00 -13.72 -13.47 -13.41 -13.25 -13.28 -13.16 -13.25 -13.06 -12.84 -12.34
-14.31 -14.38 -14.44 -14.47 -14.50 -14.56 -14.59 -14.66 -14.69 -14.75 -14.78 -14.81 -14.88 -14.91 -14.94 -14.97 -15.00 -15.06 -15.09 -15.12 -15.16 -15.19 -15.22 -15.22 -15.25 -15.28 -15.28 -15.31 -15.31 -15.34 -15.34 -15.31 -15.31 -15.28 -15.28 -15.25 -15.25 -15.22 -15.19 -15.16 -15.12 -15.09 -15.06 -15.03 -15.00 -14.97 -14.94 -14.91 -14.84 -14.81 -14.78 -14.75 -14.72 -14.69 -14.66 -14.62 -14.56 -14.50 -14.47 -14.41 -14.12 -13.88 -13.66 -13.25 -13.09 -13.00 -12.94 -12.72 -12.69 -12.62 -12.84
-14.41 -14.44 -14.50 -14.53 -14.59 -14.62 -14.69 -14.72 -14.78 -14.81 -14.84 -14.91 -14.94 -14.97 -15.03 -15.06 -15.09 -15.12 -15.16 -15.19 -15.22 -15.25 -15.28 -15.31 -15.34 -15.38 -15.38 -15.41 -15.41 -15.44 -15.44 -15.41 -15.41 -15.41 -15.38 -15.34 -15.34 -15.31 -15.28 -15.25 -15.22 -15.19 -15.16 -15.12 -15.09 -15.06 -15.03 -15.00 -14.94 -14.91 -14.88 -14.84 -14.81 -14.78 -14.75 -14.72 -14.69 -14.62 -14.53 -14.28 -14.09 -13.75 -13.47 -13.25 -13.28 -13.31 -13.09 -12.69 -12.41 -12.19 -12.06
-14.47 -14.53 -14.56 -14.62 -14.66 -14.72 -14.75 -14.81 -14.84 -14.91 -14.94 -14.97 -15.03 -15.06 -15.09 -15.16 -15.19 -15.22 -15.25 -15.28 -15.31 -15.34 -15.38 -15.41 -15.44 -15.44 -15.47 -15.50 -15.50 -15.50 -15.53 -15.53 -15.50 -15.50 -15.47 -15.47 -15.44 -15.41 -15.41 -15.38 -15.34 -15.31 -15.28 -15.25 -15.22 -15.16 -15.12 -15.09 -15.06 -15.00 -14.97 -14.94 -14.91 -14.88 -14.84 -14.81 -14.78 -14.78 -14.50 -14.31 -14.09 -13.84 -14.06 -13.94 -13.78 -13.38 -13.22 -13.03 -12.78 -12.50 -12.22
-14.53 -14.59 -14.62 -14.69 -14.75 -14.78 -14.84 -14.88 -14.94 -14.97 -15.03 -15.06 -15.09 -15.16 -15.19 -15.22 -15.28 -15.31 -15.34 -15.38 -15.41 -15.44 -15.47 -15.50 -15.53 -15.53 -15.56 -15.59 -15.59 -15.62 -15.62 -15.62 -15.59 -15.59 -15.59 -15.56 -15.53 -15.53 -15.50 -15.47 -15.44 -15.41 -15.38 -15.34 -15.31 -15.28 -15.25 -15.19 -15.16 -15.09 -15.06 -15.03 -14.97 -14.94 -14.91 -14.91 -14.91 -14.88 -14.66 -14.62 -14.59 -14.38 -13.84 -13.56 -13.53 -13.34 -13.03 -12.91 -12.59 -12.28 -12.06
-14.62 -14.66 -14.72 -14.78 -14.81 -14.88 -14.91 -14.97 -15.00 -15.06 -15.09 -15.16 -15.19 -15.25 -15.28 -15.31 -15.34 -15.41 -15.44 -15.47 -15.50 -15.53 -15.56 -15.59 -15.62 -15.62 -15.66 -15.69 -15.69 -15.72 -15.72 -15.72 -15.72 -15.69 -15.69 -15.66 -15.66 -15.62 -15.59 -15.59 -15.56 -15.53 -15.50 -15.47 -15.44 -15.41 -15.38 -15.31 -15.28 -15.22 -15.19 -15.12 -15.06 -15.03 -15.00 -14.94 -14.94 -14.88 -14.66 -14.53 -14.38 -14.19 -14.00 -13.78 -13.38 -13.19 -13.00 -12.84 -12.53 -12.50 -12.53
-14.69 -14.75 -14.78 -14.84 -14.91 -14.94 -15.00 -15.06 -15.09 -15.16 -15.19 -15.25 -15.28 -15.31 -15.38 -15.41 -15.44 -15.47 -15.53 -15.56 -15.59 -15.62 -15.66 -15.69 -15.72 -15.72 -15.75 -15.78 -15.78 -15.81 -15.81 -15.81 -15.81 -15.81 -15.78 -15.78 -15.75 -15.75 -15.72 -15.69 -15.69 -15.66 -15.62 -15.59 -15.56 -15.53 -15.47 -15.44 -15.41 -15.34 -15.31 -15.25 -15.19 -15.12 -15.06 -15.03 -15.16 -15.03 -14.78 -14.56 -14.22 -13.97 -13.75 -13.53 -13.38 -13.28 -13.28 -13.50 -13.44 -13.00 -12.47
-14.78 -14.81 -14.88 -14.94 -14.97 -15.03 -15.09 -15.12 -15.19 -15.22 -15.28 -15.31 -15.38 -15.41 -15.47 -15.50 -15.53 -15.56 -15.62 -15.66 -15.69 -15.72 -15.75 -15.78 -15.81 -15.84 -15.84 -15.88 -15.88 -15.91 -15.91 -15.91 -15.91 -15.91 -15.91 -15.88 -15.88 -15.84 -15.84 -15.81 -15.78 -15.78 -15.75 -15.72 -15.69 -15.66 -15.62 -15.56 -15.53 -15.47 -15.44 -15.38 -15.31 -15.25 -15.19 -15.12 -15.12 -15.00 -14.78 -14.53 -14.28 -14.16 -13.94 -13.81 -13.69 -14.00 -13.78 -13.00 -12.72 -12.47 -12.28
-14.84 -14.91 -14.97 -15.00 -15.06 -15.12 -15.16 -15.22 -15.28 -15.31 -15.38 -15.41 -15.47 -15.50 -15.56 -15.59 -15.62 -15.66 -15.72 -15.75 -15.78 -15.81 -15.84 -15.88 -15.91 -15.94 -15.94 -15.97 -16.00 -16.00 -16.03 -16.03 -16.03 -16.03 -16.00 -16.00 -16.00 -15.97 -15.97 -15.94 -15.91 -15.91 -15.88 -15.84 -15.81 -15.78 -15.75 -15.72 -15.66 -15.62 -15.56 -15.50 -15.44 -15.38 -15.31 -15.25 -15.28 -15.03 -14.75 -14.59 -14.41 -14.50 -14.62 -14.66 -14.50 -14.12 -13.69 -13.66 -13.53 -13.31 -13.16
-14.94 -15.00 -15.03 -15.09 -15.16 -15.22 -15.25 -15.31 -15.34 -15.41 -15.47 -15.50 -15.56 -15.59 -15.66 -15.69 -15.72 -15.78 -15.81 -15.84 -15.88 -15.91 -15.94 -15.97 -16.00 -16.03 -16.06 -16.06 -16.09 -16.12 -16.12 -16.12 -16.12 -16.12 -16.12 -16.12 -16.09 -16.09 -16.09 -16.06 -16.03 -16.03 -16.00 -15.97 -15.94 -15.91 -15.88 -15.84 -15.81 -15.75 -15.72 -15.66 -15.59 -15.47 -15.47 -15.41 -15.16 -14.91 -14.81 -15.06 -15.16 -15.12 -14.81 -14.38 -14.03 -13.88 -13.69 -13.25 -12.94 -13.09 -13.09
-15.03 -15.06 -15.12 -15.19 -15.25 -15.28 -15.34 -15.41 -15.44 -15.50 -15.56 -15.59 -15.66 -15.69 -15.75 -15.78 -15.81 -15.88 -15.91 -15.94 -15.97 -16.00 -16.03 -16.06 -16.09 -16.12 -16.16 -16.19 -16.19 -16.22 -16.25 -16.25 -16.25 -16.25 -16.25 -16.25 -16.22 -16.22 -16.22 -16.19 -16.16 -16.16 -16.12 -16.09 -16.09 -16.06 -16.03 -16.00 -15.94 -15.91 -15.84 -15.81 -15.72 -15.66 -15.66 -15.53 -15.44 -15.53 -15.59 -15.44 -15.16 -14.53 -14.22 -14.00 -13.81 -13.66 -13.53 -13.62 -13.59 -13.34 -12.53
-15.09 -15.16 -15.22 -15.28 -15.31 -15.38 -15.44 -15.50 -15.53 -15.59 -15.66 -15.69 -15.75 -15.78 -15.84 -15.88 -15.94 -15.97 -16.00 -16.03 -16.09 -16.12 -16.16 -16.19 -16.22 -16.25 -16.28 -16.28 -16.31 -16.34 -16.34 -16.38 -16.38 -16.38 -16.38 -16.38 -16.34 -16.34 -16.34 -16.31 -16.31 -16.28 -16.25 -16.25 -16.22 -16.19 -16.16 -16.12 -16.09 -16.06 -16.00 -15.94 -15.88 -15.88 -15.84 -15.88 -15.91 -15.78 -15.44 -15.06 -14.81 -14.53 -14.44 -14.31 -14.47 -14.38 -14.19 -13.88 -13.25 -12.94 -12.84
-15.19 -15.25 -15.31 -15.38 -15.41 -15.47 -15.53 -15.59 -15.62 -15.69 -15.75 -15.78 -15.84 -15.88 -15.94 -15.97 -16.03 -16.06 -16.09 -16.16 -16.19 -16.22 -16.25 -16.28 -16.31 -16.34 -16.38 -16.41 -16.44 -16.44 -16.47 -16.47 -16.50 -16.50 -16.50 -16.50 -16.50 -16.47 -16.47 -16.44 -16.44 -16.41 -16.41 -16.38 -16.38 -16.34 -16.31 -16.28 -16.25 -16.22 -16.19 -16.16 -16.12 -16.12 -16.09 -16.09 -15.81 -15.19 -15.12 -14.97 -14.75 -14.66 -14.97 -14.84 -14.62 -14.00 -13.84 -13.62 -13.41 -13.12 -12.66
-15.28 -15.34 -15.41 -15.47 -15.50 -15.56 -15.62 -15.69 -15.72 -15.78 -15.84 -15.88 -15.94 -16.00 -16.03 -16.09 -16.12 -16.16 -16.22 -16.25 -16.28 -16.31 -16.38 -16.41 -16.44 -16.47 -16.50 -16.50 -16.53 -16.56 -16.59 -16.59 -16.59 -16.62 -16.62 -16.62 -16.62 -16.62 -16.59 -16.59 -16.56 -16.56 -16.53 -16.53 -16.50 -16.50 -16.47 -16.44 -16.41 -16.38 -16.38 -16.31 -16.28 -16.28 -16.06 -15.97 -15.66 -15.44 -15.34 -15.03 -15.06 -15.22 -15.06 -14.81 -14.56 -14.44 -14.22 -13.94 -13.75 -13.53 -13.31
-15.38 -15.44 -15.50 -15.56 -15.59 -15.66 -15.72 -15.78 -15.84 -15.88 -15.94 -16.00 -16.03 -16.09 -16.12 -16.19 -16.22 -16.28 -16.31 -16.34 -16.41 -16.44 -16.47 -16.50 -16.53 -16.56 -16.59 -16.62 -16.66 -16.69 -16.69 -16.72 -16.72 -16.75 -16.75 -16.75 -16.75 -16.75 -16.75 -16.72 -16.72 -16.72 -16.69 -16.69 -16.66 -16.66 -16.62 -16.59 -16.56 -16.53 -16.50 -16.47 -16.44 -16.34 -16.19 -16.12 -15.88 -15.69 -15.41 -15.28 -15.53 -15.44 -15.38 -15.34 -15.28 -15.06 -14.84 -14.38 -14.06 -13.38 -12.97
-15.47 -15.53 -15.59 -15.66 -15.69 -15.75 -15.81 -15.88 -15.94 -15.97 -16.03 -16.09 -16.16 -16.19 -16.25 -16.28 -16.34 -16.38 -16.41 -16.47 -16.50 -16.53 -16.59 -16.62 -16.66 -16.69 -16.72 -16.75 -16.78 -16.81 -16.81 -16.84 -16.84 -16.88 -16.88 -16.88 -16.88 -16.88 -16.88 -16.88 -16.88 -16.84 -16.84 -16.84 -16.81 -16.81 -16.78 -16.78 -16.75 -16.72 -16.69 -16.66 -16.72 -16.53 -16.12 -16.38 -16.00 -15.88 -15.59 -15.88 -15.94 -15.91 -15.69 -15.16 -14.50 -14.12 -13.81 -13.53 -13.38 -13.69 -13.56
-15.56 -15.62 -15.69 -15.75 -15.78 -15.84 -15.91 -15.97 -16.03 -16.09 -16.12 -16.19 -16.25 -16.28 -16.34 -16.41 -16.44 -16.50 -16.53 -16.56 -16.62 -16.66 -16.69 -16.72 -16.78 -16.81 -16.84 -16.88 -16.91 -16.94 -16.94 -16.97 -17.00 -17.00 -17.00 -17.03 -17.03 -17.03 -17.03 -17.03 -17.00 -17.00 -17.00 -17.00 -16.97 -16.97 -16.97 -16.94 -16.91 -16.91 -16.88 -16.84 -16.81 -16.69 -16.25 -16.69 -16.12 -15.97 -16.16 -16.31 -16.22 -15.84 -15.06 -14.78 -14.50 -14.19 -13.97 -13.94 -13.84 -13.19 -12.97
-15.66 -15.72 -15.78 -15.84 -15.91 -15.94 -16.00 -16.06 -16.12 -16.19 -16.25 -16.28 -16.34 -16.41 -16.44 -16.50 -16.56 -16.59 -16.62 -16.69 -16.72 -16.78 -16.81 -16.84 -16.88 -16.91 -16.97 -17.00 -17.03 -17.06 -17.06 -17.09 -17.12 -17.12 -17.16 -17.16 -17.16 -17.19 -17.16 -17.16 -17.16 -17.16 -17.16 -17.16 -17.16 -17.12 -17.12 -17.12 -17.09 -17.06 -17.06 -17.06 -17.09 -16.72 -16.88 -16.81 -16.31 -16.62 -16.75 -16.56 -16.12 -15.41 -15.12 -14.88 -14.62 -14.44 -14.31 -14.09 -13.75 -13.44 -13.44
-15.75 -15.81 -15.88 -15.94 -16.00 -16.06 -16.09 -16.16 -16.22 -16.28 -16.34 -16.41 -16.44 -16.50 -16.56 -16.59 -16.66 -16.72 -16.75 -16.81 -16.84 -16.88 -16.94 -16.97 -17.00 -17.03 -17.09 -17.12 -17.16 -17.19 -17.22 -17.22 -17.25 -17.28 -17.28 -17.31 -17.31 -17.31 -17.31 -17.31 -17.31 -17.31 -17.31 -17.31 -17.31 -17.31 -17.28 -17.28 -17.28 -17.25 -17.22 -17.25 -17.25 -17.22 -17.16 -16.72 -16.97 -17.09 -16.88 -16.25 -15.94 -15.62 -15.31 -15.06 -14.84 -14.62 -14.75 -14.41 -14.03 -13.88 -13.50
-15.84 -15.91 -15.97 -16.03 -16.09 -16.16 -16.22 -16.28 -16.34 -16.38 -16.44 -16.50 -16.56 -16.62 -16.66 -16.72 -16.78 -16.81 -16.88 -16.91 -16.97 -17.00 -17.03 -17.09 -17.12 -17.16 -17.22 -17.25 -17.28 -17.31 -17.34 -17.38 -17.38 -17.41 -17.44 -17.44 -17.47 -17.47 -17.47 -17.47 -17.47 -17.47 -17.47 -17.47 -17.47 -17.47 -17.47 -17.47 -17.47 -17.44 -17.41 -17.44 -17.50 -17.50 -17.31 -17.41 -17.44 -17.16 -16.44 -16.25 -16.06 -15.66 -15.44 -15.22 -15.22 -15.34 -15.22 -14.84 -14.53 -14.28 -14.22
