arlandasctiles/Tile9,3.asc
ncols 128
nrows 128
xllcorner 0
yllcorner 0
cellsize 2.0
NODATA_value  -9999
[rows 34 to 67 of 128, columns 0 to 76 of 128]
39.84 39.56 39.31 39.03 38.78 38.56 38.28 38.03 37.81 37.59 37.28 37.00 36.75 36.53 36.31 36.09 35.88 35.66 35.41 35.19 34.97 34.78 34.56 34.41 34.25 34.03 33.88 33.69 33.59 33.47 33.34 33.22 33.06 32.94 32.81 32.62 32.47 32.31 32.16 32.00 31.88 31.78 31.66 31.62 31.50 31.44 31.25 31.12 30.97 30.81 30.69 30.56 30.44 30.31 30.06 29.81 29.44 29.22 28.97 28.84 28.97 29.19 29.19 29.00 28.75 28.47 27.75 26.25 25.97 25.88 26.47 27.44 27.75 28.16 28.59 29.09 29.62
39.50 39.25 38.97 38.72 38.44 38.19 37.91 37.69 37.44 37.22 36.91 36.69 36.38 36.16 35.94 35.72 35.50 35.31 35.09 34.81 34.66 34.44 34.28 34.06 33.91 33.75 33.59 33.44 33.28 33.16 33.06 32.94 32.84 32.69 32.59 32.44 32.25 32.09 31.94 31.84 31.66 31.56 31.47 31.41 31.31 31.22 31.03 30.88 30.72 30.56 30.47 30.31 30.22 30.03 29.88 29.50 29.19 28.84 28.69 28.66 28.78 28.97 28.84 28.69 28.44 28.16 27.69 26.22 25.62 25.50 25.78 26.94 27.47 27.91 28.41 28.94 29.47
39.12 38.88 38.59 38.38 38.12 37.88 37.59 37.34 37.12 36.84 36.62 36.38 36.03 35.84 35.62 35.41 35.19 34.97 34.81 34.56 34.34 34.19 33.97 33.81 33.59 33.47 33.34 33.16 33.06 32.91 32.81 32.69 32.59 32.47 32.38 32.22 32.06 31.88 31.72 31.62 31.47 31.38 31.25 31.19 31.09 30.94 30.81 30.66 30.50 30.34 30.25 30.09 29.97 29.78 29.59 29.25 28.88 28.56 28.44 28.44 28.56 28.62 28.53 28.38 28.12 27.84 27.53 26.25 25.28 25.19 25.28 26.41 27.19 27.69 28.22 28.75 29.31
38.81 38.56 38.28 38.03 37.75 37.53 37.28 37.00 36.75 36.47 36.25 36.03 35.78 35.50 35.31 35.09 34.88 34.72 34.44 34.25 34.06 33.91 33.75 33.53 33.38 33.22 33.06 32.94 32.81 32.69 32.59 32.47 32.31 32.22 32.09 32.00 31.84 31.66 31.56 31.41 31.31 31.19 31.03 30.94 30.88 30.72 30.59 30.44 30.25 30.12 30.00 29.84 29.72 29.56 29.25 28.94 28.59 28.25 28.19 28.25 28.38 28.31 28.25 28.06 27.84 27.53 27.19 26.12 24.94 24.84 24.91 26.00 26.97 27.50 28.03 28.59 29.16
38.50 38.22 37.97 37.75 37.47 37.22 36.94 36.75 36.47 36.22 35.94 35.66 35.47 35.25 34.97 34.78 34.56 34.41 34.19 34.03 33.81 33.66 33.47 33.34 33.16 33.00 32.84 32.69 32.59 32.44 32.31 32.22 32.09 32.00 31.88 31.78 31.66 31.50 31.38 31.19 31.09 30.97 30.88 30.78 30.66 30.50 30.38 30.19 30.03 29.94 29.75 29.59 29.41 29.22 28.94 28.62 28.31 28.00 27.94 28.06 28.19 28.09 27.97 27.81 27.56 27.25 26.88 25.53 24.56 24.56 24.72 25.97 26.84 27.34 27.88 28.44 29.00
38.12 37.91 37.69 37.44 37.16 36.91 36.69 36.41 36.22 35.94 35.66 35.47 35.19 34.94 34.72 34.50 34.28 34.12 33.97 33.75 33.53 33.44 33.28 33.12 32.91 32.81 32.62 32.47 32.38 32.22 32.09 32.00 31.88 31.78 31.66 31.56 31.47 31.38 31.19 31.03 30.88 30.78 30.66 30.56 30.44 30.31 30.16 29.97 29.81 29.66 29.47 29.28 29.09 28.84 28.53 28.31 28.00 27.75 27.75 27.88 28.00 27.97 27.81 27.59 27.31 26.94 25.94 24.59 24.31 24.41 24.78 26.00 26.69 27.16 27.72 28.28 28.88
37.88 37.66 37.38 37.16 36.91 36.62 36.41 36.16 35.94 35.66 35.41 35.19 34.94 34.66 34.50 34.28 34.06 33.88 33.69 33.47 33.34 33.16 33.06 32.91 32.75 32.59 32.47 32.31 32.16 32.00 31.88 31.78 31.66 31.56 31.47 31.38 31.31 31.12 31.03 30.88 30.72 30.56 30.44 30.34 30.25 30.09 29.94 29.75 29.62 29.41 29.19 29.00 28.78 28.50 28.22 28.00 27.72 27.53 27.53 27.69 27.81 27.81 27.66 27.41 27.09 26.44 24.84 24.19 24.22 24.31 25.09 26.12 26.50 26.97 27.53 28.12 28.75
37.53 37.34 37.12 36.84 36.62 36.41 36.16 35.88 35.66 35.41 35.19 34.94 34.72 34.50 34.25 34.03 33.88 33.66 33.47 33.34 33.12 32.94 32.84 32.69 32.53 32.38 32.25 32.09 31.94 31.78 31.66 31.56 31.47 31.38 31.19 31.12 31.03 30.97 30.81 30.72 30.56 30.41 30.28 30.12 30.06 29.88 29.75 29.53 29.41 29.12 28.91 28.69 28.47 28.12 27.88 27.66 27.47 27.38 27.31 27.41 27.47 27.47 27.34 27.12 26.84 25.41 24.12 24.12 24.16 24.59 25.44 25.88 26.28 26.78 27.38 28.00 28.66
37.28 37.06 36.81 36.59 36.38 36.16 35.88 35.66 35.41 35.19 34.97 34.72 34.50 34.28 34.06 33.81 33.66 33.44 33.28 33.12 32.94 32.75 32.62 32.47 32.31 32.22 32.06 31.88 31.78 31.62 31.47 31.31 31.25 31.09 30.97 30.88 30.81 30.78 30.66 30.50 30.41 30.25 30.06 29.91 29.84 29.62 29.50 29.31 29.16 28.88 28.66 28.41 28.12 27.81 27.56 27.34 27.19 27.12 27.09 27.09 27.06 27.00 26.88 26.69 26.22 24.50 23.94 24.03 24.28 24.91 25.38 25.69 26.12 26.66 27.28 27.94 28.62
36.94 36.75 36.53 36.31 36.09 35.88 35.66 35.47 35.19 34.97 34.72 34.50 34.28 34.06 33.88 33.66 33.44 33.28 33.06 32.91 32.75 32.59 32.44 32.25 32.09 32.00 31.88 31.72 31.56 31.41 31.25 31.12 30.97 30.88 30.78 30.66 30.62 30.56 30.44 30.28 30.19 30.06 29.91 29.75 29.56 29.47 29.28 29.09 28.91 28.62 28.41 28.12 27.78 27.50 27.28 27.00 26.88 26.81 26.81 26.72 26.59 26.47 26.34 26.16 25.47 23.94 23.72 23.75 24.28 24.88 25.16 25.50 26.03 26.59 27.22 27.88 28.56
36.69 36.47 36.25 36.03 35.84 35.62 35.41 35.19 34.97 34.78 34.50 34.28 34.06 33.88 33.69 33.47 33.28 33.06 32.91 32.75 32.53 32.38 32.22 32.06 31.88 31.78 31.62 31.50 31.41 31.25 31.09 30.94 30.78 30.66 30.56 30.44 30.34 30.28 30.25 30.12 30.03 29.88 29.75 29.53 29.34 29.22 29.06 28.84 28.66 28.38 28.12 27.84 27.53 27.25 26.97 26.66 26.53 26.47 26.47 26.34 26.22 26.12 25.97 25.75 24.97 23.59 23.44 23.44 24.00 24.66 24.97 25.38 25.94 26.50 27.12 27.78 28.47
36.38 36.22 36.00 35.84 35.62 35.41 35.19 34.97 34.78 34.56 34.34 34.12 33.91 33.69 33.47 33.28 33.12 32.91 32.75 32.53 32.38 32.22 32.06 31.88 31.72 31.56 31.47 31.38 31.19 31.03 30.94 30.78 30.62 30.44 30.34 30.25 30.12 30.03 30.03 29.91 29.81 29.69 29.53 29.38 29.16 28.94 28.81 28.62 28.41 28.12 27.84 27.53 27.25 26.97 26.62 26.28 26.16 26.09 26.09 26.00 25.94 25.88 25.69 25.44 24.84 23.47 23.22 23.16 23.59 24.38 24.75 25.22 25.78 26.38 27.00 27.66 28.34
36.09 35.94 35.78 35.56 35.38 35.12 34.94 34.72 34.56 34.34 34.12 33.91 33.69 33.47 33.28 33.06 32.91 32.75 32.59 32.38 32.16 32.00 31.84 31.66 31.50 31.38 31.25 31.12 31.03 30.88 30.78 30.56 30.41 30.28 30.12 30.03 29.88 29.81 29.75 29.69 29.66 29.50 29.31 29.19 28.91 28.75 28.56 28.34 28.09 27.84 27.59 27.25 26.94 26.69 26.31 25.94 25.72 25.62 25.69 25.72 25.75 25.59 25.38 25.12 24.75 23.47 23.03 22.97 23.19 24.00 24.47 25.00 25.59 26.19 26.81 27.50 28.22
35.84 35.66 35.50 35.38 35.12 34.94 34.72 34.50 34.28 34.12 33.91 33.69 33.47 33.28 33.12 32.91 32.69 32.53 32.38 32.16 32.00 31.78 31.62 31.50 31.38 31.19 31.09 30.97 30.88 30.78 30.62 30.44 30.25 30.06 29.91 29.81 29.66 29.59 29.53 29.44 29.34 29.28 29.09 28.97 28.75 28.44 28.31 28.09 27.84 27.59 27.31 26.97 26.69 26.34 25.94 25.56 25.31 25.22 25.28 25.44 25.50 25.31 25.09 24.84 24.56 23.50 22.84 22.81 22.84 23.53 24.19 24.78 25.31 25.94 26.59 27.28 28.03
35.56 35.41 35.25 35.09 34.94 34.72 34.50 34.28 34.06 33.91 33.69 33.53 33.34 33.12 32.91 32.69 32.53 32.31 32.16 32.00 31.78 31.62 31.47 31.31 31.19 31.03 30.94 30.78 30.66 30.56 30.44 30.28 30.12 29.91 29.75 29.59 29.44 29.34 29.28 29.22 29.12 29.00 28.91 28.69 28.53 28.22 28.00 27.81 27.56 27.31 27.03 26.66 26.38 26.00 25.62 25.22 24.91 24.78 24.81 25.03 25.22 25.00 24.78 24.53 24.28 23.56 22.75 22.66 22.59 23.03 23.88 24.47 25.03 25.66 26.31 27.03 27.81
35.25 35.12 34.97 34.81 34.66 34.50 34.28 34.12 33.91 33.69 33.47 33.34 33.12 32.91 32.69 32.53 32.31 32.09 31.94 31.78 31.62 31.41 31.25 31.12 30.97 30.88 30.72 30.62 30.50 30.41 30.28 30.12 29.91 29.75 29.53 29.44 29.28 29.12 29.00 28.97 28.91 28.81 28.69 28.47 28.25 28.00 27.75 27.56 27.28 26.97 26.69 26.34 26.03 25.69 25.28 24.91 24.59 24.34 24.34 24.56 24.78 24.66 24.44 24.19 23.91 23.47 22.72 22.50 22.47 22.59 23.50 24.16 24.69 25.31 26.03 26.78 27.56
34.97 34.88 34.72 34.62 34.44 34.25 34.06 33.91 33.69 33.47 33.28 33.12 32.91 32.75 32.53 32.31 32.09 31.94 31.72 31.56 31.41 31.19 31.09 30.94 30.78 30.66 30.56 30.44 30.34 30.19 30.06 29.91 29.75 29.59 29.44 29.22 29.06 28.91 28.81 28.75 28.62 28.53 28.44 28.22 28.00 27.72 27.53 27.31 27.03 26.69 26.38 26.03 25.72 25.34 25.00 24.59 24.25 24.03 23.94 24.03 24.28 24.25 24.00 23.75 23.50 23.19 22.62 22.38 22.34 22.31 22.97 23.69 24.25 24.94 25.69 26.47 27.31
34.72 34.62 34.50 34.34 34.25 34.06 33.88 33.69 33.47 33.28 33.12 32.91 32.69 32.53 32.38 32.16 31.94 31.72 31.50 31.38 31.19 31.03 30.88 30.72 30.62 30.44 30.34 30.25 30.12 30.03 29.88 29.75 29.59 29.44 29.28 29.12 28.91 28.75 28.59 28.47 28.38 28.25 28.16 28.03 27.78 27.53 27.31 27.03 26.72 26.41 26.03 25.72 25.44 25.06 24.69 24.28 23.97 23.72 23.56 23.56 23.72 23.72 23.53 23.31 23.06 22.81 22.47 22.28 22.22 22.16 22.41 23.03 23.78 24.50 25.31 26.16 27.03
34.44 34.34 34.25 34.12 33.97 33.81 33.66 33.44 33.28 33.06 32.91 32.75 32.53 32.31 32.16 31.94 31.72 31.50 31.38 31.12 30.97 30.81 30.66 30.50 30.41 30.25 30.12 30.03 29.91 29.81 29.66 29.53 29.44 29.28 29.12 28.97 28.75 28.59 28.44 28.25 28.16 28.06 28.00 27.75 27.53 27.31 27.06 26.81 26.47 26.16 25.75 25.44 25.16 24.78 24.38 24.03 23.69 23.47 23.31 23.19 23.12 23.12 23.06 22.97 22.81 22.62 22.44 22.22 22.12 22.06 22.03 22.34 23.12 24.06 24.94 25.84 26.75
34.19 34.06 34.03 33.88 33.69 33.53 33.38 33.22 33.00 32.84 32.69 32.53 32.31 32.09 31.94 31.72 31.50 31.38 31.12 30.97 30.78 30.62 30.44 30.28 30.19 30.03 29.91 29.81 29.69 29.53 29.44 29.34 29.22 29.12 28.97 28.81 28.62 28.44 28.22 28.06 27.94 27.84 27.72 27.56 27.28 27.12 26.88 26.59 26.25 25.84 25.44 25.16 24.84 24.50 24.12 23.75 23.44 23.22 23.06 22.91 22.72 22.78 22.81 22.75 22.62 22.50 22.38 22.22 22.06 21.97 21.91 21.94 22.38 23.56 24.53 25.50 26.50
33.88 33.81 33.69 33.59 33.44 33.22 33.06 32.94 32.81 32.62 32.44 32.31 32.09 31.94 31.72 31.50 31.38 31.12 30.94 30.78 30.62 30.41 30.25 30.06 29.97 29.81 29.69 29.59 29.50 29.38 29.22 29.12 29.00 28.91 28.75 28.62 28.47 28.25 28.06 27.88 27.72 27.56 27.47 27.34 27.09 26.94 26.69 26.41 26.06 25.62 25.19 24.91 24.62 24.22 23.84 23.50 23.22 23.00 22.88 22.75 22.56 22.66 22.62 22.56 22.47 22.34 22.25 22.19 22.06 21.91 21.84 21.75 21.91 22.88 24.12 25.16 26.22
33.59 33.53 33.44 33.34 33.16 32.94 32.81 32.62 32.53 32.38 32.22 32.06 31.88 31.66 31.50 31.38 31.12 30.94 30.72 30.56 30.41 30.25 30.03 29.88 29.75 29.59 29.50 29.38 29.28 29.16 29.00 28.91 28.81 28.69 28.53 28.44 28.25 28.09 27.88 27.72 27.53 27.38 27.25 27.09 26.91 26.72 26.50 26.19 25.88 25.44 25.00 24.69 24.34 24.00 23.62 23.28 23.03 22.84 22.78 22.66 22.56 22.56 22.50 22.41 22.31 22.22 22.12 22.06 22.03 21.91 21.72 21.62 21.56 22.28 23.75 24.84 25.94
33.34 33.28 33.12 33.00 32.91 32.69 32.53 32.44 32.25 32.09 32.00 31.84 31.66 31.47 31.31 31.12 30.94 30.72 30.50 30.34 30.19 30.03 29.88 29.69 29.53 29.38 29.28 29.16 29.06 28.91 28.84 28.69 28.53 28.44 28.31 28.22 28.06 27.88 27.72 27.56 27.38 27.12 27.03 26.88 26.69 26.50 26.28 26.03 25.69 25.28 24.81 24.41 24.09 23.75 23.41 23.09 22.84 22.72 22.72 22.66 22.59 22.53 22.41 22.28 22.16 22.03 21.94 21.84 21.84 21.78 21.56 21.41 21.31 21.78 23.53 24.62 25.69
33.06 32.94 32.84 32.69 32.59 32.44 32.25 32.16 32.00 31.84 31.72 31.56 31.41 31.25 31.09 30.94 30.72 30.50 30.34 30.12 29.97 29.81 29.66 29.50 29.34 29.16 29.06 28.97 28.81 28.69 28.59 28.47 28.31 28.22 28.09 28.00 27.84 27.69 27.53 27.38 27.19 27.00 26.84 26.66 26.50 26.31 26.09 25.88 25.53 25.09 24.59 24.25 23.91 23.56 23.19 22.88 22.75 22.62 22.62 22.62 22.53 22.44 22.28 22.12 21.97 21.81 21.69 21.59 21.56 21.53 21.41 21.16 21.03 21.22 23.06 24.50 25.50
32.75 32.69 32.59 32.44 32.25 32.16 32.00 31.88 31.72 31.56 31.41 31.31 31.12 30.97 30.81 30.66 30.50 30.28 30.12 29.91 29.75 29.59 29.44 29.28 29.12 29.00 28.84 28.69 28.59 28.47 28.38 28.25 28.09 28.00 27.88 27.78 27.69 27.53 27.38 27.12 27.00 26.84 26.62 26.47 26.28 26.12 25.91 25.69 25.34 24.97 24.50 24.06 23.72 23.34 23.03 22.72 22.59 22.59 22.56 22.59 22.47 22.28 22.19 22.00 21.81 21.59 21.41 21.28 21.16 21.16 21.19 20.78 20.62 20.72 22.59 24.41 25.34
32.44 32.31 32.22 32.09 32.00 31.88 31.72 31.62 31.47 31.31 31.12 30.97 30.88 30.72 30.56 30.44 30.28 30.06 29.91 29.69 29.53 29.38 29.22 29.06 28.97 28.81 28.62 28.53 28.38 28.25 28.16 28.00 27.88 27.78 27.69 27.56 27.47 27.31 27.19 27.03 26.84 26.62 26.41 26.25 26.06 25.94 25.72 25.47 25.16 24.81 24.38 23.94 23.56 23.19 22.84 22.62 22.56 22.56 22.53 22.53 22.38 22.06 21.91 21.81 21.62 21.25 21.00 20.75 20.69 20.66 20.50 20.16 20.22 20.38 22.34 24.25 25.19
32.16 32.06 31.94 31.84 31.72 31.62 31.47 31.31 31.19 31.03 30.88 30.72 30.56 30.41 30.28 30.19 30.03 29.88 29.69 29.50 29.34 29.16 29.00 28.91 28.75 28.59 28.44 28.31 28.16 28.06 27.94 27.78 27.69 27.56 27.47 27.38 27.25 27.12 27.00 26.84 26.66 26.47 26.19 26.03 25.88 25.72 25.53 25.28 25.00 24.62 24.19 23.84 23.44 23.03 22.78 22.56 22.47 22.41 22.34 22.34 22.22 21.94 21.59 21.38 21.09 20.59 20.31 20.12 19.94 19.84 19.81 19.97 20.06 20.59 22.75 24.03 25.03
31.84 31.72 31.62 31.50 31.41 31.31 31.12 31.03 30.94 30.78 30.62 30.44 30.28 30.19 30.03 29.91 29.81 29.66 29.50 29.28 29.12 28.97 28.81 28.69 28.53 28.38 28.25 28.09 28.00 27.84 27.72 27.56 27.47 27.38 27.25 27.12 27.03 26.94 26.72 26.62 26.47 26.25 26.03 25.81 25.66 25.53 25.34 25.09 24.81 24.47 24.09 23.72 23.28 22.88 22.59 22.38 22.16 22.03 22.06 22.03 21.94 21.72 21.38 20.94 20.50 19.91 19.50 19.34 19.34 19.44 19.62 19.81 20.06 21.31 22.91 23.81 24.81
31.56 31.47 31.38 31.25 31.12 31.03 30.94 30.78 30.62 30.50 30.34 30.19 30.03 29.88 29.75 29.66 29.53 29.44 29.28 29.12 28.91 28.75 28.59 28.47 28.31 28.22 28.06 27.88 27.78 27.62 27.53 27.41 27.25 27.12 27.03 26.94 26.84 26.66 26.56 26.41 26.19 26.03 25.81 25.59 25.44 25.31 25.12 24.91 24.62 24.28 23.97 23.56 23.06 22.66 22.34 22.06 21.81 21.66 21.59 21.56 21.50 21.31 21.00 20.34 19.69 19.19 19.03 19.09 19.22 19.34 19.50 19.81 20.66 21.78 22.59 23.50 24.53
31.25 31.12 31.03 30.94 30.81 30.72 30.62 30.50 30.34 30.25 30.06 29.91 29.75 29.59 29.50 29.38 29.28 29.16 29.06 28.91 28.75 28.59 28.44 28.25 28.09 28.00 27.88 27.72 27.62 27.47 27.31 27.19 27.03 26.94 26.84 26.72 26.66 26.50 26.34 26.19 26.03 25.81 25.59 25.34 25.22 25.06 24.91 24.72 24.41 24.09 23.72 23.31 22.81 22.38 22.06 21.75 21.47 21.25 21.09 21.03 20.94 20.69 19.91 19.25 19.00 18.97 18.97 19.06 19.16 19.31 19.62 20.19 20.84 21.47 22.25 23.19 24.22
30.94 30.88 30.78 30.66 30.56 30.44 30.34 30.25 30.06 29.97 29.81 29.66 29.50 29.34 29.22 29.12 29.00 28.97 28.84 28.69 28.53 28.38 28.22 28.06 27.94 27.78 27.69 27.56 27.41 27.25 27.12 27.00 26.88 26.72 26.62 26.50 26.47 26.28 26.12 25.97 25.81 25.59 25.34 25.12 24.97 24.84 24.69 24.47 24.22 23.84 23.47 23.03 22.56 22.12 21.75 21.47 21.19 20.94 20.72 20.56 20.28 19.53 19.03 18.97 18.97 18.97 18.97 19.06 19.25 19.50 19.81 20.06 20.44 21.03 21.84 22.78 23.88
30.66 30.56 30.50 30.41 30.28 30.19 30.06 29.97 29.88 29.69 29.53 29.38 29.22 29.06 28.97 28.84 28.81 28.69 28.59 28.47 28.31 28.22 28.00 27.88 27.72 27.62 27.53 27.38 27.25 27.09 26.94 26.78 26.66 26.50 26.41 26.28 26.19 26.06 25.97 25.81 25.59 25.38 25.22 24.91 24.75 24.62 24.50 24.25 24.03 23.66 23.19 22.75 22.31 21.91 21.53 21.19 20.88 20.59 20.38 20.06 19.31 18.91 18.94 18.97 19.00 19.09 19.22 19.28 19.41 19.50 19.59 19.75 20.03 20.62 21.44 22.34 23.44
30.41 30.28 30.25 30.12 30.03 29.88 29.81 29.69 29.53 29.44 29.34 29.16 29.00 28.84 28.75 28.62 28.59 28.47 28.38 28.25 28.09 27.94 27.84 27.69 27.53 27.41 27.31 27.19 27.09 26.94 26.78 26.62 26.47 26.34 26.19 26.06 25.97 25.88 25.75 25.59 25.38 25.22 24.97 24.69 24.53 24.44 24.31 24.06 23.78 23.44 23.00 22.53 22.09 21.69 21.28 20.91 20.56 20.28 19.97 19.16 18.69 18.75 18.88 19.06 19.38 19.34 19.28 19.22 19.28 19.34 19.38 19.44 19.69 20.25 21.00 21.88 22.91
30.06 30.03 29.97 29.88 29.75 29.66 29.53 29.44 29.28 29.16 29.06 28.91 28.81 28.62 28.47 28.38 28.31 28.22 28.09 28.00 27.88 27.72 27.62 27.47 27.38 27.19 27.09 27.00 26.88 26.78 26.62 26.41 26.28 26.12 25.97 25.88 25.75 25.66 25.56 25.38 25.16 25.03 24.81 24.47 24.31 24.16 24.06 23.91 23.62 23.22 22.81 22.31 21.84 21.44 21.03 20.62 20.28 19.94 19.22 18.53 18.50 18.62 18.91 19.38 19.44 19.19 19.00 18.94 19.03 19.09 19.12 19.09 19.31 19.81 20.53 21.38 22.34
