arlandasctiles/Tile12,12.asc
ncols 128
nrows 128
xllcorner 0
yllcorner 0
cellsize 2.0
NODATA_value  -9999
[rows 70 to 104 of 128, columns 0 to 77 of 128]
1.50 1.34 1.22 1.06 0.94 0.88 0.84 0.81 0.81 0.88 1.00 1.19 1.41 1.50 1.50 1.38 1.16 0.81 0.47 0.12 -0.09 -0.22 -0.34 -0.47 -0.62 -0.78 -0.97 -1.12 -1.31 -1.53 -1.75 -2.00 -2.22 -2.47 -2.69 -2.94 -3.09 -3.31 -3.50 -3.66 -3.91 -4.03 -4.12 -4.19 -4.25 -4.31 -4.34 -4.38 -4.38 -4.41 -4.41 -4.44 -4.44 -4.47 -4.50 -4.53 -4.59 -4.62 -4.69 -4.72 -4.75 -4.78 -4.81 -4.88 -4.91 -4.94 -4.97 -5.00 -5.03 -5.06 -5.09 -5.12 -5.19 -5.22 -5.25 -5.28 -5.31 -5.34
1.56 1.44 1.28 1.16 1.03 0.91 0.88 0.88 0.88 0.91 1.03 1.25 1.47 1.53 1.41 1.25 1.06 0.75 0.41 0.06 -0.16 -0.28 -0.41 -0.56 -0.69 -0.84 -1.03 -1.19 -1.38 -1.59 -1.78 -2.03 -2.25 -2.47 -2.69 -2.94 -3.09 -3.28 -3.47 -3.62 -3.84 -3.97 -4.06 -4.16 -4.19 -4.25 -4.28 -4.31 -4.34 -4.38 -4.38 -4.38 -4.41 -4.44 -4.47 -4.50 -4.56 -4.62 -4.66 -4.69 -4.75 -4.78 -4.81 -4.84 -4.91 -4.94 -4.97 -5.00 -5.03 -5.06 -5.09 -5.12 -5.16 -5.19 -5.25 -5.28 -5.31 -5.34
1.66 1.50 1.38 1.25 1.12 1.00 0.94 0.94 0.97 1.03 1.19 1.38 1.50 1.50 1.34 1.19 1.00 0.69 0.34 0.00 -0.22 -0.34 -0.47 -0.62 -0.75 -0.91 -1.06 -1.25 -1.44 -1.62 -1.81 -2.03 -2.25 -2.47 -2.69 -2.91 -3.03 -3.25 -3.41 -3.56 -3.72 -3.91 -4.00 -4.09 -4.12 -4.19 -4.22 -4.25 -4.28 -4.31 -4.34 -4.38 -4.41 -4.44 -4.44 -4.50 -4.53 -4.59 -4.66 -4.69 -4.72 -4.78 -4.81 -4.84 -4.88 -4.91 -4.94 -4.97 -5.00 -5.03 -5.06 -5.12 -5.16 -5.19 -5.22 -5.25 -5.28 -5.31
1.72 1.59 1.44 1.34 1.22 1.12 1.09 1.09 1.12 1.19 1.28 1.44 1.53 1.47 1.34 1.12 0.88 0.56 0.22 -0.06 -0.28 -0.41 -0.53 -0.66 -0.81 -0.97 -1.12 -1.28 -1.47 -1.66 -1.84 -2.03 -2.25 -2.44 -2.66 -2.88 -3.06 -3.19 -3.34 -3.50 -3.66 -3.84 -3.94 -4.00 -4.06 -4.12 -4.16 -4.19 -4.25 -4.25 -4.31 -4.31 -4.38 -4.41 -4.44 -4.47 -4.53 -4.59 -4.66 -4.69 -4.75 -4.78 -4.81 -4.84 -4.88 -4.91 -4.94 -4.97 -5.00 -5.03 -5.06 -5.09 -5.12 -5.16 -5.19 -5.25 -5.28 -5.31
1.78 1.66 1.53 1.44 1.34 1.25 1.22 1.22 1.28 1.38 1.47 1.53 1.53 1.44 1.25 1.00 0.69 0.38 0.06 -0.19 -0.31 -0.44 -0.56 -0.69 -0.84 -1.00 -1.16 -1.31 -1.47 -1.66 -1.84 -2.03 -2.22 -2.44 -2.62 -2.81 -3.00 -3.12 -3.28 -3.44 -3.56 -3.75 -3.84 -3.91 -3.97 -4.03 -4.06 -4.12 -4.19 -4.22 -4.25 -4.28 -4.34 -4.38 -4.41 -4.47 -4.53 -4.59 -4.66 -4.69 -4.75 -4.78 -4.81 -4.84 -4.88 -4.88 -4.91 -4.94 -4.97 -5.00 -5.03 -5.06 -5.09 -5.16 -5.19 -5.22 -5.25 -5.28
1.84 1.72 1.59 1.50 1.41 1.34 1.34 1.34 1.38 1.47 1.56 1.53 1.50 1.38 1.09 0.75 0.44 0.16 -0.09 -0.25 -0.34 -0.47 -0.59 -0.72 -0.88 -1.00 -1.16 -1.31 -1.47 -1.66 -1.84 -2.00 -2.19 -2.38 -2.56 -2.75 -2.94 -3.03 -3.19 -3.34 -3.47 -3.56 -3.75 -3.81 -3.84 -3.91 -3.97 -4.03 -4.09 -4.16 -4.19 -4.25 -4.28 -4.34 -4.38 -4.44 -4.50 -4.56 -4.62 -4.69 -4.72 -4.78 -4.81 -4.81 -4.84 -4.84 -4.88 -4.91 -4.94 -4.97 -5.00 -5.03 -5.09 -5.12 -5.16 -5.19 -5.25 -5.28
1.91 1.78 1.66 1.56 1.47 1.44 1.41 1.44 1.47 1.53 1.59 1.53 1.41 1.22 0.91 0.53 0.22 0.00 -0.16 -0.28 -0.38 -0.50 -0.62 -0.75 -0.88 -1.03 -1.16 -1.31 -1.47 -1.62 -1.81 -1.97 -2.16 -2.34 -2.50 -2.69 -2.84 -3.03 -3.09 -3.25 -3.34 -3.47 -3.62 -3.69 -3.72 -3.78 -3.84 -3.91 -4.00 -4.06 -4.12 -4.19 -4.25 -4.31 -4.38 -4.44 -4.50 -4.56 -4.62 -4.69 -4.72 -4.78 -4.78 -4.81 -4.81 -4.81 -4.84 -4.88 -4.91 -4.94 -4.97 -5.00 -5.06 -5.09 -5.12 -5.19 -5.22 -5.25
1.94 1.81 1.69 1.59 1.53 1.50 1.50 1.50 1.53 1.59 1.62 1.50 1.31 1.09 0.75 0.38 0.06 -0.06 -0.19 -0.28 -0.41 -0.50 -0.62 -0.75 -0.88 -1.00 -1.16 -1.31 -1.47 -1.62 -1.78 -1.94 -2.09 -2.28 -2.44 -2.59 -2.75 -2.91 -3.00 -3.12 -3.25 -3.34 -3.47 -3.53 -3.59 -3.62 -3.69 -3.78 -3.88 -3.97 -4.06 -4.12 -4.19 -4.22 -4.31 -4.44 -4.50 -4.59 -4.66 -4.69 -4.72 -4.75 -4.78 -4.78 -4.78 -4.78 -4.81 -4.81 -4.84 -4.91 -4.94 -4.97 -5.03 -5.06 -5.12 -5.16 -5.19 -5.25
1.97 1.84 1.72 1.62 1.56 1.53 1.53 1.56 1.59 1.62 1.66 1.56 1.31 1.00 0.62 0.28 0.03 -0.09 -0.19 -0.28 -0.41 -0.50 -0.62 -0.75 -0.88 -1.00 -1.12 -1.28 -1.41 -1.56 -1.72 -1.88 -2.03 -2.19 -2.34 -2.50 -2.66 -2.81 -2.88 -3.00 -3.12 -3.19 -3.28 -3.41 -3.44 -3.47 -3.53 -3.62 -3.72 -3.88 -3.97 -4.06 -4.12 -4.19 -4.28 -4.41 -4.50 -4.59 -4.66 -4.69 -4.72 -4.75 -4.75 -4.75 -4.75 -4.75 -4.75 -4.78 -4.81 -4.84 -4.91 -4.94 -5.00 -5.03 -5.09 -5.12 -5.19 -5.22
2.00 1.84 1.72 1.62 1.59 1.56 1.56 1.59 1.62 1.69 1.72 1.59 1.31 0.97 0.56 0.22 0.03 -0.09 -0.19 -0.28 -0.38 -0.50 -0.59 -0.72 -0.84 -0.97 -1.09 -1.25 -1.38 -1.53 -1.66 -1.81 -1.97 -2.12 -2.28 -2.41 -2.56 -2.69 -2.81 -2.88 -2.97 -3.06 -3.12 -3.25 -3.28 -3.31 -3.34 -3.47 -3.59 -3.75 -3.84 -3.97 -4.09 -4.19 -4.28 -4.41 -4.50 -4.59 -4.66 -4.69 -4.72 -4.72 -4.72 -4.72 -4.69 -4.69 -4.69 -4.72 -4.75 -4.81 -4.84 -4.91 -4.94 -5.00 -5.06 -5.09 -5.16 -5.19
2.00 1.81 1.69 1.62 1.59 1.56 1.59 1.62 1.66 1.69 1.72 1.59 1.31 0.91 0.50 0.22 0.03 -0.06 -0.16 -0.25 -0.38 -0.47 -0.56 -0.69 -0.81 -0.94 -1.06 -1.19 -1.31 -1.47 -1.59 -1.75 -1.91 -2.03 -2.19 -2.31 -2.44 -2.59 -2.69 -2.75 -2.84 -2.91 -2.97 -3.09 -3.12 -3.16 -3.22 -3.31 -3.47 -3.66 -3.81 -3.91 -4.06 -4.19 -4.31 -4.41 -4.50 -4.59 -4.66 -4.69 -4.69 -4.69 -4.69 -4.66 -4.66 -4.62 -4.66 -4.66 -4.72 -4.75 -4.81 -4.88 -4.91 -4.97 -5.03 -5.06 -5.12 -5.19
1.97 1.75 1.66 1.59 1.62 1.66 1.69 1.72 1.72 1.72 1.66 1.50 1.22 0.91 0.53 0.19 0.03 -0.03 -0.12 -0.22 -0.31 -0.44 -0.53 -0.66 -0.75 -0.88 -1.00 -1.12 -1.25 -1.41 -1.53 -1.66 -1.81 -1.94 -2.09 -2.22 -2.34 -2.47 -2.56 -2.62 -2.72 -2.78 -2.84 -2.94 -3.00 -3.03 -3.09 -3.22 -3.38 -3.56 -3.75 -3.88 -4.03 -4.19 -4.31 -4.44 -4.53 -4.59 -4.66 -4.66 -4.69 -4.66 -4.62 -4.59 -4.59 -4.56 -4.56 -4.59 -4.66 -4.69 -4.75 -4.81 -4.88 -4.94 -5.00 -5.06 -5.09 -5.16
2.03 1.75 1.59 1.66 1.69 1.75 1.81 1.84 1.84 1.78 1.56 1.38 1.16 0.88 0.53 0.25 0.06 0.00 -0.09 -0.19 -0.28 -0.38 -0.50 -0.59 -0.72 -0.81 -0.94 -1.06 -1.19 -1.31 -1.44 -1.59 -1.72 -1.84 -1.97 -2.09 -2.22 -2.34 -2.44 -2.53 -2.59 -2.66 -2.72 -2.78 -2.88 -2.94 -3.00 -3.12 -3.31 -3.50 -3.72 -3.88 -4.03 -4.19 -4.31 -4.44 -4.53 -4.59 -4.66 -4.66 -4.66 -4.62 -4.59 -4.56 -4.53 -4.50 -4.50 -4.53 -4.56 -4.62 -4.69 -4.75 -4.84 -4.91 -4.97 -5.03 -5.09 -5.16
2.06 1.78 1.66 1.66 1.72 1.81 1.91 2.00 1.97 1.81 1.56 1.31 1.09 0.84 0.56 0.31 0.12 0.03 -0.06 -0.12 -0.22 -0.31 -0.44 -0.53 -0.62 -0.75 -0.88 -1.00 -1.09 -1.22 -1.38 -1.50 -1.62 -1.75 -1.88 -2.00 -2.09 -2.22 -2.31 -2.41 -2.47 -2.53 -2.59 -2.66 -2.78 -2.84 -2.94 -3.09 -3.28 -3.50 -3.72 -3.91 -4.06 -4.19 -4.34 -4.47 -4.53 -4.59 -4.62 -4.66 -4.62 -4.59 -4.56 -4.50 -4.47 -4.44 -4.44 -4.47 -4.50 -4.56 -4.66 -4.72 -4.78 -4.84 -4.94 -5.00 -5.06 -5.12
2.06 1.78 1.69 1.69 1.78 1.84 1.91 2.03 2.03 1.88 1.62 1.31 1.06 0.84 0.59 0.34 0.19 0.09 0.00 -0.06 -0.16 -0.25 -0.34 -0.47 -0.56 -0.69 -0.78 -0.91 -1.03 -1.16 -1.28 -1.41 -1.53 -1.62 -1.75 -1.88 -2.00 -2.09 -2.22 -2.31 -2.41 -2.44 -2.50 -2.56 -2.69 -2.78 -2.91 -3.06 -3.25 -3.47 -3.72 -3.91 -4.06 -4.22 -4.38 -4.47 -4.56 -4.59 -4.62 -4.62 -4.59 -4.56 -4.50 -4.44 -4.38 -4.34 -4.34 -4.38 -4.44 -4.50 -4.59 -4.66 -4.75 -4.81 -4.88 -4.97 -5.03 -5.09
2.03 1.81 1.72 1.72 1.81 1.84 1.91 2.00 2.06 1.94 1.69 1.34 1.09 0.84 0.59 0.38 0.25 0.16 0.06 0.00 -0.09 -0.19 -0.28 -0.38 -0.47 -0.59 -0.69 -0.81 -0.94 -1.06 -1.16 -1.28 -1.41 -1.53 -1.66 -1.78 -1.88 -2.00 -2.09 -2.19 -2.28 -2.34 -2.41 -2.50 -2.62 -2.72 -2.84 -3.03 -3.25 -3.47 -3.72 -3.94 -4.09 -4.25 -4.38 -4.50 -4.56 -4.62 -4.62 -4.62 -4.56 -4.53 -4.44 -4.38 -4.31 -4.28 -4.28 -4.31 -4.38 -4.44 -4.53 -4.59 -4.69 -4.78 -4.84 -4.94 -5.00 -5.09
2.03 1.81 1.72 1.72 1.78 1.84 1.91 1.97 2.00 1.94 1.72 1.44 1.16 0.88 0.66 0.50 0.38 0.25 0.16 0.06 0.00 -0.09 -0.19 -0.28 -0.38 -0.50 -0.59 -0.72 -0.84 -0.94 -1.06 -1.19 -1.31 -1.44 -1.53 -1.66 -1.78 -1.88 -2.00 -2.09 -2.19 -2.28 -2.34 -2.41 -2.56 -2.66 -2.81 -3.00 -3.22 -3.47 -3.72 -3.94 -4.12 -4.25 -4.38 -4.50 -4.56 -4.62 -4.62 -4.59 -4.56 -4.47 -4.41 -4.31 -4.22 -4.19 -4.19 -4.25 -4.28 -4.38 -4.44 -4.53 -4.62 -4.72 -4.81 -4.88 -4.97 -5.06
2.00 1.84 1.75 1.72 1.72 1.78 1.84 1.91 1.91 1.88 1.72 1.47 1.22 1.00 0.78 0.66 0.50 0.38 0.25 0.16 0.06 0.00 -0.09 -0.19 -0.28 -0.41 -0.50 -0.62 -0.72 -0.84 -0.97 -1.09 -1.19 -1.31 -1.44 -1.56 -1.69 -1.78 -1.91 -2.00 -2.09 -2.19 -2.25 -2.34 -2.50 -2.62 -2.78 -2.97 -3.22 -3.47 -3.72 -3.94 -4.16 -4.28 -4.41 -4.50 -4.59 -4.62 -4.59 -4.56 -4.53 -4.44 -4.34 -4.25 -4.16 -4.12 -4.12 -4.16 -4.22 -4.28 -4.38 -4.47 -4.56 -4.66 -4.75 -4.84 -4.94 -5.03
1.97 1.84 1.75 1.69 1.69 1.72 1.75 1.81 1.81 1.81 1.72 1.59 1.41 1.19 0.97 0.78 0.66 0.50 0.34 0.25 0.16 0.09 0.00 -0.09 -0.19 -0.28 -0.41 -0.50 -0.62 -0.72 -0.84 -0.97 -1.09 -1.22 -1.34 -1.47 -1.56 -1.69 -1.81 -1.91 -2.03 -2.12 -2.19 -2.31 -2.47 -2.59 -2.75 -2.97 -3.22 -3.47 -3.72 -3.97 -4.16 -4.31 -4.44 -4.53 -4.59 -4.62 -4.59 -4.56 -4.47 -4.38 -4.28 -4.19 -4.09 -4.03 -4.03 -4.06 -4.12 -4.22 -4.31 -4.41 -4.50 -4.59 -4.69 -4.78 -4.88 -4.97
1.97 1.84 1.75 1.66 1.62 1.62 1.66 1.72 1.75 1.75 1.72 1.69 1.59 1.41 1.22 1.00 0.78 0.62 0.47 0.34 0.25 0.19 0.09 0.00 -0.09 -0.19 -0.28 -0.41 -0.50 -0.62 -0.75 -0.88 -1.00 -1.09 -1.22 -1.34 -1.47 -1.59 -1.72 -1.84 -1.97 -2.06 -2.16 -2.28 -2.44 -2.56 -2.75 -2.94 -3.22 -3.47 -3.75 -3.97 -4.19 -4.34 -4.44 -4.53 -4.59 -4.59 -4.59 -4.53 -4.44 -4.34 -4.22 -4.12 -4.03 -3.97 -4.00 -4.06 -4.12 -4.19 -4.22 -4.31 -4.44 -4.53 -4.62 -4.72 -4.81 -4.94
1.94 1.81 1.69 1.62 1.59 1.56 1.56 1.62 1.66 1.72 1.72 1.72 1.69 1.59 1.41 1.19 0.97 0.75 0.59 0.44 0.34 0.28 0.19 0.12 0.03 -0.06 -0.19 -0.28 -0.41 -0.50 -0.62 -0.75 -0.88 -1.00 -1.12 -1.25 -1.38 -1.50 -1.66 -1.78 -1.91 -2.03 -2.12 -2.25 -2.38 -2.56 -2.75 -2.94 -3.22 -3.50 -3.75 -4.00 -4.19 -4.34 -4.47 -4.53 -4.59 -4.59 -4.56 -4.50 -4.41 -4.28 -4.19 -4.09 -4.00 -3.97 -4.03 -4.06 -4.12 -4.19 -4.25 -4.28 -4.34 -4.44 -4.56 -4.66 -4.75 -4.88
1.91 1.78 1.66 1.59 1.53 1.50 1.50 1.53 1.59 1.66 1.72 1.75 1.72 1.69 1.53 1.31 1.09 0.88 0.69 0.53 0.44 0.34 0.28 0.22 0.12 0.03 -0.06 -0.19 -0.28 -0.41 -0.53 -0.66 -0.78 -0.91 -1.03 -1.16 -1.31 -1.44 -1.56 -1.72 -1.84 -1.97 -2.09 -2.22 -2.38 -2.56 -2.75 -2.97 -3.22 -3.50 -3.75 -4.00 -4.19 -4.34 -4.47 -4.56 -4.59 -4.59 -4.56 -4.47 -4.38 -4.25 -4.12 -4.06 -3.97 -3.97 -4.03 -4.06 -4.12 -4.19 -4.25 -4.28 -4.34 -4.38 -4.47 -4.59 -4.69 -4.81
1.88 1.75 1.62 1.53 1.47 1.41 1.41 1.47 1.53 1.59 1.69 1.72 1.75 1.69 1.59 1.41 1.19 0.97 0.78 0.59 0.53 0.44 0.38 0.31 0.22 0.12 0.03 -0.06 -0.19 -0.28 -0.41 -0.53 -0.69 -0.81 -0.94 -1.09 -1.22 -1.38 -1.50 -1.66 -1.81 -1.94 -2.06 -2.22 -2.38 -2.59 -2.78 -3.00 -3.25 -3.50 -3.78 -4.00 -4.22 -4.38 -4.47 -4.56 -4.59 -4.59 -4.56 -4.47 -4.34 -4.22 -4.12 -4.03 -3.97 -3.97 -4.03 -4.09 -4.16 -4.19 -4.25 -4.28 -4.34 -4.41 -4.44 -4.50 -4.62 -4.72
1.88 1.72 1.59 1.47 1.41 1.34 1.34 1.38 1.47 1.53 1.62 1.72 1.75 1.69 1.62 1.50 1.28 1.06 0.84 0.69 0.59 0.53 0.47 0.41 0.31 0.25 0.16 0.03 -0.06 -0.19 -0.31 -0.44 -0.56 -0.72 -0.84 -1.00 -1.16 -1.31 -1.44 -1.59 -1.75 -1.88 -2.06 -2.22 -2.38 -2.59 -2.78 -3.00 -3.25 -3.50 -3.78 -4.00 -4.22 -4.38 -4.50 -4.56 -4.59 -4.59 -4.56 -4.44 -4.34 -4.22 -4.09 -4.03 -3.94 -4.00 -4.03 -4.09 -4.16 -4.19 -4.25 -4.28 -4.34 -4.41 -4.44 -4.50 -4.53 -4.66
1.84 1.69 1.53 1.41 1.34 1.28 1.28 1.31 1.38 1.50 1.59 1.69 1.75 1.72 1.66 1.56 1.41 1.19 0.97 0.81 0.69 0.62 0.56 0.50 0.41 0.34 0.25 0.16 0.03 -0.09 -0.22 -0.34 -0.47 -0.62 -0.78 -0.94 -1.09 -1.25 -1.41 -1.56 -1.72 -1.88 -2.03 -2.19 -2.38 -2.59 -2.81 -3.03 -3.25 -3.53 -3.78 -4.00 -4.19 -4.38 -4.50 -4.56 -4.62 -4.59 -4.56 -4.47 -4.31 -4.22 -4.09 -4.00 -3.97 -4.00 -4.06 -4.09 -4.16 -4.22 -4.25 -4.31 -4.34 -4.41 -4.44 -4.50 -4.53 -4.59
1.81 1.66 1.50 1.38 1.28 1.22 1.22 1.25 1.31 1.44 1.53 1.66 1.72 1.75 1.72 1.66 1.53 1.34 1.16 0.97 0.81 0.69 0.62 0.56 0.50 0.44 0.34 0.25 0.12 0.03 -0.12 -0.25 -0.41 -0.53 -0.69 -0.84 -1.03 -1.19 -1.34 -1.53 -1.72 -1.84 -2.03 -2.19 -2.38 -2.62 -2.81 -3.03 -3.28 -3.53 -3.75 -4.00 -4.19 -4.38 -4.50 -4.56 -4.62 -4.59 -4.56 -4.47 -4.34 -4.22 -4.09 -4.00 -3.97 -4.03 -4.06 -4.12 -4.16 -4.22 -4.25 -4.31 -4.34 -4.41 -4.44 -4.50 -4.56 -4.59
1.81 1.62 1.47 1.34 1.25 1.19 1.19 1.22 1.28 1.34 1.47 1.59 1.69 1.72 1.75 1.72 1.66 1.53 1.38 1.22 1.00 0.81 0.72 0.66 0.59 0.50 0.44 0.31 0.22 0.09 -0.03 -0.16 -0.31 -0.47 -0.62 -0.78 -0.97 -1.12 -1.31 -1.50 -1.66 -1.84 -2.03 -2.19 -2.41 -2.62 -2.84 -3.03 -3.28 -3.50 -3.75 -3.97 -4.19 -4.34 -4.50 -4.56 -4.62 -4.62 -4.56 -4.47 -4.38 -4.25 -4.12 -4.03 -3.97 -4.03 -4.09 -4.12 -4.16 -4.22 -4.25 -4.31 -4.38 -4.41 -4.47 -4.50 -4.56 -4.59
1.81 1.62 1.47 1.34 1.25 1.19 1.16 1.19 1.25 1.31 1.41 1.53 1.62 1.72 1.75 1.78 1.78 1.72 1.62 1.47 1.22 1.00 0.81 0.72 0.66 0.59 0.50 0.41 0.31 0.19 0.06 -0.06 -0.22 -0.38 -0.56 -0.72 -0.91 -1.09 -1.28 -1.47 -1.62 -1.84 -2.03 -2.22 -2.44 -2.62 -2.84 -3.06 -3.28 -3.50 -3.75 -3.97 -4.16 -4.34 -4.47 -4.56 -4.62 -4.62 -4.59 -4.50 -4.41 -4.28 -4.19 -4.06 -4.00 -4.03 -4.09 -4.12 -4.19 -4.22 -4.28 -4.31 -4.38 -4.41 -4.47 -4.50 -4.56 -4.59
1.81 1.62 1.47 1.31 1.22 1.16 1.12 1.16 1.22 1.31 1.41 1.50 1.59 1.69 1.75 1.84 1.88 1.84 1.81 1.69 1.47 1.19 0.94 0.81 0.75 0.66 0.59 0.47 0.38 0.25 0.12 0.00 -0.16 -0.31 -0.50 -0.69 -0.88 -1.06 -1.25 -1.44 -1.62 -1.81 -2.03 -2.22 -2.44 -2.66 -2.84 -3.06 -3.28 -3.50 -3.72 -3.94 -4.16 -4.31 -4.47 -4.56 -4.62 -4.66 -4.62 -4.53 -4.44 -4.34 -4.22 -4.09 -4.00 -4.06 -4.09 -4.16 -4.19 -4.22 -4.28 -4.34 -4.38 -4.44 -4.47 -4.53 -4.56 -4.62
1.81 1.62 1.47 1.31 1.19 1.12 1.09 1.12 1.19 1.28 1.38 1.47 1.53 1.62 1.75 1.84 1.91 1.94 1.94 1.84 1.69 1.41 1.12 0.88 0.81 0.72 0.66 0.56 0.44 0.31 0.19 0.06 -0.09 -0.25 -0.44 -0.62 -0.84 -1.03 -1.22 -1.41 -1.62 -1.81 -2.00 -2.22 -2.44 -2.66 -2.84 -3.06 -3.28 -3.47 -3.72 -3.94 -4.12 -4.31 -4.44 -4.56 -4.62 -4.66 -4.62 -4.56 -4.47 -4.38 -4.25 -4.16 -4.03 -4.06 -4.09 -4.16 -4.19 -4.25 -4.28 -4.34 -4.38 -4.44 -4.47 -4.53 -4.56 -4.62
1.81 1.62 1.47 1.31 1.16 1.09 1.09 1.12 1.16 1.25 1.34 1.41 1.47 1.56 1.69 1.81 1.91 1.97 2.00 1.94 1.81 1.56 1.28 1.03 0.88 0.78 0.72 0.59 0.50 0.38 0.25 0.12 -0.03 -0.22 -0.41 -0.59 -0.78 -1.00 -1.19 -1.41 -1.59 -1.81 -2.00 -2.22 -2.47 -2.66 -2.84 -3.06 -3.25 -3.47 -3.69 -3.91 -4.12 -4.28 -4.44 -4.56 -4.62 -4.69 -4.66 -4.62 -4.53 -4.44 -4.31 -4.19 -4.06 -4.06 -4.12 -4.16 -4.22 -4.25 -4.31 -4.34 -4.41 -4.44 -4.50 -4.53 -4.59 -4.62
1.78 1.62 1.44 1.28 1.12 1.06 1.06 1.09 1.12 1.22 1.31 1.38 1.41 1.50 1.59 1.72 1.84 1.94 2.00 1.97 1.88 1.69 1.41 1.16 0.97 0.84 0.75 0.66 0.56 0.44 0.31 0.16 0.00 -0.16 -0.34 -0.56 -0.75 -0.97 -1.19 -1.41 -1.59 -1.81 -2.03 -2.22 -2.47 -2.66 -2.84 -3.06 -3.25 -3.47 -3.69 -3.88 -4.09 -4.28 -4.41 -4.53 -4.62 -4.69 -4.69 -4.66 -4.59 -4.50 -4.38 -4.25 -4.09 -4.09 -4.12 -4.19 -4.22 -4.28 -4.31 -4.34 -4.41 -4.47 -4.50 -4.56 -4.59 -4.66
1.78 1.59 1.44 1.25 1.12 1.03 1.03 1.03 1.09 1.19 1.25 1.31 1.34 1.41 1.50 1.62 1.75 1.88 1.94 1.97 1.88 1.72 1.50 1.25 1.03 0.91 0.81 0.69 0.59 0.47 0.34 0.19 0.03 -0.12 -0.31 -0.53 -0.75 -0.97 -1.19 -1.38 -1.59 -1.81 -2.03 -2.22 -2.47 -2.66 -2.84 -3.06 -3.25 -3.44 -3.66 -3.84 -4.06 -4.25 -4.41 -4.53 -4.62 -4.69 -4.72 -4.69 -4.66 -4.56 -4.44 -4.31 -4.16 -4.09 -4.12 -4.19 -4.22 -4.28 -4.31 -4.38 -4.41 -4.47 -4.50 -4.56 -4.59 -4.66
1.75 1.56 1.38 1.22 1.06 1.00 1.00 1.00 1.06 1.12 1.19 1.25 1.28 1.31 1.38 1.47 1.62 1.75 1.88 1.91 1.84 1.72 1.53 1.34 1.12 0.94 0.84 0.75 0.62 0.50 0.38 0.22 0.06 -0.09 -0.31 -0.50 -0.72 -0.94 -1.19 -1.41 -1.59 -1.81 -2.03 -2.22 -2.47 -2.66 -2.88 -3.06 -3.25 -3.44 -3.62 -3.84 -4.03 -4.22 -4.38 -4.50 -4.62 -4.69 -4.72 -4.72 -4.69 -4.62 -4.53 -4.38 -4.22 -4.09 -4.16 -4.19 -4.25 -4.28 -4.34 -4.38 -4.44 -4.47 -4.53 -4.56 -4.62 -4.66
1.69 1.50 1.34 1.16 1.03 0.97 0.94 0.97 1.00 1.09 1.16 1.22 1.25 1.28 1.28 1.34 1.47 1.62 1.75 1.81 1.78 1.72 1.59 1.41 1.22 1.00 0.88 0.75 0.66 0.53 0.41 0.25 0.09 -0.09 -0.28 -0.50 -0.72 -0.94 -1.19 -1.41 -1.59 -1.81 -2.03 -2.25 -2.47 -2.69 -2.88 -3.03 -3.22 -3.41 -3.59 -3.81 -4.00 -4.19 -4.34 -4.50 -4.59 -4.69 -4.75 -4.75 -4.75 -4.69 -4.59 -4.47 -4.31 -4.12 -4.16 -4.22 -4.25 -4.31 -4.34 -4.41 -4.44 -4.50 -4.53 -4.59 -4.62 -4.69
