arlandasctiles/Tile9,4.asc
ncols 128
nrows 128
xllcorner 0
yllcorner 0
cellsize 2.0
NODATA_value  -9999
[rows 0 to 33 of 128, columns 0 to 76 of 128]
90.34 90.50 90.69 90.84 91.00 91.16 91.31 91.44 91.53 91.56 91.53 91.59 91.91 92.38 92.75 93.12 93.41 93.69 93.94 94.19 94.44 94.69 94.94 95.19 95.44 95.69 95.97 96.22 96.47 96.69 96.84 96.94 96.97 96.91 96.78 96.62 96.41 96.22 96.00 95.78 95.56 95.31 95.06 94.81 94.53 94.19 93.75 93.09 92.34 91.47 90.62 89.91 89.25 88.56 87.91 87.28 86.69 86.16 85.66 85.16 84.69 84.22 83.75 83.28 82.81 82.31 81.81 81.34 80.84 80.34 79.88 79.44 79.06 78.69 78.38 78.06 77.81
90.41 90.53 90.69 90.84 91.00 91.12 91.22 91.34 91.38 91.31 91.28 91.31 91.56 91.97 92.31 92.69 93.06 93.34 93.59 93.84 94.09 94.34 94.59 94.88 95.12 95.44 95.72 96.03 96.34 96.59 96.78 96.88 96.91 96.81 96.62 96.44 96.22 95.97 95.75 95.50 95.28 95.06 94.81 94.56 94.28 93.97 93.59 92.88 91.91 90.78 89.78 89.03 88.31 87.62 86.97 86.34 85.78 85.25 84.75 84.28 83.84 83.41 82.97 82.50 82.03 81.56 81.06 80.53 80.03 79.56 79.09 78.69 78.31 77.97 77.66 77.41 77.16
90.44 90.56 90.69 90.88 90.97 91.06 91.16 91.22 91.22 91.19 91.19 91.25 91.38 91.56 91.78 92.19 92.62 92.97 93.25 93.50 93.72 93.94 94.22 94.50 94.81 95.12 95.47 95.84 96.19 96.53 96.75 96.88 96.84 96.69 96.47 96.22 95.94 95.69 95.44 95.22 94.97 94.75 94.50 94.22 93.94 93.53 93.00 92.28 91.31 89.94 88.81 87.97 87.25 86.56 85.91 85.31 84.75 84.25 83.81 83.38 82.97 82.56 82.16 81.72 81.28 80.78 80.22 79.69 79.19 78.72 78.28 77.88 77.53 77.22 76.94 76.69 76.50
90.47 90.56 90.72 90.91 90.94 91.00 91.03 91.06 91.06 91.06 91.09 91.12 91.19 91.28 91.31 91.41 91.81 92.25 92.75 93.06 93.28 93.53 93.81 94.12 94.41 94.75 95.16 95.59 96.06 96.50 96.78 96.91 96.81 96.59 96.25 95.91 95.62 95.38 95.12 94.88 94.66 94.41 94.19 93.91 93.47 92.88 92.06 91.22 90.12 88.69 87.62 86.78 86.09 85.44 84.81 84.22 83.69 83.19 82.72 82.31 81.94 81.56 81.22 80.81 80.41 79.97 79.28 78.69 78.22 77.78 77.38 77.03 76.69 76.41 76.16 75.97 75.81
90.47 90.59 90.72 90.81 90.84 90.88 90.91 90.91 90.94 90.94 90.97 91.00 91.03 91.06 91.12 91.22 91.31 91.47 92.09 92.56 92.91 93.22 93.50 93.75 94.00 94.28 94.72 95.28 95.94 96.53 96.97 97.06 96.81 96.28 95.75 95.47 95.16 94.97 94.75 94.50 94.25 94.00 93.78 93.44 92.81 91.69 90.72 89.75 88.59 87.25 86.22 85.47 84.81 84.22 83.62 83.09 82.56 82.06 81.62 81.19 80.81 80.44 80.09 79.69 79.22 78.78 78.19 77.56 77.16 76.78 76.44 76.12 75.84 75.59 75.38 75.22 75.12
90.47 90.59 90.66 90.69 90.72 90.75 90.75 90.75 90.78 90.78 90.81 90.84 90.88 90.84 90.94 91.06 91.16 91.22 91.53 92.03 92.44 92.84 93.19 93.44 93.53 93.72 94.19 94.88 95.72 96.59 97.28 97.38 96.81 95.97 95.34 94.53 93.69 93.50 93.94 93.69 93.47 93.25 93.06 92.69 91.25 89.88 88.88 87.91 86.75 85.62 84.69 84.06 83.47 82.94 82.41 81.91 81.41 80.91 80.47 80.03 79.62 79.22 78.88 78.44 78.00 77.50 76.94 76.34 75.81 75.53 75.28 75.06 74.88 74.72 74.59 74.47 74.41
90.47 90.50 90.53 90.56 90.59 90.59 90.62 90.62 90.62 90.66 90.66 90.69 90.62 90.69 90.78 90.88 90.94 91.03 91.12 91.53 91.84 92.28 92.66 92.91 92.94 93.00 93.53 94.25 95.06 95.94 96.72 96.72 95.81 95.25 95.28 92.66 90.84 89.91 89.06 89.69 89.59 90.22 90.56 90.16 88.94 87.56 86.44 85.53 84.72 83.75 82.97 82.56 82.09 81.62 81.16 80.69 80.22 79.75 79.28 78.81 78.41 78.03 77.66 77.25 76.78 76.28 75.78 75.28 74.81 74.44 74.22 74.06 73.94 73.84 73.78 73.72 73.72
90.41 90.41 90.44 90.44 90.47 90.47 90.47 90.47 90.50 90.50 90.53 90.53 90.41 90.50 90.59 90.69 90.75 90.84 90.75 90.91 91.22 91.50 91.84 92.06 92.12 92.38 93.06 93.72 94.34 95.09 95.28 93.97 92.91 93.75 89.28 87.12 85.94 85.91 87.06 87.62 87.56 88.16 88.25 87.41 86.38 85.19 84.03 83.16 82.62 81.91 81.22 80.97 80.66 80.28 79.88 79.44 79.00 78.53 78.06 77.62 77.22 76.81 76.44 76.00 75.59 75.12 74.66 74.25 73.88 73.56 73.34 73.16 73.03 72.97 72.94 72.97 72.97
90.31 90.34 90.34 90.34 90.34 90.38 90.38 90.34 90.34 90.34 90.38 90.16 90.25 90.34 90.44 90.47 90.56 90.50 90.44 90.25 90.41 90.59 90.84 91.03 91.12 91.41 91.97 92.66 93.28 93.53 95.50 91.03 89.06 87.97 86.47 83.97 82.72 83.12 84.47 85.16 85.34 85.78 85.72 84.94 84.00 82.94 81.66 81.06 80.94 80.34 79.59 79.34 79.25 78.94 78.56 78.16 77.72 77.28 76.84 76.41 75.97 75.59 75.22 74.84 74.44 74.00 73.62 73.25 72.94 72.69 72.53 72.41 72.34 72.34 72.34 72.38 72.41
90.25 90.25 90.28 90.28 90.28 90.31 90.31 90.25 90.16 90.22 90.22 90.00 90.09 90.19 90.28 90.31 90.28 90.19 90.03 89.56 89.41 89.59 89.78 89.94 90.06 90.19 90.53 91.31 91.97 91.38 90.56 88.59 86.59 85.38 83.97 81.69 80.88 81.19 82.00 82.50 82.66 82.81 82.84 82.41 81.62 80.75 79.84 79.81 79.62 78.97 78.31 77.91 77.91 77.59 77.22 76.81 76.38 75.94 75.50 75.09 74.72 74.34 74.03 73.69 73.34 72.97 72.62 72.28 72.00 71.81 71.75 71.69 71.69 71.75 71.78 71.81 71.91
90.19 90.22 90.22 90.22 90.25 90.28 90.28 90.22 90.12 90.09 89.84 89.88 89.94 90.03 90.06 90.12 89.94 89.88 89.50 88.53 88.22 88.47 88.66 88.81 88.97 89.12 89.31 89.53 89.56 89.25 88.44 86.72 84.97 83.59 82.16 80.50 80.03 80.16 80.53 80.75 80.81 80.75 80.56 80.12 79.47 78.72 78.53 78.56 78.38 77.81 77.22 76.81 76.59 76.28 75.88 75.47 75.03 74.59 74.19 73.81 73.47 73.16 72.88 72.56 72.25 71.94 71.66 71.34 71.09 70.97 70.97 70.97 71.03 71.12 71.22 71.28 71.38
90.16 90.16 90.16 90.16 90.19 90.22 90.19 90.09 90.03 89.91 89.75 89.78 89.84 89.88 89.91 89.81 89.69 89.56 88.84 87.44 87.06 87.31 87.47 87.66 87.88 88.03 88.06 88.00 87.75 87.25 86.34 84.75 83.03 81.66 80.53 79.72 79.44 79.44 79.56 79.66 79.59 79.41 79.09 78.62 78.09 77.56 77.25 77.25 77.06 76.66 76.19 75.75 75.41 75.03 74.56 74.16 73.72 73.31 72.94 72.59 72.28 72.00 71.75 71.50 71.25 70.97 70.72 70.47 70.22 70.19 70.22 70.28 70.41 70.53 70.62 70.72 70.84
90.09 90.09 90.09 90.09 90.12 90.12 90.09 90.00 89.91 89.59 89.66 89.69 89.75 89.66 89.75 89.62 89.59 89.06 87.69 86.41 86.12 86.22 86.34 86.53 86.75 86.84 86.84 86.66 86.28 85.66 84.72 83.09 81.44 80.09 79.84 79.34 79.03 78.91 78.88 78.78 78.56 78.25 77.84 77.38 76.91 76.47 76.16 76.03 75.84 75.50 75.09 74.69 74.28 73.84 73.38 72.94 72.53 72.12 71.81 71.50 71.22 70.97 70.72 70.50 70.28 70.03 69.81 69.59 69.41 69.41 69.47 69.59 69.72 69.88 70.00 70.09 70.25
90.03 90.03 90.00 90.00 90.00 90.00 89.97 89.91 89.56 89.50 89.56 89.62 89.56 89.56 89.53 89.41 89.31 88.25 86.56 85.59 85.31 85.22 85.28 85.44 85.59 85.72 85.69 85.50 85.09 84.41 83.41 81.91 80.41 79.44 79.25 78.88 78.59 78.41 78.19 77.97 77.62 77.25 76.78 76.31 75.78 75.34 75.00 74.75 74.56 74.34 73.97 73.59 73.19 72.75 72.31 71.91 71.50 71.12 70.84 70.56 70.31 70.06 69.81 69.56 69.38 69.19 68.97 68.81 68.66 68.69 68.78 68.91 69.03 69.16 69.31 69.47 69.69
89.97 89.94 89.91 89.91 89.88 89.88 89.84 89.78 89.34 89.41 89.44 89.50 89.41 89.44 89.28 89.06 88.72 87.34 85.69 84.94 84.53 84.34 84.28 84.34 84.47 84.59 84.59 84.44 84.06 83.44 82.41 81.00 79.66 78.94 78.69 78.38 78.12 77.84 77.53 77.19 76.75 76.28 75.75 75.19 74.69 74.25 73.91 73.66 73.44 73.22 72.94 72.56 72.16 71.72 71.31 70.91 70.53 70.25 69.94 69.72 69.47 69.22 68.97 68.72 68.53 68.38 68.19 68.06 67.97 68.03 68.12 68.22 68.31 68.47 68.66 68.84 69.12
89.94 89.88 89.81 89.78 89.78 89.75 89.72 89.28 89.28 89.31 89.38 89.31 89.34 89.09 88.91 88.59 88.31 86.31 85.00 84.31 83.84 83.53 83.38 83.38 83.41 83.47 83.50 83.38 83.06 82.50 81.62 80.22 78.84 78.44 78.19 77.91 77.62 77.28 76.94 76.47 75.94 75.34 74.78 74.25 73.81 73.41 73.12 72.84 72.62 72.34 72.00 71.62 71.19 70.81 70.44 70.03 69.69 69.41 69.12 68.91 68.69 68.44 68.19 67.97 67.75 67.62 67.47 67.38 67.38 67.44 67.50 67.56 67.66 67.78 68.00 68.25 68.56
89.84 89.78 89.72 89.69 89.66 89.62 89.53 89.25 89.25 89.28 89.28 89.25 89.12 88.88 88.50 88.03 87.38 85.47 84.44 83.81 83.28 82.84 82.59 82.44 82.41 82.41 82.41 82.34 82.06 81.53 80.66 79.50 78.34 77.94 77.75 77.47 77.16 76.78 76.31 75.75 75.16 74.59 74.03 73.56 73.12 72.75 72.47 72.19 71.91 71.59 71.22 70.81 70.34 69.97 69.62 69.22 68.91 68.59 68.34 68.09 67.88 67.62 67.38 67.19 67.03 66.91 66.84 66.75 66.78 66.88 66.91 66.97 67.03 67.16 67.41 67.72 68.09
89.78 89.69 89.62 89.59 89.56 89.53 89.12 89.19 89.25 89.25 89.16 89.19 88.91 88.62 88.09 87.41 86.25 84.81 84.06 83.41 82.81 82.31 81.94 81.69 81.50 81.47 81.47 81.38 81.06 80.41 79.59 78.97 78.25 77.72 77.38 77.03 76.62 76.16 75.62 75.03 74.50 73.94 73.41 72.94 72.50 72.16 71.84 71.50 71.22 70.84 70.44 70.03 69.56 69.19 68.81 68.50 68.16 67.84 67.59 67.34 67.09 66.84 66.62 66.44 66.31 66.25 66.22 66.19 66.25 66.34 66.34 66.41 66.47 66.62 66.88 67.22 67.69
89.66 89.59 89.53 89.50 89.47 89.44 88.97 89.06 89.16 89.16 89.12 88.91 88.72 88.28 87.62 86.66 85.25 84.38 83.75 83.12 82.50 81.91 81.38 81.00 80.78 80.69 80.62 80.50 80.16 79.50 78.72 78.50 78.19 77.44 76.97 76.50 75.97 75.44 74.91 74.38 73.84 73.31 72.81 72.34 71.91 71.53 71.22 70.88 70.56 70.16 69.72 69.28 68.84 68.44 68.09 67.78 67.47 67.16 66.91 66.62 66.34 66.12 65.88 65.75 65.62 65.62 65.66 65.66 65.72 65.81 65.84 65.91 65.94 66.12 66.38 66.75 67.31
89.56 89.50 89.47 89.41 89.38 89.38 88.84 88.91 89.00 89.06 89.06 88.72 88.53 87.94 86.88 85.69 84.69 84.09 83.53 82.91 82.22 81.56 80.94 80.44 80.12 80.00 79.91 79.75 79.44 78.81 78.12 77.88 77.81 77.06 76.47 75.88 75.34 74.81 74.25 73.75 73.22 72.72 72.22 71.75 71.31 70.94 70.59 70.25 69.91 69.50 69.06 68.59 68.16 67.75 67.41 67.12 66.84 66.56 66.28 66.00 65.72 65.44 65.22 65.09 65.03 65.06 65.12 65.16 65.19 65.25 65.34 65.38 65.44 65.62 65.91 66.31 66.91
89.47 89.41 89.38 89.34 89.31 89.28 89.28 89.03 89.00 89.03 88.78 88.50 88.12 87.06 86.03 85.09 84.41 83.91 83.31 82.66 81.94 81.19 80.53 79.94 79.59 79.41 79.25 79.09 78.78 78.28 77.66 77.38 77.28 76.53 75.88 75.28 74.72 74.16 73.62 73.12 72.62 72.12 71.62 71.16 70.72 70.34 70.00 69.66 69.28 68.88 68.41 67.94 67.50 67.12 66.81 66.53 66.28 66.00 65.72 65.44 65.16 64.88 64.66 64.53 64.50 64.53 64.62 64.69 64.69 64.72 64.81 64.81 64.91 65.12 65.44 65.84 66.41
89.34 89.31 89.28 89.25 89.22 89.22 89.19 89.12 89.00 88.81 88.53 88.22 87.50 86.34 85.41 84.66 84.09 83.59 83.00 82.38 81.59 80.84 80.12 79.50 79.12 78.88 78.72 78.53 78.22 77.81 77.25 76.91 76.50 75.88 75.25 74.66 74.09 73.56 73.00 72.50 72.00 71.53 71.03 70.56 70.12 69.75 69.41 69.06 68.69 68.28 67.81 67.34 66.94 66.56 66.28 66.00 65.75 65.47 65.19 64.91 64.62 64.38 64.16 64.03 64.03 64.06 64.12 64.19 64.16 64.19 64.22 64.25 64.38 64.59 64.94 65.34 65.91
89.25 89.22 89.19 89.16 89.12 89.12 89.06 89.00 88.84 88.59 88.25 87.72 86.72 85.62 84.78 84.19 83.69 83.19 82.62 81.97 81.25 80.47 79.75 79.12 78.72 78.44 78.22 78.00 77.72 77.31 76.84 76.34 75.81 75.22 74.62 74.06 73.50 72.94 72.41 71.91 71.44 70.94 70.47 70.00 69.56 69.16 68.81 68.50 68.09 67.72 67.28 66.81 66.41 66.06 65.75 65.47 65.19 64.94 64.66 64.38 64.12 63.88 63.72 63.59 63.59 63.62 63.66 63.72 63.69 63.69 63.72 63.78 63.84 64.06 64.41 64.81 65.41
89.16 89.12 89.09 89.06 89.03 89.00 88.91 88.84 88.69 88.31 87.81 87.00 85.97 84.94 84.22 83.72 83.22 82.75 82.19 81.53 80.84 80.06 79.34 78.75 78.31 78.03 77.78 77.53 77.25 76.84 76.34 75.72 75.16 74.59 74.03 73.47 72.91 72.38 71.84 71.34 70.84 70.38 69.91 69.44 69.00 68.59 68.22 67.91 67.56 67.19 66.78 66.34 65.94 65.59 65.28 64.97 64.69 64.41 64.12 63.88 63.66 63.47 63.31 63.22 63.19 63.22 63.22 63.25 63.22 63.22 63.22 63.28 63.31 63.53 63.88 64.28 64.81
89.06 89.00 88.97 88.94 88.91 88.84 88.75 88.69 88.53 87.94 87.19 86.28 85.44 84.66 83.94 83.28 82.75 82.25 81.72 81.09 80.41 79.69 79.00 78.44 77.97 77.62 77.34 77.06 76.72 76.31 75.75 75.12 74.56 74.00 73.44 72.91 72.34 71.81 71.28 70.75 70.25 69.78 69.31 68.84 68.44 68.03 67.66 67.34 67.03 66.69 66.31 65.91 65.53 65.19 64.84 64.53 64.22 63.94 63.69 63.44 63.25 63.09 62.97 62.84 62.81 62.78 62.78 62.75 62.75 62.72 62.72 62.72 62.78 63.00 63.31 63.75 64.28
88.97 88.91 88.88 88.81 88.78 88.69 88.59 88.50 88.34 87.47 86.53 85.72 84.97 84.25 83.59 82.94 82.34 81.78 81.25 80.66 80.03 79.38 78.78 78.19 77.72 77.31 76.97 76.62 76.22 75.75 75.16 74.56 74.00 73.44 72.91 72.38 71.84 71.28 70.75 70.19 69.69 69.19 68.75 68.28 67.84 67.47 67.12 66.81 66.50 66.19 65.84 65.47 65.12 64.78 64.47 64.16 63.84 63.56 63.31 63.09 62.88 62.72 62.59 62.47 62.41 62.34 62.31 62.28 62.25 62.19 62.19 62.12 62.19 62.41 62.78 63.25 63.78
88.88 88.81 88.75 88.69 88.62 88.53 88.38 88.22 87.78 86.81 86.00 85.25 84.53 83.88 83.22 82.59 81.94 81.38 80.84 80.28 79.72 79.16 78.56 78.03 77.56 77.09 76.66 76.22 75.75 75.25 74.66 74.03 73.50 72.97 72.44 71.91 71.34 70.78 70.22 69.69 69.12 68.62 68.16 67.69 67.28 66.91 66.56 66.28 66.00 65.69 65.38 65.03 64.69 64.38 64.06 63.75 63.47 63.19 62.94 62.72 62.53 62.34 62.22 62.06 61.97 61.91 61.84 61.78 61.72 61.66 61.62 61.59 61.66 61.88 62.31 62.81 63.34
88.78 88.72 88.66 88.56 88.47 88.34 88.16 87.78 87.03 86.28 85.50 84.78 84.12 83.47 82.88 82.25 81.56 81.06 80.53 80.00 79.47 78.94 78.41 77.91 77.41 76.91 76.44 75.94 75.44 74.88 74.28 73.66 73.06 72.53 72.00 71.47 70.91 70.34 69.75 69.19 68.62 68.06 67.53 67.09 66.72 66.34 66.03 65.75 65.50 65.22 64.91 64.56 64.25 63.91 63.62 63.34 63.09 62.81 62.59 62.38 62.16 61.97 61.78 61.62 61.50 61.41 61.34 61.28 61.22 61.12 61.06 61.03 61.06 61.31 61.78 62.38 62.97
88.72 88.66 88.56 88.44 88.31 88.16 87.91 87.22 86.47 85.75 85.03 84.38 83.72 83.09 82.50 81.88 81.22 80.75 80.22 79.69 79.22 78.72 78.22 77.69 77.19 76.72 76.22 75.72 75.19 74.59 74.00 73.38 72.72 72.16 71.62 71.06 70.50 69.94 69.34 68.72 68.12 67.56 67.03 66.56 66.16 65.81 65.50 65.22 65.00 64.75 64.44 64.12 63.78 63.47 63.19 62.91 62.66 62.44 62.22 61.97 61.72 61.50 61.31 61.16 61.03 60.94 60.88 60.78 60.69 60.59 60.50 60.41 60.38 60.72 61.25 61.88 62.53
88.62 88.56 88.47 88.34 88.19 88.00 87.62 86.72 85.97 85.28 84.59 83.97 83.34 82.75 82.16 81.53 80.97 80.44 79.91 79.41 78.94 78.47 77.97 77.50 77.00 76.50 76.00 75.50 74.97 74.41 73.78 73.16 72.50 71.88 71.31 70.75 70.16 69.56 68.94 68.31 67.69 67.09 66.56 66.06 65.66 65.28 65.00 64.72 64.47 64.25 64.00 63.69 63.38 63.03 62.75 62.47 62.22 62.03 61.84 61.62 61.31 61.03 60.84 60.69 60.59 60.50 60.41 60.31 60.19 60.06 59.94 59.78 59.78 60.09 60.66 61.38 62.06
88.56 88.50 88.38 88.25 88.06 87.78 87.09 86.25 85.50 84.84 84.19 83.59 83.00 82.41 81.78 81.25 80.75 80.16 79.59 79.09 78.66 78.19 77.72 77.25 76.78 76.28 75.81 75.28 74.78 74.22 73.66 73.03 72.38 71.69 71.06 70.44 69.84 69.22 68.59 67.97 67.31 66.69 66.12 65.59 65.19 64.81 64.50 64.22 63.97 63.75 63.50 63.25 62.94 62.62 62.31 62.03 61.78 61.62 61.47 61.31 60.97 60.66 60.44 60.28 60.16 60.03 59.94 59.81 59.69 59.53 59.34 59.16 59.09 59.47 60.09 60.78 61.56
88.50 88.44 88.34 88.19 88.09 87.31 86.53 85.72 85.00 84.38 83.78 83.19 82.66 82.03 81.50 81.03 80.50 79.88 79.31 78.81 78.38 77.94 77.47 77.00 76.56 76.06 75.59 75.12 74.62 74.09 73.56 72.97 72.31 71.59 70.94 70.25 69.56 68.91 68.28 67.66 66.94 66.28 65.69 65.16 64.75 64.38 64.03 63.75 63.44 63.16 62.94 62.69 62.38 62.06 61.81 61.56 61.41 61.28 61.19 61.03 60.66 60.28 60.03 59.84 59.69 59.56 59.44 59.31 59.16 59.00 58.78 58.53 58.59 58.91 59.50 60.25 61.03
88.38 88.44 88.25 88.12 87.84 86.62 85.88 85.16 84.47 83.91 83.34 82.81 82.28 81.75 81.28 80.78 80.22 79.62 79.06 78.53 78.09 77.66 77.22 76.78 76.31 75.88 75.41 74.94 74.47 74.00 73.50 72.97 72.38 71.69 70.94 70.12 69.38 68.66 68.00 67.34 66.62 65.94 65.31 64.75 64.31 63.94 63.59 63.25 62.91 62.62 62.38 62.16 61.94 61.62 61.44 61.28 61.16 61.09 61.00 60.75 60.34 59.88 59.62 59.41 59.25 59.12 58.97 58.81 58.66 58.47 58.28 58.09 58.12 58.41 58.97 59.66 60.50
87.34 87.31 87.16 86.88 86.44 85.78 85.16 84.53 83.94 83.41 82.88 82.41 81.94 81.50 81.03 80.53 79.94 79.38 78.81 78.28 77.84 77.41 76.97 76.53 76.09 75.66 75.22 74.78 74.34 73.91 73.47 73.00 72.50 71.84 71.12 70.25 69.38 68.62 67.84 67.09 66.34 65.59 64.94 64.34 63.88 63.50 63.16 62.78 62.47 62.22 61.94 61.75 61.56 61.38 61.25 61.19 61.09 61.03 60.91 60.62 60.22 59.69 59.22 58.94 58.75 58.59 58.47 58.31 58.16 57.94 57.78 57.72 57.72 57.97 58.50 59.22 60.00
