arlandasctiles/Tile4,7.asc
ncols 128
nrows 128
xllcorner 0
yllcorner 0
cellsize 2.0
NODATA_value  -9999
[rows 35 to 69 of 128, columns 0 to 77 of 128]
13.03 13.66 14.09 14.19 14.22 14.19 14.16 14.09 14.03 13.97 13.97 14.00 14.06 14.12 14.22 14.34 14.47 14.62 14.78 14.94 15.03 15.06 15.06 15.19 15.28 15.38 15.50 15.66 15.91 16.25 16.59 16.97 17.34 17.72 18.03 18.34 18.59 18.84 19.06 19.28 19.44 19.59 19.69 19.78 19.81 19.84 19.81 19.81 19.78 19.81 19.88 19.97 20.09 20.22 20.38 20.56 20.72 20.84 21.00 21.16 21.28 21.44 21.59 21.75 21.88 22.00 22.12 22.22 22.31 22.41 22.50 22.59 22.72 22.84 23.03 23.22 23.47 23.78
12.88 13.41 13.88 14.00 14.06 14.06 14.03 14.00 13.97 13.91 13.91 13.91 13.97 14.03 14.09 14.19 14.28 14.41 14.56 14.72 14.81 14.91 14.94 15.06 15.16 15.28 15.44 15.62 15.91 16.22 16.56 16.91 17.25 17.59 17.91 18.19 18.44 18.66 18.88 19.06 19.19 19.34 19.44 19.50 19.53 19.56 19.56 19.53 19.53 19.53 19.56 19.62 19.72 19.84 19.97 20.12 20.25 20.41 20.53 20.69 20.84 21.00 21.16 21.31 21.47 21.62 21.75 21.88 21.97 22.06 22.16 22.25 22.34 22.47 22.62 22.84 23.06 23.34
12.78 12.81 13.78 13.84 13.91 13.94 13.91 13.88 13.88 13.84 13.81 13.81 13.84 13.91 13.97 14.03 14.09 14.22 14.31 14.50 14.69 14.69 14.75 14.88 15.03 15.19 15.38 15.59 15.88 16.16 16.50 16.84 17.16 17.47 17.75 18.03 18.25 18.47 18.66 18.81 18.97 19.09 19.16 19.25 19.28 19.31 19.31 19.31 19.28 19.31 19.31 19.38 19.44 19.56 19.66 19.78 19.91 20.03 20.16 20.31 20.44 20.59 20.75 20.94 21.09 21.25 21.41 21.53 21.66 21.75 21.81 21.91 22.00 22.12 22.25 22.44 22.66 22.91
12.72 12.81 13.81 13.75 13.78 13.78 13.78 13.78 13.78 13.75 13.75 13.75 13.75 13.78 13.81 13.84 13.91 14.00 14.09 14.19 14.38 14.50 14.56 14.69 14.91 15.09 15.28 15.53 15.81 16.12 16.44 16.75 17.06 17.34 17.62 17.84 18.09 18.28 18.47 18.59 18.72 18.84 18.94 19.00 19.03 19.06 19.06 19.09 19.09 19.09 19.12 19.16 19.22 19.31 19.41 19.53 19.62 19.75 19.88 20.00 20.12 20.25 20.41 20.56 20.72 20.91 21.06 21.19 21.31 21.41 21.50 21.56 21.66 21.75 21.88 22.03 22.22 22.47
12.69 12.75 13.53 13.53 13.59 13.62 13.62 13.66 13.66 13.66 13.66 13.66 13.66 13.66 13.66 13.69 13.72 13.78 13.84 13.97 14.09 14.28 14.34 14.47 14.75 14.97 15.19 15.47 15.75 16.06 16.34 16.66 16.94 17.22 17.47 17.69 17.91 18.09 18.25 18.38 18.50 18.59 18.69 18.75 18.81 18.84 18.84 18.88 18.88 18.91 18.94 18.97 19.03 19.12 19.19 19.31 19.41 19.50 19.62 19.75 19.88 20.00 20.12 20.28 20.44 20.59 20.72 20.88 21.00 21.09 21.19 21.25 21.31 21.41 21.53 21.66 21.81 22.03
12.62 12.69 13.06 13.22 13.34 13.44 13.47 13.50 13.53 13.53 13.56 13.56 13.53 13.53 13.50 13.50 13.50 13.53 13.59 13.75 13.88 14.03 14.19 14.31 14.56 14.81 15.09 15.38 15.69 15.97 16.25 16.53 16.81 17.06 17.31 17.53 17.72 17.88 18.03 18.19 18.28 18.38 18.47 18.53 18.56 18.62 18.66 18.66 18.69 18.72 18.75 18.81 18.88 18.94 19.00 19.09 19.19 19.28 19.41 19.50 19.62 19.75 19.88 20.00 20.16 20.31 20.44 20.56 20.69 20.78 20.84 20.91 20.97 21.06 21.16 21.28 21.41 21.59
12.56 12.56 12.78 12.97 13.12 13.25 13.31 13.38 13.41 13.44 13.44 13.44 13.44 13.41 13.38 13.34 13.31 13.34 13.41 13.53 13.69 13.84 14.00 14.09 14.41 14.69 14.97 15.28 15.56 15.88 16.16 16.44 16.69 16.94 17.16 17.34 17.53 17.69 17.84 17.97 18.06 18.16 18.25 18.31 18.38 18.41 18.44 18.47 18.50 18.53 18.59 18.62 18.69 18.75 18.84 18.91 19.00 19.09 19.19 19.28 19.41 19.50 19.62 19.75 19.91 20.03 20.16 20.28 20.41 20.50 20.56 20.59 20.66 20.72 20.81 20.91 21.03 21.16
12.47 12.44 12.62 12.78 12.91 13.06 13.16 13.22 13.28 13.31 13.31 13.31 13.31 13.31 13.28 13.22 13.16 13.22 13.31 13.41 13.53 13.69 13.81 13.94 14.25 14.56 14.88 15.16 15.47 15.75 16.03 16.31 16.56 16.78 17.00 17.19 17.34 17.50 17.66 17.78 17.88 17.97 18.03 18.09 18.16 18.22 18.25 18.28 18.31 18.38 18.41 18.47 18.53 18.59 18.66 18.72 18.81 18.88 18.97 19.06 19.16 19.28 19.38 19.50 19.62 19.75 19.91 20.00 20.12 20.19 20.25 20.31 20.34 20.38 20.47 20.53 20.66 20.75
12.41 12.34 12.47 12.62 12.75 12.88 13.00 13.06 13.12 13.19 13.19 13.22 13.22 13.22 13.16 13.16 13.16 13.16 13.22 13.28 13.41 13.53 13.66 13.78 14.09 14.41 14.75 15.06 15.34 15.66 15.94 16.19 16.41 16.62 16.84 17.03 17.19 17.34 17.47 17.56 17.69 17.75 17.84 17.91 17.97 18.00 18.06 18.09 18.16 18.19 18.25 18.31 18.38 18.41 18.47 18.56 18.62 18.69 18.75 18.84 18.94 19.00 19.12 19.22 19.34 19.47 19.59 19.69 19.81 19.91 19.94 20.00 20.03 20.06 20.12 20.19 20.25 20.38
12.25 12.25 12.38 12.53 12.62 12.72 12.81 12.94 13.00 13.03 13.09 13.09 13.12 13.12 13.16 13.09 13.12 13.09 13.12 13.19 13.25 13.34 13.47 13.62 13.94 14.28 14.59 14.94 15.25 15.53 15.78 16.06 16.28 16.50 16.69 16.84 17.00 17.16 17.28 17.41 17.50 17.56 17.66 17.72 17.78 17.84 17.88 17.94 17.97 18.03 18.09 18.16 18.19 18.25 18.31 18.38 18.44 18.50 18.53 18.59 18.69 18.75 18.84 18.91 19.00 19.12 19.22 19.34 19.44 19.53 19.62 19.66 19.72 19.75 19.78 19.81 19.88 19.97
12.19 12.19 12.31 12.44 12.53 12.62 12.69 12.78 12.84 12.91 12.97 13.00 13.00 13.03 13.06 13.03 13.06 13.06 13.06 13.06 13.09 13.16 13.28 13.44 13.78 14.12 14.47 14.81 15.09 15.41 15.66 15.91 16.12 16.34 16.53 16.69 16.84 17.00 17.09 17.22 17.31 17.41 17.47 17.66 17.59 17.66 17.72 17.75 17.81 17.88 17.94 17.97 18.03 18.09 18.16 18.19 18.25 18.28 18.31 18.38 18.41 18.47 18.53 18.59 18.66 18.75 18.84 18.94 19.03 19.12 19.19 19.28 19.31 19.38 19.44 19.47 19.50 19.56
12.16 12.22 12.25 12.34 12.44 12.50 12.59 12.66 12.72 12.78 12.81 12.88 12.91 12.94 12.97 13.00 12.97 13.00 12.97 12.94 12.94 12.94 13.03 13.22 13.59 13.97 14.31 14.66 14.97 15.25 15.53 15.78 16.00 16.19 16.38 16.53 16.69 16.81 16.94 17.03 17.12 17.22 17.31 16.81 15.97 16.12 17.56 17.59 17.66 17.72 17.78 17.84 17.88 17.94 17.97 18.00 18.03 18.06 18.09 18.12 18.16 18.19 18.22 18.25 18.28 18.34 18.41 18.47 18.53 18.62 18.69 18.78 18.84 18.94 19.03 19.09 19.12 19.16
12.22 12.31 12.22 12.28 12.34 12.41 12.47 12.53 12.59 12.66 12.69 12.75 12.78 12.81 12.84 12.88 12.88 12.91 12.88 12.84 12.75 12.72 12.75 12.91 13.41 13.81 14.19 14.50 14.81 15.12 15.38 15.62 15.84 16.06 16.22 16.41 16.53 16.66 16.78 16.88 16.97 17.06 17.12 15.94 15.94 15.94 15.94 17.47 17.53 17.59 17.62 17.69 17.75 17.78 17.81 17.84 17.84 17.88 17.88 17.88 17.88 17.88 17.91 17.91 17.91 17.94 17.94 17.97 18.03 18.06 18.12 18.19 18.28 18.41 18.50 18.62 18.72 18.75
12.09 12.31 12.28 12.22 12.25 12.31 12.34 12.41 12.47 12.53 12.56 12.62 12.66 12.69 12.72 12.75 12.81 12.88 12.91 12.84 12.62 12.50 12.50 12.72 13.25 13.66 14.00 14.34 14.66 14.97 15.22 15.47 15.69 15.91 16.09 16.25 16.41 16.53 16.62 16.75 16.84 16.91 17.00 15.94 15.94 15.94 15.94 16.62 17.38 17.44 17.50 17.56 17.59 17.62 17.66 17.66 17.66 17.66 17.66 17.62 17.59 17.59 17.56 17.53 17.53 17.50 17.47 17.47 17.47 17.47 17.50 17.56 17.66 17.75 17.91 18.06 18.22 18.31
11.84 11.94 12.09 12.19 12.19 12.22 12.25 12.28 12.34 12.38 12.44 12.50 12.53 12.59 12.62 12.69 12.81 12.94 13.03 12.88 12.69 12.47 12.44 12.62 13.06 13.50 13.84 14.19 14.50 14.78 15.06 15.31 15.56 15.75 15.94 16.12 16.25 16.38 16.50 16.59 16.69 16.78 16.84 15.94 15.94 15.94 15.94 15.94 16.16 17.34 17.41 17.44 17.47 17.50 17.50 17.50 17.47 17.44 17.41 17.38 17.34 17.28 17.22 17.19 17.12 17.06 17.00 16.97 16.94 16.91 16.91 16.91 16.97 17.09 17.22 17.41 17.62 17.78
11.81 11.78 11.81 11.94 12.09 12.12 12.16 12.16 12.19 12.25 12.31 12.34 12.41 12.47 12.56 12.66 12.81 12.97 13.12 13.00 12.84 12.59 12.59 12.69 13.00 13.34 13.69 14.00 14.31 14.62 14.91 15.16 15.41 15.62 15.81 15.97 16.12 16.25 16.38 16.47 16.56 16.66 16.75 15.94 15.94 15.94 15.94 15.94 15.94 17.25 17.28 17.31 17.34 17.38 17.34 17.34 17.31 17.25 17.19 17.12 17.06 17.00 16.91 16.81 16.75 16.66 16.56 16.47 16.41 16.34 16.31 16.31 16.34 16.44 16.56 16.75 16.97 17.19
11.78 11.75 11.75 11.72 11.81 11.91 12.03 12.06 12.09 12.12 12.16 12.22 12.28 12.34 12.47 12.62 12.81 13.00 13.16 13.06 12.94 12.78 12.59 12.66 12.91 13.25 13.53 13.81 14.09 14.41 14.72 15.00 15.28 15.50 15.69 15.88 16.03 16.16 16.25 16.38 16.47 16.56 16.62 15.94 15.94 15.94 15.94 15.94 15.97 17.16 17.19 17.22 17.25 17.25 17.22 17.19 17.12 17.06 17.00 16.91 16.81 16.72 16.59 16.50 16.38 16.25 16.12 16.03 15.94 15.84 15.81 15.78 15.78 15.84 15.97 16.09 16.31 16.53
11.78 11.75 11.72 11.69 11.66 11.66 11.75 11.88 11.97 12.00 12.06 12.09 12.16 12.28 12.44 12.59 12.81 12.97 13.12 13.16 13.00 12.75 12.59 12.59 12.75 13.06 13.34 13.56 13.88 14.22 14.53 14.84 15.12 15.38 15.59 15.78 15.94 16.06 16.16 16.28 16.38 16.47 16.56 16.06 15.94 15.94 15.78 15.94 16.47 17.09 17.12 17.16 17.16 17.12 17.09 17.03 16.97 16.88 16.78 16.69 16.56 16.44 16.31 16.16 16.03 15.91 15.75 15.62 15.50 15.44 15.38 15.34 15.34 15.38 15.44 15.56 15.72 15.94
11.75 11.72 11.72 11.69 11.66 11.62 11.59 11.59 11.69 11.81 11.94 12.00 12.06 12.19 12.34 12.56 12.78 12.94 13.06 13.06 12.84 12.53 12.41 12.50 12.69 12.91 13.09 13.31 13.59 13.97 14.34 14.69 15.00 15.28 15.53 15.72 15.88 16.00 16.09 16.19 16.28 16.38 16.47 16.38 16.31 16.50 16.84 16.94 17.00 17.03 17.06 17.09 17.06 17.03 16.97 16.91 16.81 16.72 16.59 16.47 16.31 16.19 16.03 15.88 15.72 15.56 15.41 15.28 15.16 15.09 15.03 15.00 14.97 15.00 15.06 15.16 15.28 15.41
11.81 11.72 11.69 11.66 11.62 11.59 11.59 11.56 11.50 11.53 11.59 11.75 11.91 12.09 12.28 12.53 12.78 12.91 12.94 12.84 12.62 12.47 12.44 12.44 12.56 12.69 12.94 13.19 13.44 13.72 14.16 14.53 14.91 15.22 15.47 15.69 15.81 15.94 16.06 16.16 16.25 16.34 16.44 16.53 16.62 16.72 16.81 16.91 16.97 17.00 17.03 17.03 17.00 16.94 16.88 16.78 16.69 16.56 16.44 16.28 16.12 15.94 15.78 15.59 15.44 15.28 15.12 15.00 14.88 14.81 14.75 14.72 14.72 14.75 14.78 14.84 14.94 15.03
11.88 11.81 11.72 11.66 11.62 11.59 11.56 11.53 11.50 11.47 11.44 11.44 11.50 11.69 11.97 12.28 12.66 12.88 12.88 12.69 12.47 12.34 12.28 12.28 12.41 12.53 12.78 13.06 13.34 13.59 13.91 14.41 14.84 15.19 15.47 15.69 15.81 15.94 16.03 16.12 16.22 16.31 16.41 16.53 16.62 16.72 16.81 16.91 16.94 16.97 17.00 16.97 16.94 16.88 16.78 16.69 16.56 16.41 16.25 16.09 15.91 15.75 15.56 15.38 15.19 15.03 14.88 14.75 14.66 14.59 14.56 14.53 14.53 14.53 14.56 14.59 14.66 14.72
11.78 11.75 11.72 11.69 11.62 11.56 11.53 11.50 11.47 11.44 11.41 11.41 11.41 11.41 11.44 11.56 11.78 12.06 12.25 12.19 12.12 12.09 12.09 12.16 12.25 12.41 12.62 12.88 13.12 13.41 13.66 14.12 14.75 15.25 15.56 15.75 15.88 15.94 16.03 16.12 16.22 16.31 16.41 16.53 16.66 16.75 16.81 16.88 16.94 16.94 16.94 16.91 16.88 16.81 16.69 16.59 16.44 16.28 16.12 15.94 15.75 15.56 15.38 15.19 15.00 14.84 14.69 14.59 14.50 14.44 14.41 14.41 14.41 14.41 14.41 14.44 14.47 14.50
11.59 11.66 11.66 11.66 11.62 11.53 11.53 11.50 11.47 11.44 11.41 11.41 11.41 11.38 11.41 11.44 11.47 11.50 11.56 11.69 11.78 11.88 11.97 12.09 12.22 12.38 12.53 12.72 12.97 13.25 13.56 13.78 14.31 14.81 15.25 15.56 15.81 15.97 16.06 16.12 16.22 16.31 16.44 16.56 16.66 16.75 16.81 16.88 16.91 16.91 16.91 16.88 16.81 16.72 16.62 16.50 16.34 16.19 16.00 15.81 15.59 15.41 15.19 15.00 14.84 14.69 14.56 14.47 14.41 14.34 14.31 14.31 14.28 14.28 14.28 14.31 14.31 14.34
11.50 11.50 11.53 11.56 11.50 11.34 11.31 11.38 11.44 11.44 11.41 11.41 11.41 11.38 11.41 11.44 11.47 11.50 11.56 11.69 11.78 11.88 11.97 12.09 12.19 12.38 12.53 12.75 13.00 13.28 13.56 13.88 14.16 14.44 14.69 15.00 15.25 15.56 15.81 16.03 16.19 16.34 16.44 16.56 16.66 16.75 16.78 16.84 16.84 16.84 16.84 16.81 16.75 16.69 16.56 16.44 16.28 16.09 15.91 15.69 15.47 15.28 15.06 14.88 14.72 14.59 14.47 14.38 14.31 14.28 14.25 14.22 14.22 14.22 14.22 14.22 14.19 14.19
11.38 11.38 11.34 11.38 11.31 11.19 11.03 11.06 11.25 11.34 11.41 11.41 11.41 11.38 11.41 11.44 11.50 11.53 11.56 11.69 11.78 11.88 11.97 12.09 12.19 12.34 12.53 12.78 13.03 13.31 13.62 13.91 14.22 14.47 14.72 14.97 15.12 15.28 15.47 15.69 15.88 16.09 16.31 16.50 16.59 16.69 16.72 16.75 16.78 16.78 16.78 16.75 16.69 16.62 16.50 16.38 16.19 16.00 15.81 15.59 15.38 15.19 14.97 14.81 14.66 14.50 14.41 14.34 14.28 14.25 14.22 14.19 14.16 14.16 14.16 14.12 14.12 14.09
11.22 11.22 11.19 11.16 11.12 11.00 10.94 10.94 11.03 11.12 11.25 11.34 11.41 11.44 11.47 11.47 11.50 11.53 11.56 11.69 11.78 11.88 12.00 12.09 12.19 12.34 12.50 12.78 13.06 13.38 13.66 13.97 14.25 14.53 14.78 15.00 15.16 15.34 15.50 15.66 15.75 15.84 16.00 16.19 16.34 16.50 16.59 16.62 16.66 16.69 16.69 16.69 16.62 16.56 16.47 16.31 16.16 15.97 15.75 15.53 15.31 15.09 14.91 14.75 14.59 14.50 14.41 14.31 14.25 14.22 14.19 14.16 14.12 14.12 14.09 14.06 14.03 14.00
10.97 11.00 11.03 11.00 10.91 10.84 10.81 10.84 10.91 11.00 11.09 11.19 11.31 11.44 11.59 11.69 11.75 11.75 11.75 11.75 11.69 11.75 11.88 11.97 12.09 12.22 12.38 12.69 13.03 13.38 13.69 14.00 14.31 14.59 14.84 15.06 15.22 15.38 15.53 15.69 15.78 15.88 16.00 16.09 16.16 16.25 16.34 16.44 16.50 16.56 16.59 16.59 16.56 16.53 16.44 16.28 16.12 15.94 15.72 15.50 15.28 15.06 14.88 14.72 14.59 14.47 14.38 14.31 14.25 14.22 14.16 14.12 14.12 14.09 14.06 14.03 14.00 13.94
10.72 10.81 10.81 10.81 10.72 10.69 10.72 10.75 10.81 10.91 10.97 11.06 11.16 11.28 11.41 11.56 11.72 11.81 11.84 11.78 11.66 11.41 11.44 11.50 11.56 11.66 11.81 12.09 12.34 12.66 13.16 13.88 14.34 14.78 15.06 15.16 15.25 15.44 15.59 15.72 15.81 15.91 16.03 16.12 16.19 16.25 16.28 16.34 16.41 16.44 16.47 16.50 16.53 16.50 16.41 16.28 16.12 15.91 15.72 15.50 15.28 15.09 14.91 14.75 14.62 14.50 14.41 14.31 14.25 14.22 14.16 14.12 14.09 14.06 14.03 14.00 13.97 13.91
10.47 10.59 10.62 10.59 10.56 10.56 10.59 10.66 10.72 10.81 10.88 10.94 11.00 11.09 11.19 11.31 11.44 11.53 11.59 11.62 11.62 11.62 11.56 11.38 11.28 11.25 11.38 11.53 11.62 12.03 12.34 13.25 13.91 14.72 15.50 15.75 15.69 15.66 15.69 15.75 15.84 15.97 16.06 16.12 16.19 16.25 16.31 16.38 16.41 16.41 16.44 16.44 16.47 16.47 16.41 16.28 16.12 15.94 15.72 15.53 15.31 15.12 14.94 14.78 14.66 14.53 14.44 14.34 14.28 14.22 14.19 14.12 14.09 14.06 14.03 14.00 13.94 13.88
10.28 10.41 10.47 10.44 10.44 10.44 10.50 10.56 10.62 10.69 10.72 10.78 10.84 10.91 10.97 11.06 11.16 11.25 11.34 11.41 11.50 11.56 11.62 11.31 10.78 10.47 10.69 10.97 11.25 11.62 11.94 12.47 13.22 14.25 15.31 15.97 16.19 16.19 16.09 15.97 15.94 16.00 16.09 16.16 16.22 16.28 16.34 16.38 16.41 16.41 16.44 16.44 16.44 16.41 16.41 16.34 16.19 16.00 15.78 15.59 15.38 15.19 15.00 14.84 14.69 14.56 14.47 14.38 14.31 14.25 14.19 14.16 14.09 14.06 14.03 14.00 13.94 13.88
10.12 10.25 10.31 10.31 10.34 10.38 10.41 10.47 10.50 10.53 10.56 10.62 10.66 10.69 10.72 10.78 10.84 10.91 11.03 11.12 11.22 11.31 11.34 11.06 10.44 10.09 10.31 10.69 10.88 11.19 11.75 12.44 13.28 14.28 15.16 15.81 16.16 16.28 16.31 16.28 16.19 16.16 16.16 16.19 16.25 16.28 16.34 16.38 16.41 16.41 16.44 16.44 16.44 16.41 16.38 16.34 16.31 16.16 15.94 15.66 15.44 15.25 15.06 14.91 14.75 14.62 14.53 14.44 14.34 14.28 14.22 14.16 14.12 14.09 14.03 14.00 13.94 13.88
9.97 10.09 10.16 10.22 10.25 10.28 10.31 10.34 10.34 10.38 10.38 10.41 10.44 10.44 10.47 10.47 10.53 10.56 10.66 10.75 10.81 10.88 10.84 10.56 10.16 9.72 9.94 10.25 10.50 10.97 11.69 12.50 13.31 14.09 14.81 15.41 15.81 16.12 16.31 16.38 16.38 16.38 16.38 16.38 16.38 16.38 16.38 16.41 16.41 16.44 16.44 16.44 16.41 16.41 16.38 16.34 16.31 16.28 16.19 15.97 15.66 15.34 15.12 14.97 14.81 14.69 14.56 14.47 14.41 14.31 14.25 14.19 14.16 14.09 14.06 14.00 13.94 13.88
9.84 9.97 10.03 10.06 10.09 10.12 10.16 10.19 10.19 10.16 10.16 10.16 10.19 10.19 10.16 10.16 10.16 10.19 10.22 10.28 10.34 10.38 10.31 9.94 9.53 9.28 9.41 9.81 10.34 10.97 11.69 12.44 13.16 13.84 14.44 14.97 15.41 15.75 16.00 16.22 16.34 16.44 16.50 16.53 16.53 16.59 16.53 16.50 16.47 16.44 16.44 16.44 16.41 16.38 16.38 16.34 16.28 16.25 16.22 16.16 16.06 15.81 15.47 15.12 14.88 14.75 14.62 14.53 14.44 14.38 14.31 14.25 14.19 14.12 14.09 14.03 13.97 13.91
9.72 9.81 9.88 9.91 9.94 9.97 9.97 9.97 9.97 9.97 9.94 9.91 9.91 9.88 9.84 9.81 9.78 9.78 9.78 9.81 9.81 9.78 9.72 9.47 9.09 8.81 8.97 9.53 10.22 10.91 11.59 12.28 12.94 13.53 14.09 14.56 15.00 15.34 15.62 15.91 16.12 16.28 16.44 16.56 16.62 16.66 16.72 16.69 16.66 16.62 16.53 16.47 16.41 16.38 16.34 16.31 16.28 16.22 16.19 16.16 16.09 16.06 15.97 15.72 15.34 14.97 14.72 14.59 14.50 14.44 14.34 14.28 14.22 14.19 14.12 14.06 14.00 13.94
9.56 9.66 9.69 9.72 9.72 9.75 9.75 9.75 9.72 9.72 9.66 9.62 9.56 9.53 9.50 9.44 9.38 9.34 9.31 9.28 9.22 9.16 9.00 8.84 8.72 8.62 8.94 9.53 10.19 10.84 11.50 12.09 12.69 13.22 13.75 14.19 14.59 14.94 15.25 15.53 15.78 16.00 16.22 16.41 16.56 16.66 16.72 16.75 16.75 16.75 16.72 16.66 16.56 16.44 16.38 16.31 16.25 16.22 16.16 16.12 16.09 16.03 16.00 15.94 15.88 15.62 15.28 14.91 14.62 14.50 14.44 14.34 14.28 14.22 14.19 14.12 14.06 14.00
