arlandasctiles/Tile13,8.asc
ncols 128
nrows 128
xllcorner 0
yllcorner 0
cellsize 2.0
NODATA_value  -9999
[rows 70 to 104 of 128, columns 0 to 77 of 128]
3.69 3.09 2.56 2.12 1.78 1.53 1.34 1.25 1.16 1.03 0.97 0.97 0.97 0.97 1.09 1.41 1.69 2.00 2.31 2.66 2.94 3.19 3.34 3.50 3.59 3.56 3.47 3.34 3.22 3.06 2.88 2.69 2.47 2.22 2.00 1.75 1.53 1.41 1.28 1.19 1.09 1.00 0.91 0.78 0.69 0.59 0.50 0.38 0.28 0.19 0.06 -0.03 -0.16 -0.25 -0.38 -0.47 -0.56 -0.69 -0.78 -0.91 -1.03 -1.16 -1.31 -1.44 -1.59 -1.75 -1.94 -2.09 -2.28 -2.50 -2.69 -2.91 -3.12 -3.34 -3.59 -3.84 -4.09 -4.34
3.72 3.09 2.56 2.12 1.78 1.53 1.34 1.25 1.16 1.03 0.97 0.97 0.97 0.97 1.09 1.41 1.66 2.00 2.34 2.66 2.97 3.22 3.41 3.56 3.66 3.66 3.53 3.41 3.28 3.12 2.97 2.78 2.56 2.31 2.06 1.78 1.56 1.41 1.31 1.22 1.12 1.00 0.91 0.81 0.69 0.59 0.50 0.38 0.28 0.19 0.06 -0.03 -0.16 -0.25 -0.38 -0.47 -0.59 -0.69 -0.81 -0.91 -1.03 -1.16 -1.31 -1.47 -1.62 -1.78 -1.94 -2.12 -2.31 -2.50 -2.72 -2.91 -3.16 -3.38 -3.62 -3.88 -4.12 -4.41
3.75 3.09 2.56 2.12 1.78 1.50 1.34 1.25 1.16 1.03 0.97 0.97 0.97 0.97 1.09 1.38 1.66 2.00 2.34 2.69 3.00 3.25 3.44 3.59 3.72 3.72 3.62 3.53 3.41 3.25 3.09 2.88 2.62 2.38 2.12 1.81 1.56 1.41 1.31 1.22 1.12 1.03 0.91 0.81 0.72 0.59 0.50 0.41 0.28 0.19 0.06 -0.03 -0.16 -0.25 -0.38 -0.47 -0.59 -0.69 -0.81 -0.91 -1.03 -1.19 -1.31 -1.47 -1.62 -1.78 -1.97 -2.12 -2.31 -2.53 -2.72 -2.94 -3.16 -3.41 -3.62 -3.91 -4.16 -4.44
3.78 3.16 2.59 2.12 1.78 1.53 1.34 1.25 1.16 1.00 0.97 0.97 0.97 0.97 1.06 1.38 1.66 2.00 2.34 2.72 3.03 3.28 3.47 3.59 3.72 3.78 3.75 3.69 3.56 3.41 3.22 3.00 2.72 2.44 2.16 1.88 1.59 1.44 1.31 1.22 1.12 1.03 0.94 0.81 0.72 0.62 0.50 0.41 0.28 0.19 0.06 -0.03 -0.16 -0.25 -0.38 -0.50 -0.59 -0.72 -0.81 -0.94 -1.06 -1.19 -1.31 -1.47 -1.62 -1.78 -1.97 -2.16 -2.34 -2.53 -2.75 -2.97 -3.19 -3.41 -3.66 -3.91 -4.19 -4.47
3.84 3.19 2.62 2.16 1.81 1.53 1.34 1.22 1.12 1.00 0.97 0.97 0.97 0.97 1.06 1.34 1.66 2.00 2.38 2.75 3.06 3.31 3.47 3.59 3.72 3.84 3.84 3.78 3.66 3.50 3.31 3.06 2.75 2.47 2.19 1.91 1.62 1.47 1.34 1.25 1.16 1.03 0.94 0.81 0.72 0.62 0.50 0.41 0.28 0.19 0.06 -0.03 -0.16 -0.25 -0.38 -0.50 -0.59 -0.72 -0.81 -0.94 -1.06 -1.19 -1.34 -1.47 -1.66 -1.81 -1.97 -2.16 -2.34 -2.56 -2.75 -2.97 -3.22 -3.44 -3.69 -3.94 -4.22 -4.47
3.94 3.28 2.69 2.22 1.84 1.56 1.38 1.22 1.12 1.00 0.97 0.97 0.97 0.97 1.06 1.34 1.66 2.03 2.41 2.78 3.09 3.34 3.50 3.62 3.78 3.88 3.91 3.81 3.69 3.50 3.31 3.09 2.78 2.50 2.22 1.94 1.69 1.47 1.34 1.25 1.16 1.06 0.94 0.84 0.75 0.62 0.53 0.41 0.31 0.19 0.06 -0.03 -0.16 -0.25 -0.38 -0.50 -0.59 -0.72 -0.84 -0.94 -1.06 -1.19 -1.34 -1.50 -1.66 -1.81 -2.00 -2.19 -2.38 -2.56 -2.78 -3.00 -3.22 -3.47 -3.72 -3.97 -4.22 -4.50
4.03 3.38 2.78 2.28 1.91 1.59 1.38 1.25 1.12 1.00 0.97 0.97 0.97 0.97 1.06 1.34 1.66 2.03 2.41 2.78 3.12 3.38 3.53 3.66 3.81 3.91 3.88 3.78 3.62 3.47 3.28 3.06 2.78 2.50 2.25 1.97 1.72 1.50 1.38 1.28 1.19 1.06 0.97 0.84 0.75 0.66 0.53 0.41 0.31 0.19 0.09 -0.03 -0.16 -0.25 -0.38 -0.50 -0.62 -0.72 -0.84 -0.97 -1.06 -1.22 -1.34 -1.50 -1.66 -1.81 -2.00 -2.19 -2.38 -2.59 -2.78 -3.00 -3.25 -3.47 -3.72 -4.00 -4.25 -4.53
4.16 3.47 2.84 2.34 1.94 1.62 1.41 1.25 1.12 1.00 0.97 0.97 0.97 0.97 1.06 1.31 1.66 2.03 2.41 2.81 3.16 3.41 3.56 3.72 3.88 3.94 3.88 3.75 3.59 3.44 3.25 3.03 2.81 2.53 2.28 2.03 1.75 1.53 1.41 1.28 1.19 1.09 0.97 0.88 0.75 0.66 0.53 0.44 0.31 0.22 0.09 -0.03 -0.16 -0.25 -0.38 -0.50 -0.62 -0.72 -0.84 -0.97 -1.09 -1.22 -1.34 -1.50 -1.66 -1.84 -2.00 -2.19 -2.38 -2.59 -2.81 -3.03 -3.25 -3.50 -3.75 -4.00 -4.28 -4.56
4.25 3.56 2.94 2.41 1.97 1.66 1.41 1.25 1.09 1.00 0.97 0.97 0.97 0.97 1.06 1.31 1.66 2.03 2.44 2.81 3.16 3.44 3.59 3.72 3.88 3.94 3.88 3.75 3.59 3.44 3.25 3.06 2.84 2.56 2.34 2.06 1.78 1.56 1.41 1.31 1.22 1.09 1.00 0.88 0.78 0.66 0.56 0.44 0.34 0.22 0.09 -0.03 -0.12 -0.25 -0.38 -0.50 -0.62 -0.72 -0.84 -0.97 -1.09 -1.22 -1.38 -1.50 -1.66 -1.84 -2.03 -2.19 -2.41 -2.59 -2.81 -3.03 -3.28 -3.50 -3.75 -4.03 -4.28 -4.56
4.41 3.69 3.03 2.47 2.00 1.66 1.41 1.25 1.09 1.00 1.00 1.00 1.00 0.97 1.06 1.31 1.62 2.00 2.41 2.84 3.19 3.44 3.62 3.72 3.81 3.88 3.84 3.75 3.62 3.47 3.28 3.09 2.91 2.66 2.41 2.12 1.81 1.56 1.44 1.34 1.22 1.12 1.00 0.91 0.81 0.69 0.56 0.47 0.34 0.22 0.09 0.00 -0.12 -0.25 -0.38 -0.50 -0.62 -0.72 -0.84 -0.97 -1.09 -1.22 -1.38 -1.53 -1.69 -1.84 -2.03 -2.22 -2.41 -2.59 -2.81 -3.06 -3.28 -3.53 -3.78 -4.03 -4.31 -4.59
4.59 3.88 3.19 2.56 2.06 1.66 1.41 1.25 1.12 1.00 1.00 1.00 1.00 1.00 1.06 1.28 1.59 1.97 2.41 2.81 3.19 3.44 3.62 3.72 3.81 3.84 3.84 3.75 3.66 3.53 3.34 3.16 2.97 2.72 2.44 2.16 1.84 1.59 1.47 1.34 1.25 1.16 1.03 0.94 0.81 0.72 0.59 0.47 0.34 0.25 0.12 0.00 -0.12 -0.25 -0.38 -0.50 -0.62 -0.72 -0.84 -0.97 -1.09 -1.25 -1.38 -1.53 -1.69 -1.84 -2.03 -2.22 -2.41 -2.62 -2.84 -3.06 -3.28 -3.53 -3.78 -4.06 -4.31 -4.59
4.75 4.03 3.34 2.69 2.12 1.69 1.41 1.25 1.09 1.00 1.00 1.00 1.00 1.00 1.03 1.25 1.56 1.94 2.38 2.81 3.16 3.44 3.59 3.72 3.78 3.84 3.84 3.78 3.69 3.56 3.41 3.22 3.03 2.81 2.47 2.19 1.88 1.62 1.50 1.38 1.28 1.19 1.06 0.94 0.84 0.72 0.59 0.50 0.38 0.25 0.12 0.00 -0.12 -0.25 -0.38 -0.50 -0.59 -0.72 -0.84 -0.97 -1.09 -1.25 -1.38 -1.53 -1.69 -1.84 -2.03 -2.22 -2.41 -2.62 -2.84 -3.06 -3.28 -3.53 -3.78 -4.06 -4.34 -4.62
4.88 4.16 3.47 2.84 2.25 1.75 1.44 1.25 1.09 1.00 1.00 1.00 1.00 1.00 1.03 1.22 1.53 1.91 2.34 2.75 3.12 3.41 3.59 3.72 3.78 3.84 3.88 3.81 3.75 3.62 3.44 3.25 3.06 2.81 2.50 2.19 1.91 1.69 1.53 1.41 1.31 1.19 1.09 0.97 0.88 0.75 0.62 0.50 0.41 0.28 0.16 0.03 -0.09 -0.22 -0.34 -0.47 -0.59 -0.72 -0.84 -0.97 -1.12 -1.25 -1.38 -1.53 -1.69 -1.84 -2.03 -2.22 -2.41 -2.62 -2.84 -3.06 -3.31 -3.53 -3.81 -4.06 -4.34 -4.62
4.94 4.28 3.59 2.94 2.34 1.84 1.50 1.28 1.12 1.00 1.00 1.00 1.00 1.00 1.00 1.19 1.47 1.88 2.31 2.72 3.09 3.38 3.56 3.69 3.75 3.81 3.88 3.84 3.75 3.59 3.44 3.22 3.00 2.75 2.47 2.22 1.97 1.75 1.56 1.44 1.34 1.22 1.09 1.00 0.88 0.78 0.66 0.53 0.41 0.28 0.16 0.03 -0.09 -0.22 -0.34 -0.47 -0.59 -0.72 -0.84 -0.97 -1.12 -1.25 -1.38 -1.53 -1.69 -1.84 -2.03 -2.22 -2.41 -2.62 -2.84 -3.06 -3.31 -3.53 -3.81 -4.06 -4.34 -4.62
5.00 4.31 3.66 3.03 2.44 1.97 1.59 1.34 1.12 1.03 1.03 1.03 1.03 1.00 1.00 1.12 1.41 1.81 2.25 2.69 3.06 3.34 3.56 3.66 3.72 3.78 3.84 3.81 3.72 3.56 3.41 3.19 3.00 2.72 2.47 2.25 2.03 1.81 1.62 1.47 1.38 1.25 1.12 1.03 0.91 0.78 0.69 0.56 0.44 0.31 0.19 0.06 -0.06 -0.19 -0.34 -0.47 -0.59 -0.72 -0.84 -0.97 -1.12 -1.25 -1.38 -1.53 -1.69 -1.84 -2.03 -2.22 -2.41 -2.62 -2.84 -3.06 -3.31 -3.53 -3.81 -4.06 -4.34 -4.62
4.97 4.34 3.72 3.09 2.53 2.06 1.69 1.44 1.12 1.03 1.03 1.03 1.03 1.00 1.00 1.06 1.34 1.75 2.19 2.62 3.03 3.31 3.50 3.62 3.69 3.78 3.84 3.84 3.72 3.56 3.41 3.22 3.00 2.78 2.50 2.28 2.09 1.88 1.66 1.53 1.41 1.28 1.16 1.06 0.94 0.81 0.69 0.59 0.47 0.31 0.19 0.06 -0.06 -0.19 -0.31 -0.47 -0.59 -0.72 -0.84 -0.97 -1.12 -1.25 -1.38 -1.53 -1.69 -1.84 -2.03 -2.22 -2.41 -2.62 -2.84 -3.06 -3.31 -3.53 -3.78 -4.06 -4.34 -4.62
4.91 4.31 3.72 3.16 2.62 2.16 1.78 1.47 1.09 1.03 1.03 1.03 1.03 1.00 1.00 1.06 1.28 1.69 2.12 2.56 2.94 3.28 3.50 3.66 3.72 3.81 3.84 3.84 3.75 3.62 3.47 3.28 3.06 2.88 2.62 2.38 2.16 1.94 1.72 1.56 1.44 1.34 1.22 1.09 0.97 0.84 0.72 0.59 0.47 0.34 0.22 0.09 -0.03 -0.19 -0.31 -0.44 -0.56 -0.72 -0.84 -0.97 -1.09 -1.25 -1.38 -1.53 -1.69 -1.84 -2.03 -2.22 -2.41 -2.62 -2.84 -3.06 -3.28 -3.53 -3.78 -4.06 -4.31 -4.59
4.81 4.25 3.72 3.16 2.66 2.22 1.84 1.47 1.09 1.06 1.03 1.03 1.03 1.00 1.00 1.03 1.25 1.62 2.06 2.50 2.88 3.22 3.47 3.62 3.72 3.78 3.84 3.84 3.78 3.69 3.53 3.34 3.16 2.97 2.72 2.47 2.22 2.00 1.75 1.59 1.50 1.38 1.25 1.12 1.00 0.88 0.75 0.62 0.50 0.38 0.25 0.12 -0.03 -0.16 -0.28 -0.44 -0.56 -0.69 -0.84 -0.97 -1.09 -1.25 -1.38 -1.53 -1.69 -1.84 -2.03 -2.22 -2.41 -2.59 -2.81 -3.06 -3.28 -3.53 -3.78 -4.03 -4.31 -4.59
4.72 4.19 3.69 3.16 2.69 2.25 1.91 1.44 1.06 1.06 1.06 1.06 1.06 1.00 1.00 1.03 1.22 1.59 2.00 2.41 2.84 3.19 3.44 3.62 3.72 3.78 3.84 3.88 3.84 3.75 3.59 3.41 3.22 3.03 2.78 2.53 2.28 2.06 1.81 1.66 1.53 1.41 1.28 1.16 1.03 0.91 0.78 0.66 0.53 0.41 0.28 0.12 0.00 -0.16 -0.28 -0.41 -0.56 -0.69 -0.84 -0.97 -1.09 -1.22 -1.38 -1.53 -1.69 -1.84 -2.03 -2.22 -2.41 -2.59 -2.81 -3.03 -3.28 -3.53 -3.78 -4.03 -4.28 -4.56
4.59 4.09 3.62 3.12 2.69 2.28 1.91 1.38 1.06 1.06 1.06 1.06 1.06 1.00 1.00 1.03 1.19 1.53 1.94 2.38 2.78 3.12 3.41 3.59 3.69 3.75 3.81 3.88 3.88 3.78 3.62 3.47 3.28 3.09 2.88 2.59 2.34 2.12 1.88 1.72 1.59 1.47 1.34 1.22 1.09 0.94 0.81 0.69 0.56 0.44 0.28 0.16 0.03 -0.12 -0.25 -0.41 -0.56 -0.69 -0.81 -0.97 -1.09 -1.22 -1.38 -1.53 -1.69 -1.84 -2.03 -2.19 -2.41 -2.59 -2.81 -3.03 -3.25 -3.50 -3.75 -4.00 -4.25 -4.53
4.47 4.00 3.53 3.09 2.66 2.25 1.91 1.31 1.06 1.06 1.06 1.06 1.06 1.03 1.00 1.03 1.19 1.47 1.91 2.31 2.72 3.06 3.34 3.56 3.69 3.75 3.81 3.88 3.88 3.81 3.69 3.53 3.38 3.19 2.94 2.66 2.41 2.19 1.97 1.78 1.62 1.50 1.38 1.25 1.12 1.00 0.88 0.72 0.59 0.47 0.31 0.19 0.03 -0.09 -0.25 -0.41 -0.53 -0.69 -0.81 -0.94 -1.09 -1.22 -1.38 -1.50 -1.66 -1.84 -2.00 -2.19 -2.38 -2.59 -2.78 -3.03 -3.25 -3.50 -3.72 -3.97 -4.25 -4.50
4.31 3.88 3.44 3.00 2.59 2.22 1.81 1.22 1.09 1.09 1.09 1.09 1.09 1.03 1.03 1.03 1.16 1.47 1.84 2.28 2.66 3.00 3.31 3.53 3.66 3.75 3.81 3.88 3.91 3.84 3.75 3.59 3.44 3.25 3.03 2.78 2.53 2.31 2.06 1.84 1.69 1.56 1.44 1.31 1.16 1.03 0.91 0.75 0.62 0.50 0.34 0.22 0.06 -0.09 -0.22 -0.38 -0.53 -0.66 -0.81 -0.94 -1.06 -1.22 -1.34 -1.50 -1.66 -1.81 -2.00 -2.19 -2.38 -2.56 -2.78 -3.00 -3.25 -3.47 -3.72 -3.97 -4.22 -4.47
4.19 3.78 3.34 2.94 2.53 2.16 1.72 1.19 1.09 1.09 1.09 1.09 1.09 1.06 1.03 1.06 1.16 1.44 1.81 2.22 2.59 2.94 3.25 3.47 3.66 3.75 3.84 3.91 3.91 3.88 3.78 3.66 3.50 3.28 3.09 2.88 2.62 2.44 2.19 1.94 1.75 1.59 1.47 1.34 1.22 1.06 0.94 0.81 0.66 0.53 0.38 0.22 0.09 -0.06 -0.22 -0.34 -0.50 -0.66 -0.78 -0.94 -1.06 -1.22 -1.34 -1.50 -1.66 -1.81 -2.00 -2.16 -2.34 -2.56 -2.78 -3.00 -3.22 -3.44 -3.69 -3.94 -4.19 -4.44
4.09 3.66 3.25 2.84 2.47 2.09 1.62 1.19 1.16 1.16 1.12 1.12 1.12 1.06 1.06 1.06 1.16 1.44 1.78 2.16 2.53 2.84 3.16 3.41 3.59 3.72 3.81 3.88 3.91 3.88 3.81 3.69 3.53 3.34 3.16 2.97 2.75 2.53 2.31 2.03 1.81 1.66 1.53 1.38 1.25 1.12 0.97 0.84 0.69 0.56 0.41 0.25 0.12 -0.03 -0.19 -0.34 -0.50 -0.62 -0.78 -0.94 -1.06 -1.19 -1.34 -1.50 -1.66 -1.81 -1.97 -2.16 -2.34 -2.53 -2.75 -2.97 -3.19 -3.41 -3.66 -3.91 -4.16 -4.41
3.97 3.56 3.19 2.78 2.41 2.06 1.53 1.22 1.19 1.19 1.19 1.16 1.12 1.09 1.06 1.09 1.16 1.41 1.75 2.09 2.47 2.78 3.09 3.34 3.56 3.69 3.75 3.84 3.94 3.94 3.88 3.72 3.56 3.41 3.25 3.06 2.84 2.62 2.41 2.12 1.91 1.72 1.56 1.44 1.31 1.16 1.03 0.88 0.72 0.59 0.44 0.28 0.16 0.00 -0.16 -0.31 -0.47 -0.62 -0.75 -0.91 -1.03 -1.19 -1.31 -1.47 -1.62 -1.78 -1.97 -2.16 -2.34 -2.53 -2.75 -2.94 -3.16 -3.38 -3.62 -3.88 -4.09 -4.38
3.88 3.50 3.12 2.72 2.38 2.03 1.47 1.25 1.25 1.25 1.22 1.19 1.12 1.09 1.09 1.12 1.19 1.38 1.69 2.06 2.41 2.72 3.03 3.28 3.50 3.66 3.75 3.84 3.97 3.97 3.91 3.81 3.66 3.50 3.34 3.19 2.97 2.72 2.50 2.25 2.00 1.78 1.62 1.50 1.34 1.22 1.06 0.91 0.78 0.62 0.47 0.31 0.19 0.03 -0.12 -0.28 -0.44 -0.59 -0.75 -0.91 -1.03 -1.19 -1.31 -1.47 -1.62 -1.78 -1.94 -2.12 -2.31 -2.50 -2.72 -2.94 -3.12 -3.34 -3.59 -3.81 -4.06 -4.31
3.81 3.44 3.06 2.69 2.34 2.00 1.44 1.31 1.28 1.28 1.28 1.19 1.12 1.12 1.12 1.16 1.22 1.38 1.66 2.00 2.34 2.66 2.97 3.22 3.44 3.62 3.72 3.84 3.97 4.00 3.97 3.91 3.78 3.62 3.47 3.28 3.09 2.84 2.62 2.38 2.12 1.88 1.69 1.53 1.41 1.25 1.09 0.97 0.81 0.66 0.50 0.38 0.22 0.06 -0.09 -0.28 -0.44 -0.59 -0.72 -0.88 -1.03 -1.16 -1.31 -1.44 -1.59 -1.78 -1.94 -2.12 -2.31 -2.50 -2.69 -2.91 -3.09 -3.31 -3.56 -3.78 -4.03 -4.25
3.75 3.38 3.00 2.66 2.31 1.94 1.44 1.34 1.34 1.31 1.31 1.22 1.16 1.16 1.16 1.19 1.25 1.38 1.62 1.94 2.25 2.59 2.91 3.19 3.41 3.59 3.72 3.84 3.94 4.00 4.00 3.94 3.84 3.69 3.53 3.34 3.16 2.94 2.75 2.53 2.25 1.97 1.75 1.59 1.44 1.28 1.16 1.00 0.84 0.69 0.53 0.41 0.25 0.09 -0.06 -0.25 -0.41 -0.56 -0.72 -0.84 -1.00 -1.16 -1.28 -1.44 -1.59 -1.75 -1.94 -2.09 -2.28 -2.47 -2.66 -2.88 -3.06 -3.28 -3.53 -3.75 -3.97 -4.19
3.72 3.34 2.97 2.62 2.31 1.91 1.44 1.38 1.38 1.38 1.34 1.25 1.19 1.22 1.22 1.25 1.28 1.41 1.62 1.91 2.22 2.53 2.81 3.12 3.38 3.56 3.69 3.81 3.91 4.00 4.03 3.97 3.88 3.75 3.59 3.44 3.28 3.09 2.88 2.66 2.38 2.09 1.84 1.66 1.47 1.34 1.19 1.03 0.88 0.72 0.59 0.44 0.28 0.12 -0.03 -0.22 -0.38 -0.53 -0.69 -0.84 -1.00 -1.12 -1.28 -1.44 -1.56 -1.75 -1.91 -2.09 -2.28 -2.47 -2.62 -2.84 -3.03 -3.25 -3.47 -3.69 -3.91 -4.12
3.66 3.31 3.00 2.62 2.31 1.91 1.47 1.44 1.44 1.41 1.38 1.31 1.28 1.28 1.31 1.31 1.38 1.44 1.62 1.88 2.16 2.47 2.78 3.06 3.31 3.53 3.66 3.78 3.88 4.00 4.03 4.03 3.97 3.88 3.72 3.59 3.44 3.22 3.00 2.78 2.50 2.22 1.94 1.72 1.53 1.38 1.22 1.06 0.94 0.78 0.62 0.47 0.31 0.16 0.00 -0.19 -0.34 -0.50 -0.66 -0.81 -0.97 -1.12 -1.25 -1.41 -1.56 -1.72 -1.88 -2.06 -2.25 -2.44 -2.62 -2.81 -3.00 -3.22 -3.44 -3.66 -3.84 -4.06
3.62 3.31 3.00 2.66 2.34 2.00 1.62 1.62 1.62 1.62 1.59 1.44 1.44 1.41 1.41 1.41 1.44 1.50 1.62 1.84 2.12 2.44 2.75 3.00 3.28 3.47 3.66 3.75 3.84 3.97 4.06 4.09 4.06 4.00 3.88 3.72 3.53 3.34 3.09 2.88 2.62 2.34 2.06 1.78 1.56 1.41 1.28 1.12 0.97 0.81 0.66 0.50 0.34 0.19 0.03 -0.16 -0.31 -0.47 -0.66 -0.78 -0.94 -1.09 -1.25 -1.41 -1.53 -1.72 -1.88 -2.06 -2.22 -2.41 -2.59 -2.78 -2.97 -3.19 -3.41 -3.59 -3.78 -4.00
3.59 3.31 3.03 2.69 2.44 2.09 1.81 1.78 1.78 1.81 1.75 1.59 1.56 1.56 1.53 1.53 1.53 1.56 1.66 1.84 2.09 2.41 2.69 2.97 3.22 3.44 3.62 3.75 3.84 3.94 4.03 4.12 4.16 4.12 3.97 3.81 3.62 3.41 3.16 2.94 2.72 2.47 2.16 1.88 1.62 1.47 1.31 1.16 1.00 0.84 0.69 0.53 0.38 0.22 0.06 -0.12 -0.28 -0.47 -0.62 -0.78 -0.94 -1.09 -1.22 -1.38 -1.53 -1.69 -1.84 -2.03 -2.19 -2.38 -2.56 -2.75 -2.94 -3.16 -3.34 -3.53 -3.72 -3.91
3.56 3.31 3.03 2.75 2.47 2.22 2.00 1.97 1.97 1.97 1.94 1.81 1.72 1.69 1.69 1.66 1.62 1.62 1.69 1.81 2.06 2.34 2.62 2.91 3.16 3.38 3.56 3.72 3.84 3.94 4.03 4.12 4.19 4.16 4.03 3.88 3.66 3.44 3.22 3.00 2.81 2.59 2.25 1.94 1.69 1.50 1.34 1.19 1.03 0.88 0.72 0.56 0.41 0.25 0.09 -0.06 -0.25 -0.44 -0.59 -0.75 -0.91 -1.06 -1.22 -1.34 -1.50 -1.66 -1.84 -2.00 -2.16 -2.34 -2.53 -2.69 -2.91 -3.09 -3.28 -3.47 -3.66 -3.84
3.53 3.31 3.09 2.81 2.59 2.38 2.16 2.16 2.16 2.16 2.16 2.06 2.00 1.94 1.84 1.78 1.75 1.72 1.72 1.81 2.03 2.31 2.56 2.81 3.06 3.31 3.53 3.69 3.81 3.88 3.97 4.09 4.22 4.22 4.09 3.91 3.69 3.47 3.25 3.06 2.88 2.66 2.34 2.03 1.72 1.53 1.38 1.22 1.06 0.91 0.75 0.59 0.44 0.28 0.12 -0.03 -0.22 -0.41 -0.56 -0.72 -0.88 -1.03 -1.19 -1.34 -1.50 -1.66 -1.81 -1.97 -2.12 -2.31 -2.47 -2.66 -2.88 -3.06 -3.22 -3.41 -3.59 -3.78
3.50 3.34 3.16 2.94 2.78 2.59 2.38 2.34 2.34 2.34 2.34 2.28 2.25 2.19 2.06 1.94 1.88 1.81 1.78 1.81 2.03 2.28 2.53 2.75 3.00 3.25 3.47 3.66 3.78 3.84 3.97 4.12 4.25 4.25 4.12 3.94 3.72 3.50 3.31 3.09 2.91 2.72 2.41 2.06 1.78 1.56 1.41 1.25 1.09 0.94 0.78 0.62 0.47 0.31 0.16 0.00 -0.19 -0.38 -0.53 -0.69 -0.84 -1.03 -1.16 -1.31 -1.47 -1.62 -1.78 -1.94 -2.09 -2.28 -2.44 -2.62 -2.81 -3.00 -3.16 -3.34 -3.53 -3.69
