arlandasctiles/Tile[7,8].asc
ncols 128
nrows 128
xllcorner 0
yllcorner 0
cellsize 2.0
NODATA_value  -9999
[rows 68 to 101 of 128, columns 0 to 76 of 128]
39.09 38.94 38.78 38.62 38.47 38.31 38.16 37.97 37.78 37.59 37.38 37.16 36.94 36.69 36.47 36.25 36.00 35.81 35.62 35.47 35.31 35.09 34.91 34.78 34.81 34.94 35.28 35.78 36.41 37.06 37.81 38.56 39.31 39.94 40.47 41.06 41.59 42.22 42.69 43.25 43.78 44.31 44.84 45.31 45.72 46.16 46.50 46.91 47.22 47.50 47.81 48.12 48.31 48.59 48.84 49.12 49.44 49.72 49.94 50.19 50.50 50.78 51.06 51.38 51.75 52.09 52.41 52.75 53.12 53.41 53.78 54.06 54.34 54.53 54.78 54.94 55.12
38.56 38.38 38.16 37.97 37.78 37.59 37.41 37.22 37.03 36.81 36.59 36.38 36.16 35.91 35.69 35.47 35.25 35.06 34.91 34.78 34.62 34.50 34.38 34.38 34.50 34.84 35.34 35.97 36.69 37.44 38.22 38.94 39.62 40.09 40.69 41.19 41.72 42.28 42.81 43.34 43.81 44.34 44.84 45.31 45.78 46.19 46.50 46.84 47.09 47.41 47.69 47.97 48.16 48.44 48.69 48.94 49.25 49.50 49.78 50.06 50.34 50.66 50.97 51.28 51.62 51.97 52.34 52.66 53.00 53.38 53.69 53.94 54.25 54.53 54.69 54.91 55.09
38.03 37.78 37.53 37.31 37.09 36.88 36.69 36.47 36.25 36.06 35.84 35.59 35.38 35.12 34.88 34.66 34.47 34.31 34.22 34.09 33.97 33.88 33.94 34.09 34.47 34.97 35.56 36.28 37.00 37.91 38.56 39.16 39.75 40.22 40.78 41.28 41.78 42.34 42.84 43.38 43.94 44.38 44.94 45.38 45.72 46.12 46.47 46.72 47.06 47.34 47.62 47.84 48.06 48.31 48.53 48.81 49.12 49.41 49.66 49.94 50.25 50.56 50.91 51.19 51.56 51.88 52.25 52.59 52.97 53.28 53.62 53.94 54.19 54.50 54.69 54.91 55.09
37.41 37.16 36.88 36.62 36.38 36.16 35.94 35.72 35.50 35.28 35.06 34.81 34.56 34.31 34.09 33.88 33.69 33.50 33.38 33.31 33.34 33.47 33.69 34.06 34.56 35.16 35.84 36.72 37.50 38.19 38.72 39.31 39.78 40.34 40.84 41.31 41.84 42.34 42.91 43.34 43.88 44.38 44.88 45.31 45.72 46.06 46.38 46.69 46.94 47.22 47.50 47.72 47.94 48.19 48.44 48.72 49.00 49.31 49.59 49.84 50.16 50.50 50.81 51.16 51.50 51.84 52.22 52.59 52.91 53.28 53.59 53.84 54.16 54.44 54.69 54.88 55.03
36.78 36.47 36.19 35.94 35.66 35.44 35.19 34.97 34.75 34.53 34.28 34.03 33.78 33.53 33.28 33.00 32.75 32.69 32.62 32.69 32.88 33.25 33.69 34.25 34.88 35.62 36.41 37.19 37.78 38.34 38.81 39.28 39.81 40.34 40.84 41.38 41.84 42.34 42.84 43.38 43.91 44.31 44.81 45.22 45.59 45.97 46.31 46.62 46.88 47.09 47.38 47.59 47.88 48.09 48.38 48.66 48.94 49.25 49.50 49.81 50.12 50.47 50.78 51.12 51.47 51.78 52.19 52.53 52.88 53.22 53.53 53.84 54.16 54.44 54.66 54.81 54.97
36.12 35.81 35.50 35.19 34.94 34.69 34.44 34.22 34.00 33.75 33.50 33.28 33.00 32.72 32.44 32.12 32.00 31.94 32.06 32.31 32.78 33.25 33.94 34.59 35.41 36.16 36.91 37.50 38.03 38.47 38.88 39.34 39.84 40.34 40.84 41.28 41.81 42.31 42.81 43.31 43.84 44.28 44.72 45.19 45.56 45.91 46.19 46.50 46.75 47.03 47.25 47.53 47.78 48.06 48.31 48.59 48.88 49.16 49.47 49.78 50.09 50.41 50.72 51.06 51.44 51.78 52.09 52.41 52.78 53.16 53.47 53.78 54.06 54.34 54.56 54.69 54.88
35.44 35.06 34.75 34.47 34.19 33.94 33.69 33.44 33.22 33.00 32.78 32.53 32.22 31.91 31.66 31.44 31.41 31.56 31.81 32.25 32.88 33.62 34.31 35.12 35.91 36.62 37.19 37.75 38.12 38.53 38.97 39.38 39.84 40.38 40.81 41.34 41.84 42.31 42.81 43.28 43.75 44.19 44.66 45.09 45.44 45.78 46.06 46.38 46.62 46.97 47.22 47.44 47.72 48.00 48.28 48.56 48.81 49.12 49.44 49.75 50.09 50.44 50.78 51.06 51.34 51.78 52.03 52.41 52.72 53.06 53.41 53.75 54.00 54.28 54.44 54.59 54.75
34.69 34.34 34.00 33.69 33.38 33.09 32.84 32.62 32.44 32.25 32.03 31.78 31.53 31.28 31.12 31.06 31.16 31.44 31.94 32.59 33.31 34.09 34.88 35.72 36.41 36.97 37.47 37.88 38.28 38.59 38.97 39.41 39.84 40.34 40.78 41.28 41.81 42.31 42.84 43.34 43.75 44.16 44.59 44.97 45.28 45.66 45.91 46.25 46.50 46.78 47.09 47.38 47.66 47.94 48.22 48.50 48.78 49.09 49.41 49.72 50.06 50.41 50.75 51.06 51.34 51.66 51.97 52.31 52.62 52.94 53.31 53.59 53.84 54.12 54.34 54.50 54.59
33.94 33.56 33.22 32.88 32.53 32.25 32.03 31.84 31.69 31.53 31.31 31.22 31.06 30.91 30.91 31.06 31.31 31.78 32.44 33.12 33.88 34.62 35.50 36.19 36.72 37.12 37.47 37.84 38.25 38.66 39.00 39.41 39.81 40.31 40.75 41.25 41.75 42.28 42.78 43.25 43.69 44.12 44.44 44.81 45.16 45.44 45.78 46.12 46.38 46.69 46.94 47.28 47.56 47.84 48.16 48.44 48.78 49.06 49.38 49.69 50.00 50.34 50.62 50.91 51.22 51.62 51.94 52.25 52.56 52.84 53.12 53.41 53.69 53.97 54.16 54.34 54.50
33.12 32.75 32.34 32.00 31.66 31.38 31.19 31.03 30.94 30.84 30.81 30.78 30.78 30.88 31.03 31.41 31.78 32.34 33.03 33.81 34.53 35.25 35.84 36.41 36.81 37.16 37.53 37.81 38.22 38.53 38.97 39.38 39.78 40.25 40.69 41.19 41.69 42.12 42.66 43.12 43.50 43.97 44.28 44.62 44.97 45.31 45.66 45.94 46.25 46.53 46.88 47.19 47.50 47.78 48.09 48.41 48.72 49.03 49.34 49.69 49.97 50.31 50.62 50.91 51.22 51.56 51.81 52.16 52.47 52.72 53.06 53.31 53.53 53.78 54.00 54.16 54.34
32.28 31.84 31.44 31.03 30.72 30.47 30.31 30.22 30.25 30.34 30.44 30.69 30.91 31.19 31.53 31.97 32.47 33.06 33.75 34.44 35.06 35.59 36.09 36.50 36.81 37.12 37.47 37.75 38.12 38.53 38.91 39.34 39.72 40.22 40.66 41.12 41.62 42.06 42.53 42.97 43.38 43.72 44.09 44.44 44.81 45.12 45.47 45.81 46.09 46.41 46.75 47.06 47.38 47.72 48.03 48.34 48.69 49.00 49.31 49.66 49.94 50.25 50.56 50.81 51.12 51.44 51.81 52.09 52.38 52.62 52.88 53.12 53.38 53.62 53.84 54.00 54.06
31.41 30.91 30.47 30.06 29.75 29.56 29.44 29.50 29.81 30.12 30.47 30.78 31.22 31.69 32.16 32.62 33.19 33.75 34.38 34.84 35.31 35.75 36.12 36.47 36.81 37.09 37.38 37.66 38.12 38.50 38.91 39.31 39.69 40.19 40.59 41.00 41.50 41.91 42.34 42.78 43.22 43.59 43.94 44.28 44.62 45.03 45.38 45.66 45.97 46.28 46.62 46.94 47.28 47.59 47.94 48.28 48.62 48.94 49.22 49.53 49.81 50.12 50.50 50.75 51.09 51.41 51.66 51.97 52.25 52.53 52.72 52.94 53.22 53.47 53.62 53.78 53.84
30.44 29.94 29.50 29.09 28.81 28.62 28.75 29.12 29.56 30.09 30.62 31.19 31.69 32.25 32.75 33.25 33.78 34.28 34.69 35.06 35.50 35.78 36.19 36.47 36.81 37.06 37.38 37.69 38.09 38.47 38.88 39.22 39.66 40.09 40.50 40.97 41.38 41.84 42.22 42.66 43.03 43.44 43.81 44.16 44.50 44.88 45.19 45.50 45.81 46.12 46.47 46.81 47.16 47.50 47.84 48.16 48.50 48.81 49.09 49.41 49.69 50.00 50.38 50.72 50.97 51.22 51.56 51.81 52.09 52.38 52.62 52.88 53.12 53.25 53.47 53.53 53.69
29.47 28.97 28.53 28.12 27.94 28.03 28.41 28.94 29.53 30.22 30.97 31.56 32.16 32.72 33.28 33.72 34.16 34.56 34.81 35.16 35.47 35.75 36.09 36.44 36.75 37.03 37.31 37.72 38.09 38.47 38.81 39.19 39.59 40.00 40.47 40.88 41.31 41.69 42.03 42.47 42.84 43.25 43.66 43.97 44.31 44.69 45.03 45.34 45.66 46.00 46.31 46.66 47.00 47.31 47.66 48.06 48.38 48.66 48.97 49.28 49.62 49.97 50.28 50.56 50.81 51.12 51.41 51.66 51.94 52.19 52.41 52.69 52.88 53.12 53.22 53.31 53.47
28.53 28.03 27.56 27.34 27.41 27.78 28.28 28.97 29.69 30.50 31.28 31.94 32.53 33.12 33.66 34.06 34.44 34.69 34.97 35.28 35.53 35.88 36.09 36.44 36.72 37.03 37.41 37.72 38.09 38.47 38.78 39.16 39.56 39.97 40.34 40.75 41.12 41.56 41.91 42.34 42.72 43.16 43.44 43.81 44.16 44.53 44.81 45.16 45.50 45.78 46.12 46.44 46.81 47.16 47.50 47.88 48.19 48.50 48.78 49.12 49.47 49.78 50.12 50.38 50.72 50.97 51.19 51.44 51.72 51.97 52.19 52.41 52.62 52.84 53.00 53.12 53.25
27.59 27.19 26.88 27.00 27.31 27.78 28.44 29.19 29.97 30.75 31.56 32.19 32.78 33.38 33.81 34.22 34.53 34.81 35.06 35.34 35.59 35.88 36.09 36.44 36.72 37.06 37.44 37.78 38.09 38.41 38.78 39.16 39.50 39.88 40.31 40.72 41.06 41.50 41.84 42.22 42.59 43.00 43.34 43.69 44.06 44.34 44.66 45.00 45.28 45.62 45.94 46.25 46.59 46.94 47.31 47.66 48.03 48.28 48.56 48.88 49.22 49.59 49.91 50.22 50.50 50.75 51.03 51.22 51.50 51.72 51.94 52.19 52.41 52.56 52.72 52.88 53.06
26.94 26.72 26.75 26.97 27.44 28.00 28.69 29.44 30.28 31.06 31.72 32.31 32.94 33.50 33.94 34.31 34.62 34.91 35.19 35.41 35.66 35.88 36.19 36.50 36.81 37.09 37.47 37.81 38.09 38.47 38.78 39.09 39.50 39.84 40.22 40.56 40.94 41.31 41.69 42.09 42.44 42.88 43.25 43.56 43.84 44.19 44.50 44.84 45.12 45.44 45.75 46.06 46.38 46.75 47.12 47.47 47.81 48.09 48.38 48.62 49.00 49.31 49.69 50.00 50.34 50.59 50.81 51.09 51.28 51.50 51.78 51.97 52.16 52.31 52.47 52.62 52.78
26.62 26.66 26.81 27.16 27.72 28.38 29.06 29.81 30.53 31.22 31.78 32.44 32.97 33.50 34.00 34.41 34.72 34.97 35.19 35.41 35.69 35.94 36.25 36.50 36.84 37.16 37.47 37.84 38.12 38.47 38.78 39.09 39.41 39.72 40.12 40.50 40.81 41.19 41.66 42.03 42.34 42.72 43.09 43.41 43.72 44.03 44.34 44.66 44.94 45.28 45.56 45.88 46.22 46.59 46.94 47.28 47.62 47.88 48.16 48.41 48.78 49.16 49.47 49.84 50.12 50.38 50.66 50.88 51.09 51.34 51.56 51.72 51.88 52.09 52.25 52.41 52.56
26.56 26.75 27.09 27.59 28.25 28.84 29.53 30.12 30.66 31.28 31.97 32.53 33.16 33.62 34.09 34.50 34.84 35.03 35.22 35.47 35.69 35.94 36.28 36.59 36.91 37.19 37.56 37.84 38.12 38.44 38.72 39.00 39.34 39.66 40.03 40.41 40.72 41.16 41.53 41.91 42.28 42.62 42.97 43.25 43.56 43.88 44.19 44.50 44.81 45.12 45.41 45.72 46.09 46.38 46.75 47.12 47.41 47.72 48.00 48.25 48.56 48.88 49.25 49.59 49.91 50.19 50.38 50.66 50.91 51.09 51.28 51.44 51.66 51.78 51.94 52.16 52.25
26.69 27.00 27.47 28.06 28.62 29.25 29.78 30.28 30.81 31.53 32.12 32.72 33.22 33.75 34.19 34.59 34.91 35.09 35.31 35.53 35.78 36.00 36.38 36.69 36.97 37.31 37.59 37.88 38.16 38.44 38.72 38.97 39.34 39.66 40.00 40.31 40.69 41.06 41.44 41.81 42.12 42.50 42.81 43.12 43.44 43.72 44.03 44.34 44.66 44.97 45.31 45.62 45.91 46.28 46.59 46.91 47.25 47.50 47.78 48.09 48.41 48.75 49.06 49.38 49.62 49.91 50.12 50.38 50.59 50.75 51.03 51.19 51.34 51.50 51.66 51.81 52.03
26.91 27.38 27.94 28.50 29.12 29.56 30.03 30.53 31.19 31.75 32.31 32.81 33.31 33.88 34.34 34.69 34.94 35.19 35.41 35.66 35.88 36.19 36.50 36.75 37.06 37.34 37.62 37.91 38.19 38.41 38.72 39.00 39.28 39.62 40.00 40.38 40.69 41.06 41.44 41.72 42.03 42.34 42.66 42.97 43.28 43.59 43.91 44.22 44.56 44.88 45.16 45.47 45.81 46.12 46.44 46.75 47.09 47.34 47.62 47.94 48.19 48.47 48.75 49.12 49.38 49.62 49.84 50.06 50.28 50.44 50.72 50.88 51.03 51.22 51.34 51.50 51.72
27.25 27.84 28.44 28.94 29.44 29.81 30.44 30.91 31.34 31.91 32.47 32.94 33.47 33.97 34.41 34.75 35.00 35.22 35.47 35.72 36.00 36.25 36.62 36.91 37.25 37.50 37.69 37.97 38.19 38.47 38.72 39.00 39.28 39.56 39.94 40.34 40.66 40.97 41.31 41.62 41.94 42.25 42.53 42.84 43.16 43.47 43.78 44.09 44.47 44.75 45.06 45.38 45.69 46.00 46.34 46.59 46.88 47.19 47.41 47.72 48.00 48.25 48.56 48.84 49.12 49.38 49.59 49.78 49.97 50.22 50.38 50.59 50.75 50.91 51.09 51.22 51.44
27.66 28.28 28.88 29.28 29.62 30.34 30.75 31.12 31.66 32.06 32.56 33.12 33.56 34.03 34.41 34.72 34.97 35.25 35.53 35.84 36.12 36.44 36.69 37.00 37.31 37.56 37.78 38.00 38.28 38.50 38.72 39.00 39.28 39.59 39.94 40.25 40.62 40.91 41.22 41.50 41.81 42.09 42.41 42.69 43.00 43.31 43.66 44.00 44.31 44.62 44.88 45.22 45.47 45.81 46.12 46.44 46.72 46.97 47.25 47.50 47.78 48.09 48.31 48.62 48.84 49.06 49.25 49.47 49.69 49.91 50.12 50.28 50.50 50.66 50.75 50.97 51.12
28.16 28.75 29.28 29.56 30.12 30.53 30.97 31.38 31.84 32.41 32.78 33.31 33.72 34.09 34.50 34.72 35.09 35.38 35.69 35.94 36.25 36.56 36.88 37.19 37.44 37.66 37.84 38.06 38.31 38.50 38.75 39.03 39.25 39.53 39.84 40.19 40.50 40.78 41.09 41.38 41.69 41.97 42.28 42.56 42.88 43.19 43.50 43.81 44.16 44.41 44.69 45.06 45.31 45.62 45.97 46.28 46.56 46.81 47.09 47.34 47.56 47.88 48.09 48.38 48.56 48.78 49.00 49.16 49.41 49.62 49.78 50.00 50.12 50.34 50.50 50.59 50.81
28.66 29.19 29.56 30.03 30.50 30.81 31.12 31.59 32.09 32.59 33.09 33.50 33.91 34.16 34.53 34.81 35.19 35.50 35.84 36.09 36.41 36.66 36.97 37.22 37.47 37.69 37.84 38.03 38.31 38.47 38.75 38.97 39.25 39.50 39.78 40.09 40.38 40.69 40.94 41.25 41.56 41.88 42.16 42.44 42.75 43.06 43.41 43.66 44.00 44.25 44.59 44.84 45.16 45.47 45.81 46.12 46.38 46.66 46.91 47.19 47.41 47.66 47.88 48.09 48.31 48.53 48.69 48.94 49.16 49.31 49.47 49.62 49.84 50.00 50.19 50.34 50.50
29.06 29.50 29.88 30.47 30.66 31.00 31.38 31.81 32.28 32.81 33.31 33.75 34.09 34.28 34.59 35.00 35.34 35.66 35.97 36.25 36.53 36.75 37.00 37.28 37.50 37.66 37.88 38.06 38.28 38.47 38.72 38.97 39.19 39.44 39.72 40.00 40.25 40.56 40.81 41.12 41.44 41.72 42.03 42.31 42.59 42.88 43.19 43.50 43.81 44.09 44.38 44.69 45.00 45.31 45.62 45.97 46.19 46.44 46.72 46.97 47.19 47.44 47.62 47.81 48.03 48.19 48.41 48.62 48.78 49.00 49.16 49.38 49.53 49.69 49.78 50.00 50.19
29.44 29.81 30.38 30.66 30.94 31.25 31.59 32.00 32.44 32.94 33.38 33.78 34.09 34.38 34.66 35.06 35.41 35.72 36.00 36.25 36.50 36.72 37.03 37.28 37.50 37.66 37.88 38.06 38.22 38.47 38.66 38.91 39.06 39.38 39.59 39.91 40.16 40.44 40.75 41.00 41.31 41.59 41.88 42.19 42.44 42.78 43.03 43.34 43.66 43.94 44.19 44.53 44.84 45.16 45.44 45.75 46.00 46.28 46.50 46.75 46.97 47.19 47.41 47.56 47.72 47.94 48.16 48.38 48.47 48.69 48.88 49.06 49.22 49.38 49.47 49.69 49.78
29.78 30.31 30.59 30.88 31.16 31.44 31.78 32.19 32.59 33.09 33.47 33.81 34.16 34.41 34.75 35.09 35.41 35.69 35.94 36.19 36.44 36.75 37.00 37.22 37.44 37.66 37.81 38.03 38.19 38.41 38.59 38.81 39.06 39.25 39.53 39.78 40.06 40.31 40.62 40.88 41.19 41.47 41.75 42.00 42.34 42.59 42.91 43.25 43.50 43.78 44.03 44.38 44.69 44.94 45.28 45.53 45.81 46.06 46.28 46.50 46.72 46.91 47.12 47.28 47.44 47.66 47.88 48.03 48.19 48.38 48.53 48.75 48.88 49.00 49.16 49.31 49.47
30.06 30.38 30.69 31.00 31.31 31.66 32.12 32.44 32.88 33.25 33.56 33.88 34.19 34.50 34.78 35.12 35.44 35.72 35.97 36.16 36.44 36.75 37.00 37.16 37.34 37.50 37.72 37.91 38.12 38.31 38.53 38.72 38.91 39.16 39.41 39.69 39.94 40.25 40.53 40.81 41.06 41.34 41.62 41.91 42.22 42.50 42.81 43.09 43.34 43.66 43.94 44.25 44.53 44.78 45.12 45.38 45.59 45.84 46.00 46.22 46.44 46.59 46.88 47.03 47.19 47.41 47.56 47.72 47.88 48.03 48.25 48.41 48.53 48.62 48.78 48.94 49.12
30.12 30.53 30.81 31.12 31.44 31.78 32.25 32.62 33.00 33.38 33.72 34.03 34.31 34.59 34.94 35.22 35.50 35.72 35.97 36.19 36.44 36.69 36.94 37.09 37.28 37.44 37.66 37.84 38.00 38.25 38.44 38.66 38.84 39.09 39.34 39.62 39.88 40.16 40.41 40.72 41.00 41.25 41.53 41.81 42.12 42.38 42.72 42.97 43.31 43.56 43.81 44.16 44.41 44.69 44.88 45.16 45.38 45.59 45.75 45.97 46.19 46.34 46.56 46.72 46.88 47.09 47.28 47.41 47.56 47.72 47.94 48.09 48.19 48.31 48.47 48.56 48.69
30.28 30.59 30.97 31.28 31.56 31.91 32.31 32.75 33.09 33.44 33.81 34.12 34.44 34.72 34.97 35.22 35.56 35.78 35.94 36.25 36.44 36.69 36.84 37.06 37.25 37.38 37.53 37.72 37.91 38.09 38.31 38.56 38.81 39.03 39.28 39.53 39.78 40.03 40.31 40.59 40.88 41.16 41.44 41.75 42.00 42.34 42.59 42.88 43.19 43.44 43.72 44.00 44.25 44.53 44.69 44.94 45.12 45.31 45.53 45.69 45.91 46.06 46.22 46.38 46.59 46.81 46.97 47.12 47.25 47.41 47.56 47.72 47.81 47.94 48.03 48.16 48.25
30.34 30.69 31.03 31.41 31.69 32.00 32.41 32.75 33.09 33.47 33.78 34.16 34.41 34.75 35.00 35.31 35.53 35.75 36.00 36.16 36.38 36.59 36.75 37.00 37.12 37.28 37.41 37.66 37.81 38.06 38.28 38.50 38.72 38.94 39.19 39.44 39.69 39.94 40.22 40.50 40.78 41.06 41.34 41.62 41.91 42.22 42.44 42.78 43.09 43.34 43.62 43.88 44.16 44.31 44.53 44.69 44.84 45.06 45.28 45.44 45.62 45.81 45.97 46.12 46.28 46.50 46.66 46.75 46.91 47.03 47.19 47.28 47.44 47.56 47.66 47.78 47.88
30.31 30.72 31.00 31.31 31.69 32.00 32.34 32.78 33.16 33.47 33.81 34.12 34.44 34.69 34.94 35.22 35.47 35.72 35.88 36.06 36.25 36.50 36.69 36.88 37.00 37.16 37.31 37.59 37.78 37.97 38.19 38.41 38.62 38.84 39.09 39.31 39.56 39.81 40.09 40.41 40.66 40.91 41.22 41.47 41.75 42.06 42.34 42.66 42.97 43.25 43.50 43.78 44.00 44.16 44.31 44.53 44.69 44.84 45.00 45.16 45.38 45.47 45.62 45.84 46.00 46.19 46.34 46.44 46.56 46.72 46.88 46.91 47.09 47.19 47.28 47.41 47.41
30.28 30.62 30.97 31.28 31.59 31.94 32.31 32.75 33.12 33.47 33.78 34.09 34.38 34.62 34.84 35.12 35.34 35.56 35.75 35.94 36.12 36.31 36.50 36.62 36.81 37.06 37.22 37.50 37.72 37.91 38.12 38.31 38.53 38.75 39.00 39.22 39.47 39.75 40.00 40.25 40.50 40.81 41.06 41.34 41.62 41.91 42.19 42.50 42.88 43.09 43.34 43.62 43.81 43.94 44.16 44.31 44.47 44.62 44.78 44.94 45.06 45.22 45.38 45.53 45.75 45.84 46.00 46.06 46.22 46.34 46.50 46.59 46.72 46.62 46.56 46.50 46.53
