arlandasctiles/Tile12,4.asc
ncols 128
nrows 128
xllcorner 0
yllcorner 0
cellsize 2.0
NODATA_value  -9999
[rows 35 to 69 of 128, columns 0 to 78 of 128]
5.97 5.78 5.56 5.34 5.16 4.94 4.75 4.59 4.41 4.28 4.16 4.06 3.97 3.94 3.91 3.88 3.91 3.97 4.03 4.09 4.16 4.16 4.12 4.12 4.12 4.16 4.22 4.31 4.41 4.44 4.50 4.56 4.59 4.59 4.53 4.53 4.56 4.59 4.72 4.81 4.81 4.81 4.81 4.84 4.88 4.91 4.97 5.00 5.03 5.06 5.09 5.09 5.12 5.09 5.06 5.06 5.03 5.03 5.03 5.06 5.06 5.09 5.12 5.16 5.25 5.50 5.53 5.53 5.47 5.41 5.34 5.22 5.03 4.88 4.72 4.62 4.53 4.44 4.31
5.56 5.38 5.19 5.00 4.81 4.62 4.44 4.28 4.12 4.00 3.88 3.81 3.72 3.69 3.66 3.66 3.69 3.75 3.78 3.78 3.81 3.81 3.84 3.94 4.00 4.09 4.19 4.28 4.34 4.41 4.47 4.50 4.47 4.44 4.47 4.50 4.50 4.53 4.59 4.81 4.84 4.81 4.81 4.81 4.84 4.91 4.94 4.97 5.00 5.03 5.06 5.09 5.06 5.03 5.00 5.00 4.97 4.97 5.00 5.00 5.03 5.06 5.09 5.12 5.16 5.19 5.38 5.41 5.34 5.28 5.19 5.09 4.97 4.88 4.78 4.69 4.56 4.41 4.25
5.19 5.03 4.84 4.69 4.50 4.34 4.16 4.03 3.88 3.78 3.66 3.59 3.53 3.50 3.50 3.50 3.53 3.59 3.62 3.62 3.69 3.75 3.81 3.91 4.00 4.09 4.16 4.25 4.31 4.38 4.41 4.38 4.38 4.41 4.44 4.47 4.50 4.53 4.56 4.81 4.81 4.81 4.81 4.81 4.84 4.91 4.94 4.97 5.00 5.03 5.06 5.03 5.03 4.97 4.94 4.94 4.91 4.91 4.94 4.94 4.97 5.00 5.06 5.06 5.03 5.03 5.16 5.25 5.19 5.09 5.00 4.91 4.88 4.84 4.78 4.66 4.50 4.28 4.03
4.88 4.72 4.56 4.41 4.25 4.09 3.94 3.81 3.69 3.59 3.50 3.44 3.41 3.38 3.41 3.47 3.53 3.56 3.59 3.62 3.66 3.72 3.78 3.88 3.97 4.06 4.16 4.22 4.28 4.31 4.31 4.34 4.38 4.41 4.44 4.47 4.50 4.53 4.59 4.72 4.81 4.81 4.81 4.81 4.81 4.91 4.94 5.00 5.03 5.03 5.03 5.00 4.97 4.94 4.88 4.84 4.84 4.84 4.84 4.88 4.91 4.97 5.03 5.03 5.03 5.03 5.09 5.06 4.97 4.88 4.78 4.72 4.69 4.72 4.66 4.53 4.28 3.97 3.69
4.59 4.47 4.34 4.19 4.03 3.91 3.78 3.66 3.56 3.47 3.38 3.34 3.38 3.41 3.47 3.53 3.53 3.56 3.59 3.62 3.66 3.72 3.75 3.84 3.94 4.03 4.12 4.19 4.22 4.28 4.31 4.34 4.38 4.41 4.47 4.50 4.53 4.56 4.62 4.66 4.81 4.81 4.81 4.78 4.75 4.91 4.97 5.00 5.00 5.00 4.97 4.94 4.91 4.84 4.81 4.78 4.75 4.75 4.75 4.78 4.84 4.91 5.00 5.03 5.00 4.94 4.88 4.84 4.78 4.66 4.53 4.44 4.41 4.44 4.38 4.22 3.88 3.41 3.06
4.38 4.25 4.12 4.00 3.88 3.75 3.66 3.53 3.47 3.41 3.41 3.44 3.47 3.47 3.47 3.50 3.53 3.56 3.56 3.59 3.62 3.69 3.78 3.88 4.00 4.09 4.16 4.22 4.25 4.31 4.34 4.38 4.44 4.47 4.50 4.53 4.56 4.62 4.66 4.69 4.78 4.78 4.75 4.72 4.69 4.78 4.97 4.97 4.97 4.97 4.94 4.91 4.88 4.78 4.72 4.69 4.66 4.66 4.66 4.69 4.75 4.88 5.03 5.00 4.72 4.72 4.72 4.75 4.56 4.41 4.25 4.12 4.03 4.00 3.91 3.62 3.16 2.84 2.59
4.16 4.06 3.94 3.84 3.75 3.62 3.53 3.47 3.44 3.47 3.47 3.47 3.47 3.47 3.47 3.50 3.53 3.53 3.56 3.59 3.69 3.81 3.94 4.06 4.12 4.19 4.25 4.28 4.34 4.38 4.41 4.44 4.47 4.53 4.56 4.59 4.62 4.69 4.72 4.75 4.78 4.72 4.69 4.66 4.62 4.59 4.97 4.97 4.94 4.94 4.88 4.81 4.75 4.69 4.62 4.56 4.53 4.50 4.50 4.53 4.59 4.75 4.91 4.75 4.56 4.62 4.69 4.69 4.31 4.12 3.94 3.75 3.62 3.50 3.31 2.97 2.72 2.50 2.28
3.91 3.84 3.75 3.69 3.62 3.56 3.50 3.47 3.47 3.47 3.47 3.47 3.47 3.47 3.47 3.50 3.50 3.53 3.62 3.75 3.91 4.03 4.12 4.19 4.25 4.31 4.38 4.41 4.44 4.47 4.50 4.53 4.56 4.59 4.62 4.69 4.72 4.75 4.78 4.84 4.88 4.66 4.62 4.59 4.56 4.53 4.78 4.94 4.91 4.84 4.75 4.69 4.62 4.56 4.47 4.41 4.38 4.31 4.28 4.34 4.38 4.41 4.41 4.41 4.44 4.50 4.50 4.22 3.97 3.78 3.56 3.34 3.16 2.94 2.72 2.56 2.41 2.19 2.00
3.88 3.81 3.72 3.66 3.62 3.56 3.50 3.47 3.47 3.47 3.47 3.47 3.47 3.47 3.47 3.50 3.59 3.72 3.88 4.00 4.12 4.22 4.31 4.38 4.44 4.47 4.50 4.53 4.56 4.59 4.62 4.66 4.66 4.69 4.72 4.75 4.81 4.84 4.88 4.91 4.91 4.72 4.56 4.53 4.50 4.47 4.50 4.84 4.78 4.72 4.66 4.56 4.50 4.44 4.38 4.34 4.28 4.25 4.22 4.22 4.22 4.22 4.25 4.28 4.25 4.28 4.16 3.81 3.59 3.38 3.12 2.91 2.59 2.47 2.41 2.28 2.09 1.94 1.75
3.88 3.81 3.75 3.69 3.62 3.56 3.50 3.50 3.47 3.47 3.47 3.47 3.47 3.53 3.62 3.72 3.84 3.97 4.12 4.25 4.38 4.47 4.53 4.59 4.62 4.66 4.66 4.69 4.69 4.72 4.75 4.75 4.78 4.81 4.84 4.88 4.91 4.91 4.91 4.88 4.88 4.81 4.47 4.44 4.44 4.41 4.38 4.69 4.66 4.59 4.53 4.47 4.38 4.34 4.28 4.22 4.19 4.16 4.12 4.12 4.12 4.16 4.19 4.16 4.03 3.91 3.72 3.41 3.16 2.94 2.72 2.47 2.16 2.16 2.09 2.00 1.84 1.69 1.50
3.88 3.78 3.75 3.69 3.62 3.56 3.53 3.50 3.47 3.47 3.53 3.59 3.69 3.78 3.88 3.97 4.09 4.22 4.34 4.50 4.62 4.72 4.75 4.78 4.81 4.81 4.84 4.84 4.84 4.84 4.88 4.88 4.91 4.94 4.94 4.94 4.91 4.88 4.84 4.81 4.81 4.81 4.47 4.38 4.34 4.34 4.31 4.44 4.56 4.47 4.41 4.31 4.28 4.22 4.19 4.12 4.09 4.06 4.03 4.03 4.03 4.06 4.19 4.03 3.81 3.53 3.22 2.97 2.75 2.56 2.34 2.09 1.88 1.91 1.81 1.75 1.62 1.47 1.28
3.88 3.81 3.75 3.72 3.66 3.62 3.59 3.62 3.66 3.72 3.81 3.84 3.91 4.00 4.06 4.19 4.31 4.44 4.56 4.72 4.81 4.88 4.94 4.97 4.97 4.97 4.97 4.97 4.97 4.97 4.97 5.00 5.00 4.97 4.94 4.88 4.84 4.81 4.78 4.75 4.72 4.72 4.56 4.31 4.28 4.28 4.25 4.22 4.44 4.34 4.28 4.22 4.16 4.12 4.09 4.06 4.00 3.97 3.91 3.91 3.91 3.97 4.09 3.72 3.22 2.81 2.53 2.31 2.22 2.09 1.94 1.78 1.72 1.69 1.59 1.50 1.38 1.25 1.09
3.94 3.91 3.91 3.91 3.88 3.88 3.88 3.91 3.94 3.97 4.00 4.06 4.12 4.19 4.28 4.41 4.50 4.62 4.75 4.88 4.94 5.00 5.03 5.06 5.06 5.06 5.06 5.06 5.06 5.06 5.06 5.03 4.97 4.91 4.84 4.81 4.75 4.72 4.69 4.66 4.66 4.62 4.62 4.25 4.22 4.19 4.16 4.12 4.25 4.22 4.16 4.09 4.06 4.03 4.00 3.97 3.91 3.84 3.78 3.75 3.75 3.66 3.53 2.81 2.06 1.62 1.66 1.59 1.69 1.62 1.56 1.56 1.56 1.50 1.44 1.31 1.19 1.03 0.88
4.06 4.06 4.06 4.06 4.06 4.06 4.06 4.09 4.09 4.16 4.19 4.25 4.31 4.41 4.50 4.59 4.69 4.78 4.88 4.97 5.03 5.06 5.09 5.09 5.09 5.09 5.09 5.09 5.09 5.09 5.00 4.94 4.88 4.81 4.75 4.72 4.66 4.62 4.59 4.56 4.53 4.53 4.50 4.28 4.16 4.12 4.09 4.06 4.06 4.09 4.03 4.00 3.97 3.97 3.94 3.88 3.84 3.75 3.62 3.53 3.53 3.00 2.47 1.56 1.47 1.12 1.19 1.25 1.31 1.31 1.44 1.44 1.38 1.31 1.25 1.16 1.00 0.88 0.69
4.19 4.19 4.19 4.19 4.22 4.22 4.25 4.25 4.28 4.34 4.41 4.44 4.53 4.59 4.66 4.75 4.84 4.91 5.00 5.03 5.09 5.09 5.12 5.12 5.12 5.09 5.09 5.03 5.00 4.94 4.88 4.84 4.78 4.72 4.66 4.62 4.56 4.53 4.47 4.44 4.44 4.41 4.38 4.31 4.06 4.03 4.00 3.97 3.94 3.94 3.88 3.84 3.88 3.88 3.88 3.84 3.78 3.69 3.53 3.22 2.91 2.06 1.53 1.22 1.16 1.16 1.12 1.06 1.09 1.25 1.31 1.28 1.22 1.16 1.06 1.00 0.88 0.75 0.59
4.34 4.34 4.34 4.34 4.38 4.38 4.41 4.44 4.47 4.50 4.53 4.56 4.62 4.69 4.75 4.81 4.91 4.97 5.03 5.09 5.09 5.12 5.09 5.03 5.00 4.97 4.94 4.91 4.88 4.81 4.75 4.72 4.66 4.59 4.53 4.50 4.44 4.41 4.38 4.31 4.31 4.28 4.25 4.22 4.00 3.97 3.94 3.91 3.88 3.84 3.78 3.78 3.84 3.84 3.84 3.78 3.81 3.56 3.19 2.81 2.38 1.78 1.12 1.00 0.91 0.97 0.91 0.91 0.94 1.03 1.06 1.03 1.03 0.97 0.94 0.84 0.75 0.66 0.56
4.50 4.50 4.50 4.53 4.53 4.56 4.56 4.56 4.56 4.56 4.59 4.62 4.66 4.69 4.75 4.81 4.88 4.94 5.00 5.06 5.06 5.00 4.94 4.91 4.88 4.84 4.81 4.78 4.72 4.69 4.62 4.59 4.53 4.47 4.41 4.38 4.31 4.28 4.22 4.19 4.16 4.12 4.09 4.06 3.97 3.88 3.84 3.81 3.78 3.75 3.75 3.78 3.84 3.84 3.81 3.78 3.53 3.19 2.81 2.44 2.00 1.56 1.06 0.88 0.78 0.78 0.72 0.75 0.78 0.81 0.81 0.81 0.81 0.72 0.59 0.66 0.62 0.53 0.50
4.66 4.66 4.69 4.69 4.69 4.69 4.66 4.62 4.62 4.62 4.62 4.62 4.66 4.69 4.72 4.75 4.78 4.84 4.88 4.91 4.91 4.88 4.81 4.78 4.75 4.72 4.66 4.62 4.59 4.53 4.50 4.44 4.41 4.34 4.28 4.25 4.19 4.12 4.06 4.03 4.00 3.97 3.94 3.91 3.84 3.81 3.78 3.75 3.72 3.72 3.81 3.84 3.72 3.59 3.44 3.34 3.12 2.81 2.44 2.03 1.66 1.22 0.88 0.72 0.66 0.62 0.56 0.56 0.62 0.66 0.62 0.62 0.62 0.47 0.47 0.44 0.41 0.38 0.44
4.81 4.81 4.81 4.84 4.81 4.75 4.72 4.69 4.66 4.62 4.62 4.62 4.62 4.62 4.66 4.69 4.69 4.72 4.75 4.75 4.75 4.72 4.69 4.62 4.59 4.56 4.53 4.47 4.44 4.41 4.34 4.31 4.25 4.19 4.12 4.09 4.03 3.97 3.91 3.88 3.84 3.81 3.81 3.78 3.72 3.72 3.69 3.66 3.66 3.75 3.78 3.66 3.50 3.31 3.09 2.94 2.69 2.38 2.00 1.62 1.25 0.91 0.69 0.56 0.50 0.47 0.41 0.44 0.47 0.44 0.44 0.44 0.41 0.28 0.16 0.16 0.19 0.31 0.50
4.94 4.94 4.94 4.91 4.84 4.78 4.75 4.69 4.66 4.62 4.59 4.56 4.56 4.56 4.56 4.59 4.59 4.62 4.66 4.66 4.66 4.66 4.62 4.56 4.50 4.44 4.38 4.34 4.28 4.25 4.19 4.16 4.09 4.03 3.97 3.94 3.88 3.81 3.78 3.75 3.75 3.78 3.78 3.75 3.72 3.66 3.62 3.59 3.56 3.56 3.41 3.28 3.12 3.00 2.72 2.53 2.28 1.94 1.56 1.16 0.81 0.69 0.59 0.47 0.34 0.31 0.31 0.31 0.25 0.16 0.16 0.16 0.12 0.06 -0.12 -0.19 -0.16 0.19 0.62
5.03 5.03 5.03 4.94 4.88 4.78 4.72 4.66 4.62 4.59 4.56 4.53 4.50 4.50 4.50 4.50 4.53 4.53 4.56 4.59 4.62 4.59 4.59 4.53 4.44 4.38 4.28 4.19 4.12 4.09 4.03 4.00 3.94 3.88 3.84 3.81 3.78 3.75 3.72 3.69 3.72 3.75 3.72 3.69 3.66 3.56 3.47 3.41 3.31 3.19 3.03 2.84 2.66 2.53 2.34 2.12 1.84 1.47 0.97 0.62 0.56 0.50 0.47 0.34 0.22 0.19 0.16 0.09 -0.03 -0.12 -0.16 -0.16 -0.12 -0.16 -0.31 -0.50 -0.50 0.03 0.62
5.09 5.09 5.06 5.00 4.94 4.88 4.78 4.72 4.62 4.56 4.53 4.47 4.47 4.44 4.44 4.44 4.47 4.47 4.50 4.53 4.56 4.56 4.53 4.47 4.41 4.28 4.19 4.06 4.00 3.94 3.88 3.84 3.78 3.78 3.78 3.78 3.78 3.78 3.75 3.72 3.66 3.66 3.62 3.56 3.47 3.38 3.25 3.16 3.00 2.81 2.62 2.44 2.22 2.06 1.94 1.72 1.47 0.94 0.41 0.31 0.31 0.25 0.19 0.09 0.03 -0.03 -0.09 -0.19 -0.31 -0.41 -0.44 -0.44 -0.41 -0.38 -0.47 -0.59 -0.72 -0.44 0.16
5.09 5.09 5.06 5.03 4.97 4.91 4.81 4.72 4.62 4.56 4.50 4.44 4.41 4.41 4.38 4.38 4.38 4.41 4.44 4.47 4.50 4.50 4.47 4.41 4.31 4.22 4.09 3.97 3.84 3.78 3.72 3.69 3.69 3.72 3.81 3.88 3.91 3.88 3.78 3.66 3.56 3.47 3.38 3.31 3.22 3.09 2.94 2.81 2.62 2.41 2.22 2.03 1.81 1.59 1.41 1.19 0.94 0.50 0.12 0.03 -0.03 -0.09 -0.12 -0.19 -0.25 -0.31 -0.38 -0.47 -0.59 -0.69 -0.72 -0.72 -0.66 -0.66 -0.69 -0.75 -0.91 -0.88 -0.44
5.06 5.06 5.06 5.03 5.00 4.94 4.84 4.75 4.62 4.56 4.47 4.41 4.38 4.34 4.31 4.31 4.31 4.31 4.34 4.38 4.41 4.41 4.41 4.34 4.25 4.12 3.97 3.84 3.72 3.62 3.59 3.56 3.66 3.78 3.91 3.97 3.94 3.84 3.72 3.56 3.38 3.22 3.09 3.03 2.97 2.81 2.56 2.38 2.19 2.00 1.81 1.62 1.44 1.25 1.00 0.78 0.50 0.19 -0.19 -0.31 -0.41 -0.41 -0.44 -0.47 -0.53 -0.56 -0.62 -0.72 -0.88 -0.97 -0.97 -0.94 -0.91 -0.88 -0.91 -0.97 -1.09 -1.16 -0.94
5.03 5.03 5.03 5.03 5.00 4.94 4.84 4.75 4.66 4.56 4.47 4.38 4.31 4.28 4.25 4.22 4.22 4.22 4.22 4.25 4.25 4.22 4.22 4.16 4.09 4.00 3.84 3.69 3.56 3.50 3.50 3.59 3.72 3.84 3.94 3.91 3.84 3.72 3.53 3.31 3.12 2.94 2.88 2.88 2.84 2.62 2.22 1.94 1.78 1.59 1.44 1.25 1.06 0.88 0.66 0.44 0.19 -0.09 -0.41 -0.62 -0.72 -0.72 -0.72 -0.72 -0.78 -0.84 -0.91 -1.03 -1.16 -1.19 -1.19 -1.12 -1.09 -1.06 -1.12 -1.16 -1.22 -1.34 -1.31
5.03 5.03 5.03 5.03 5.00 4.94 4.84 4.75 4.66 4.53 4.44 4.34 4.25 4.19 4.16 4.12 4.09 4.09 4.06 4.06 4.03 4.00 3.97 3.97 3.94 3.91 3.81 3.69 3.56 3.50 3.56 3.62 3.75 3.78 3.75 3.69 3.56 3.41 3.22 3.03 2.84 2.72 2.72 2.81 2.62 2.25 1.69 1.47 1.34 1.19 1.03 0.88 0.72 0.53 0.31 0.12 -0.12 -0.38 -0.62 -0.88 -1.00 -1.06 -1.03 -1.06 -1.12 -1.16 -1.22 -1.28 -1.34 -1.34 -1.34 -1.28 -1.25 -1.25 -1.31 -1.34 -1.41 -1.50 -1.53
5.00 5.03 5.03 5.03 4.97 4.91 4.84 4.75 4.62 4.53 4.41 4.28 4.19 4.12 4.06 4.03 4.00 3.97 3.91 3.88 3.84 3.81 3.81 3.84 3.81 3.81 3.75 3.66 3.59 3.56 3.59 3.59 3.59 3.56 3.47 3.31 3.19 3.03 2.91 2.81 2.62 2.44 2.38 2.31 2.12 1.69 1.09 1.00 0.91 0.81 0.66 0.53 0.38 0.22 0.00 -0.19 -0.41 -0.59 -0.84 -1.06 -1.22 -1.34 -1.38 -1.38 -1.44 -1.47 -1.47 -1.50 -1.50 -1.47 -1.44 -1.38 -1.34 -1.38 -1.44 -1.50 -1.56 -1.62 -1.69
5.00 5.00 5.00 5.00 4.94 4.88 4.81 4.69 4.59 4.47 4.34 4.25 4.12 4.03 4.00 3.94 3.94 3.91 3.84 3.78 3.72 3.66 3.66 3.69 3.72 3.72 3.66 3.59 3.56 3.50 3.53 3.47 3.34 3.19 3.03 2.84 2.72 2.66 2.66 2.50 2.28 2.03 1.81 1.62 1.41 1.06 0.69 0.50 0.53 0.44 0.31 0.19 0.03 -0.12 -0.28 -0.47 -0.66 -0.84 -1.03 -1.25 -1.38 -1.50 -1.56 -1.59 -1.62 -1.59 -1.56 -1.56 -1.53 -1.50 -1.47 -1.44 -1.44 -1.47 -1.53 -1.62 -1.69 -1.75 -1.81
5.00 5.00 5.00 4.97 4.91 4.81 4.72 4.62 4.53 4.44 4.31 4.19 4.06 3.97 3.94 3.91 3.91 3.84 3.78 3.69 3.59 3.50 3.50 3.53 3.56 3.53 3.47 3.44 3.47 3.50 3.44 3.28 2.97 2.69 2.53 2.38 2.25 2.12 2.03 1.91 1.75 1.53 1.25 1.03 0.84 0.66 0.44 0.31 0.19 0.12 0.00 -0.16 -0.28 -0.41 -0.53 -0.69 -0.88 -1.06 -1.28 -1.41 -1.53 -1.62 -1.66 -1.69 -1.66 -1.62 -1.59 -1.56 -1.56 -1.53 -1.50 -1.50 -1.53 -1.59 -1.66 -1.72 -1.81 -1.84 -1.94
4.97 4.97 4.94 4.91 4.84 4.75 4.62 4.53 4.47 4.41 4.31 4.19 4.06 3.94 3.88 3.84 3.78 3.72 3.69 3.56 3.44 3.31 3.25 3.28 3.31 3.28 3.25 3.22 3.22 3.19 3.00 2.66 2.34 2.09 1.88 1.78 1.69 1.53 1.41 1.34 1.25 1.12 1.00 0.91 0.78 0.56 0.38 0.19 0.06 -0.12 -0.31 -0.47 -0.62 -0.72 -0.78 -0.91 -1.09 -1.28 -1.44 -1.56 -1.66 -1.69 -1.69 -1.69 -1.66 -1.59 -1.53 -1.53 -1.53 -1.53 -1.53 -1.56 -1.59 -1.69 -1.75 -1.84 -1.94 -1.97 -2.03
4.94 4.97 4.94 4.88 4.81 4.69 4.59 4.53 4.47 4.41 4.31 4.19 4.03 3.91 3.81 3.75 3.66 3.53 3.47 3.38 3.25 3.09 3.03 3.06 3.09 3.03 2.94 2.84 2.81 2.72 2.53 2.25 1.94 1.69 1.50 1.34 1.25 1.19 1.12 1.03 1.00 0.94 0.88 0.78 0.69 0.59 0.38 0.12 -0.09 -0.28 -0.47 -0.66 -0.78 -0.88 -0.97 -1.06 -1.25 -1.44 -1.56 -1.66 -1.69 -1.69 -1.66 -1.62 -1.56 -1.50 -1.50 -1.50 -1.53 -1.56 -1.56 -1.62 -1.69 -1.78 -1.88 -1.97 -2.03 -2.12 -2.16
4.94 4.94 4.94 4.88 4.81 4.69 4.56 4.50 4.44 4.34 4.25 4.09 3.94 3.78 3.69 3.59 3.47 3.31 3.22 3.16 3.06 2.94 2.88 2.88 2.88 2.75 2.56 2.47 2.38 2.22 2.03 1.78 1.56 1.38 1.22 1.12 1.03 0.97 0.91 0.84 0.81 0.78 0.72 0.66 0.59 0.50 0.38 0.09 -0.19 -0.47 -0.66 -0.81 -0.91 -0.97 -1.03 -1.19 -1.34 -1.50 -1.56 -1.62 -1.62 -1.59 -1.56 -1.53 -1.47 -1.44 -1.47 -1.50 -1.53 -1.56 -1.62 -1.72 -1.81 -1.88 -1.97 -2.06 -2.16 -2.25 -2.31
4.91 4.91 4.91 4.84 4.78 4.66 4.53 4.44 4.34 4.22 4.09 3.94 3.78 3.62 3.50 3.38 3.28 3.19 3.12 3.09 3.00 2.88 2.75 2.62 2.50 2.38 2.16 1.97 1.88 1.72 1.53 1.38 1.22 1.12 1.03 0.94 0.84 0.78 0.69 0.66 0.62 0.59 0.56 0.53 0.47 0.41 0.34 0.06 -0.28 -0.59 -0.81 -0.91 -0.97 -1.03 -1.16 -1.28 -1.41 -1.50 -1.56 -1.59 -1.56 -1.53 -1.50 -1.47 -1.44 -1.44 -1.50 -1.53 -1.56 -1.66 -1.72 -1.81 -1.91 -2.00 -2.09 -2.19 -2.28 -2.34 -2.44
4.81 4.84 4.81 4.78 4.69 4.53 4.41 4.31 4.19 4.03 3.88 3.72 3.53 3.34 3.19 3.09 3.06 3.00 3.00 2.97 2.78 2.59 2.41 2.16 2.00 1.81 1.59 1.47 1.34 1.25 1.16 1.06 1.00 0.91 0.84 0.75 0.66 0.59 0.53 0.47 0.47 0.47 0.44 0.41 0.38 0.34 0.28 0.03 -0.34 -0.72 -0.91 -0.97 -1.06 -1.12 -1.19 -1.31 -1.41 -1.47 -1.50 -1.50 -1.50 -1.47 -1.44 -1.44 -1.44 -1.47 -1.53 -1.59 -1.69 -1.75 -1.84 -1.94 -2.03 -2.12 -2.22 -2.31 -2.38 -2.47 -2.56
4.66 4.69 4.66 4.62 4.53 4.38 4.25 4.09 3.97 3.81 3.66 3.47 3.25 3.03 2.81 2.72 2.72 2.69 2.66 2.53 2.31 2.06 1.84 1.59 1.41 1.22 1.06 1.03 1.00 0.97 0.91 0.88 0.81 0.75 0.69 0.62 0.53 0.44 0.38 0.28 0.31 0.31 0.31 0.28 0.28 0.25 0.19 -0.06 -0.41 -0.72 -0.94 -1.00 -1.06 -1.12 -1.19 -1.28 -1.34 -1.41 -1.44 -1.44 -1.44 -1.41 -1.44 -1.44 -1.47 -1.56 -1.62 -1.72 -1.81 -1.88 -1.97 -2.06 -2.16 -2.25 -2.34 -2.41 -2.50 -2.59 -2.66
