arlandasctiles/Tile[1,10].asc
ncols 128
nrows 128
xllcorner 0
yllcorner 0
cellsize 2.0
NODATA_value  -9999
[rows 34 to 67 of 128, columns 0 to 76 of 128]
-51.31 -50.69 -50.09 -49.50 -48.91 -48.34 -47.75 -47.16 -46.59 -46.00 -45.44 -44.88 -44.38 -43.81 -43.22 -42.62 -42.06 -41.50 -40.94 -40.44 -39.91 -39.41 -38.88 -38.25 -37.75 -37.25 -36.75 -36.25 -35.75 -35.25 -34.72 -34.22 -33.69 -33.12 -32.56 -32.00 -31.41 -30.81 -30.19 -29.56 -28.94 -28.31 -27.66 -27.00 -26.34 -25.84 -25.12 -24.41 -23.69 -22.94 -22.22 -21.50 -20.75 -19.94 -19.12 -18.25 -17.41 -16.53 -15.56 -14.62 -13.75 -12.88 -12.00 -10.97 -9.97 -9.03 -8.19 -7.38 -6.66 -5.97 -5.34 -4.72 -4.22 -3.75 -3.31 -2.88 -2.50
-51.03 -50.41 -49.78 -49.19 -48.59 -48.00 -47.41 -46.84 -46.25 -45.69 -45.12 -44.56 -44.00 -43.53 -42.91 -42.31 -41.72 -41.16 -40.62 -40.12 -39.59 -38.97 -38.44 -37.94 -37.44 -36.97 -36.47 -36.00 -35.50 -35.00 -34.50 -34.00 -33.47 -32.94 -32.38 -31.81 -31.22 -30.62 -30.03 -29.44 -28.84 -28.22 -27.59 -26.94 -26.28 -25.78 -25.09 -24.38 -23.66 -22.94 -22.25 -21.53 -20.75 -19.94 -19.06 -18.19 -17.31 -16.41 -15.47 -14.53 -13.59 -12.69 -11.66 -10.62 -9.69 -8.81 -7.97 -7.22 -6.50 -5.84 -5.22 -4.66 -4.12 -3.62 -3.19 -2.81 -2.44
-50.72 -50.09 -49.50 -48.88 -48.28 -47.69 -47.09 -46.50 -45.94 -45.38 -44.81 -44.25 -43.69 -43.22 -42.59 -42.00 -41.41 -40.81 -40.31 -39.78 -39.12 -38.62 -38.09 -37.62 -37.12 -36.66 -36.19 -35.72 -35.25 -34.75 -34.25 -33.75 -33.25 -32.72 -32.16 -31.59 -31.03 -30.44 -29.84 -29.25 -28.62 -28.03 -27.44 -26.81 -26.22 -25.56 -25.06 -24.34 -23.59 -22.91 -22.25 -21.31 -20.31 -19.25 -18.25 -17.38 -16.50 -15.56 -14.66 -13.78 -12.94 -12.12 -11.12 -10.19 -9.28 -8.44 -7.69 -6.97 -6.28 -5.66 -5.06 -4.53 -4.00 -3.53 -3.09 -2.72 -2.34
-50.41 -49.78 -49.16 -48.56 -47.94 -47.34 -46.75 -46.16 -45.59 -45.03 -44.47 -43.91 -43.38 -42.88 -42.28 -41.66 -41.06 -40.47 -39.91 -39.41 -38.78 -38.28 -37.78 -37.28 -36.81 -36.34 -35.88 -35.41 -34.94 -34.47 -34.00 -33.50 -33.00 -32.47 -31.94 -31.38 -30.81 -30.25 -29.69 -29.09 -28.50 -27.91 -27.31 -26.72 -26.12 -25.53 -25.06 -24.31 -23.59 -22.91 -22.22 -21.44 -20.59 -19.69 -18.75 -17.62 -16.50 -15.41 -14.38 -13.38 -12.47 -11.56 -10.62 -9.75 -8.88 -8.09 -7.34 -6.69 -6.06 -5.44 -4.88 -4.34 -3.84 -3.41 -3.00 -2.62 -2.25
-50.06 -49.44 -48.81 -48.22 -47.59 -47.00 -46.41 -45.81 -45.25 -44.69 -44.12 -43.56 -43.03 -42.53 -41.94 -41.31 -40.69 -40.09 -39.53 -39.00 -38.53 -38.03 -37.44 -36.97 -36.50 -36.03 -35.56 -35.12 -34.66 -34.19 -33.69 -33.22 -32.72 -32.22 -31.69 -31.16 -30.59 -30.03 -29.47 -28.88 -28.31 -27.72 -27.16 -26.59 -26.03 -25.59 -24.78 -24.09 -23.28 -22.41 -21.47 -20.50 -19.41 -18.38 -17.44 -16.50 -15.53 -14.59 -13.62 -12.72 -11.88 -10.94 -10.06 -9.25 -8.44 -7.66 -6.94 -6.25 -5.66 -5.09 -4.59 -4.09 -3.66 -3.25 -2.84 -2.50 -2.16
-49.69 -49.06 -48.47 -47.84 -47.25 -46.66 -46.06 -45.47 -44.91 -44.31 -43.78 -43.22 -42.72 -42.12 -41.56 -40.94 -40.34 -39.72 -39.16 -38.62 -38.09 -37.62 -37.19 -36.59 -36.16 -35.72 -35.25 -34.78 -34.34 -33.88 -33.38 -32.91 -32.41 -31.91 -31.41 -30.88 -30.34 -29.81 -29.22 -28.66 -28.09 -27.53 -26.97 -26.41 -25.84 -25.53 -24.91 -24.12 -23.38 -22.25 -21.28 -20.34 -19.34 -18.25 -17.12 -16.06 -15.03 -14.06 -13.12 -12.22 -11.31 -10.38 -9.56 -8.81 -8.09 -7.44 -6.78 -6.12 -5.50 -4.91 -4.38 -3.91 -3.47 -3.06 -2.69 -2.34 -2.03
-49.31 -48.69 -48.09 -47.47 -46.88 -46.28 -45.78 -45.19 -44.59 -44.03 -43.44 -42.88 -42.34 -41.72 -41.16 -40.53 -39.94 -39.34 -38.78 -38.22 -37.72 -37.22 -36.75 -36.31 -35.94 -35.38 -34.91 -34.47 -34.00 -33.53 -33.06 -32.56 -32.06 -31.59 -31.09 -30.59 -30.06 -29.50 -28.97 -28.41 -27.84 -27.31 -26.78 -26.25 -25.69 -25.28 -24.31 -23.38 -22.81 -21.75 -20.62 -19.59 -18.69 -17.78 -16.81 -15.78 -14.72 -13.69 -12.72 -11.78 -10.78 -9.88 -9.00 -8.22 -7.50 -6.84 -6.22 -5.59 -5.03 -4.53 -4.06 -3.62 -3.25 -2.88 -2.50 -2.19 -1.88
-48.91 -48.31 -47.69 -47.09 -46.50 -45.97 -45.38 -44.75 -44.16 -43.59 -43.00 -42.44 -41.88 -41.31 -40.69 -40.12 -39.53 -38.94 -38.38 -37.84 -37.31 -36.81 -36.34 -35.91 -35.53 -35.06 -34.62 -34.22 -33.66 -33.19 -32.72 -32.22 -31.72 -31.25 -30.75 -30.25 -29.72 -29.22 -28.66 -28.12 -27.59 -27.03 -26.53 -26.03 -25.53 -25.12 -24.41 -23.69 -22.41 -21.53 -20.81 -19.47 -18.31 -17.28 -16.28 -15.28 -14.28 -13.28 -12.34 -11.41 -10.41 -9.50 -8.62 -7.84 -7.19 -6.56 -6.03 -5.47 -4.91 -4.38 -3.88 -3.44 -3.03 -2.66 -2.34 -2.03 -1.75
-48.50 -47.91 -47.34 -46.75 -46.12 -45.50 -44.91 -44.31 -43.72 -43.12 -42.53 -41.97 -41.41 -40.84 -40.25 -39.56 -39.00 -38.50 -37.94 -37.41 -36.88 -36.38 -35.91 -35.47 -35.06 -34.66 -34.16 -33.72 -33.38 -32.97 -32.50 -31.84 -31.38 -30.88 -30.41 -29.91 -29.41 -28.88 -28.34 -27.81 -27.28 -26.75 -26.25 -25.75 -25.47 -24.78 -24.12 -23.50 -22.69 -21.38 -20.16 -19.53 -18.59 -17.50 -16.50 -15.47 -14.47 -13.41 -12.28 -11.03 -10.03 -9.09 -8.28 -7.47 -6.72 -6.03 -5.44 -4.91 -4.41 -3.97 -3.53 -3.16 -2.78 -2.47 -2.12 -1.84 -1.56
-48.09 -47.47 -46.88 -46.28 -45.66 -45.03 -44.44 -43.81 -43.25 -42.66 -42.06 -41.50 -40.94 -40.34 -39.78 -39.19 -38.56 -38.00 -37.50 -36.97 -36.44 -35.94 -35.47 -35.00 -34.59 -34.16 -33.75 -33.12 -32.91 -32.50 -32.06 -31.62 -31.12 -30.66 -30.00 -29.53 -29.06 -28.53 -28.00 -27.47 -26.91 -26.41 -25.91 -25.56 -25.00 -24.47 -23.12 -22.19 -21.50 -20.62 -19.31 -18.16 -17.28 -16.53 -15.62 -14.72 -13.94 -13.31 -12.19 -10.97 -9.97 -8.91 -7.94 -7.19 -6.47 -5.78 -5.22 -4.69 -4.19 -3.75 -3.34 -2.94 -2.59 -2.25 -1.94 -1.66 -1.41
-47.56 -47.00 -46.41 -45.78 -45.16 -44.56 -43.97 -43.34 -42.75 -42.19 -41.59 -41.00 -40.44 -39.88 -39.28 -38.72 -38.12 -37.44 -36.84 -36.47 -35.97 -35.47 -35.00 -34.53 -34.09 -33.69 -33.25 -32.78 -32.31 -31.84 -31.50 -31.19 -30.66 -30.19 -29.69 -29.25 -28.81 -28.28 -27.75 -27.22 -26.69 -26.16 -25.62 -25.16 -24.50 -23.84 -23.03 -21.72 -20.72 -19.97 -19.06 -17.81 -16.56 -15.56 -14.66 -13.72 -12.78 -11.88 -11.00 -10.28 -9.59 -8.66 -7.78 -7.00 -6.22 -5.50 -4.84 -4.31 -3.81 -3.38 -2.97 -2.62 -2.28 -2.00 -1.75 -1.47 -1.25
-46.94 -46.47 -45.88 -45.31 -44.69 -44.09 -43.47 -42.88 -42.28 -41.69 -41.09 -40.53 -39.94 -39.38 -38.78 -38.22 -37.62 -37.03 -36.47 -35.78 -35.44 -35.00 -34.53 -34.06 -33.62 -33.19 -32.78 -32.34 -31.94 -31.34 -30.81 -30.50 -30.00 -29.72 -29.22 -28.75 -28.38 -27.56 -27.34 -26.84 -26.25 -25.69 -25.16 -24.69 -24.28 -23.06 -22.94 -22.25 -21.25 -20.25 -19.25 -18.25 -17.28 -15.50 -14.19 -13.06 -12.16 -11.16 -10.22 -9.31 -8.53 -7.84 -7.31 -6.66 -5.94 -5.28 -4.69 -4.16 -3.62 -3.12 -2.75 -2.38 -2.06 -1.78 -1.53 -1.28 -1.06
-46.22 -45.84 -45.34 -44.78 -44.22 -43.62 -43.03 -42.41 -41.81 -41.22 -40.62 -40.03 -39.44 -38.88 -38.28 -37.69 -37.12 -36.56 -36.00 -35.47 -34.84 -34.41 -34.03 -33.59 -33.16 -32.72 -32.28 -31.88 -31.47 -31.00 -30.38 -29.78 -29.47 -28.88 -28.59 -28.25 -27.88 -26.94 -26.47 -26.00 -25.56 -25.31 -24.75 -24.19 -23.72 -22.50 -21.59 -20.59 -19.72 -18.50 -17.44 -16.69 -16.00 -14.94 -13.56 -12.50 -11.44 -10.44 -9.56 -8.72 -7.97 -7.22 -6.56 -5.94 -5.44 -4.94 -4.38 -3.88 -3.41 -2.97 -2.53 -2.16 -1.84 -1.56 -1.31 -1.09 -0.91
-45.38 -45.12 -44.47 -44.06 -43.66 -43.12 -42.53 -41.94 -41.31 -40.72 -40.12 -39.53 -38.94 -38.34 -37.78 -37.19 -36.62 -36.06 -35.53 -35.00 -34.47 -33.91 -33.53 -33.09 -32.66 -32.25 -31.81 -31.38 -30.97 -30.56 -30.12 -29.34 -28.81 -28.41 -27.84 -27.50 -27.22 -26.66 -25.88 -25.28 -24.78 -24.31 -24.06 -23.69 -23.09 -22.44 -21.44 -19.97 -19.12 -18.12 -16.97 -16.03 -15.22 -14.38 -13.19 -11.91 -10.84 -9.88 -9.00 -8.19 -7.44 -6.72 -6.09 -5.47 -4.91 -4.41 -3.94 -3.56 -3.12 -2.69 -2.31 -1.97 -1.66 -1.38 -1.12 -0.91 -0.72
-44.59 -44.38 -43.69 -43.12 -42.75 -42.50 -42.00 -41.44 -40.84 -40.22 -39.62 -39.03 -38.44 -37.84 -37.25 -36.69 -36.12 -35.59 -35.06 -34.53 -34.03 -33.53 -33.06 -32.62 -32.19 -31.75 -31.31 -30.91 -30.50 -30.09 -29.66 -29.25 -28.38 -27.78 -27.06 -26.88 -26.66 -26.19 -25.62 -24.81 -24.09 -23.72 -22.94 -22.81 -22.53 -21.88 -21.22 -19.94 -17.91 -16.81 -15.59 -14.81 -13.91 -13.25 -12.62 -11.47 -10.34 -9.34 -8.50 -7.72 -6.97 -6.28 -5.66 -5.06 -4.53 -4.03 -3.56 -3.12 -2.75 -2.44 -2.09 -1.75 -1.47 -1.19 -0.97 -0.75 -0.56
-43.94 -43.59 -42.97 -42.34 -41.84 -41.56 -41.28 -40.84 -40.28 -39.69 -39.09 -38.50 -37.91 -37.31 -36.75 -36.19 -35.62 -35.09 -34.56 -34.03 -33.53 -33.06 -32.56 -32.16 -31.72 -31.28 -30.84 -30.44 -30.00 -29.59 -29.22 -28.78 -28.09 -27.25 -26.72 -26.12 -25.94 -25.69 -25.16 -24.41 -23.62 -23.16 -22.53 -21.59 -21.22 -21.19 -20.66 -19.94 -19.09 -18.03 -17.12 -15.53 -13.91 -12.72 -11.81 -10.97 -9.94 -8.91 -8.03 -7.25 -6.53 -5.88 -5.28 -4.72 -4.19 -3.69 -3.25 -2.84 -2.47 -2.12 -1.81 -1.53 -1.25 -1.00 -0.78 -0.59 -0.44
-43.31 -42.84 -42.31 -41.66 -41.06 -40.66 -40.38 -40.00 -39.66 -39.12 -38.56 -37.97 -37.41 -36.81 -36.22 -35.66 -35.12 -34.56 -34.06 -33.56 -33.06 -32.59 -32.12 -31.66 -31.22 -30.81 -30.38 -29.94 -29.53 -29.12 -28.72 -28.16 -27.78 -27.09 -26.31 -25.75 -25.09 -24.69 -24.59 -24.06 -23.44 -22.66 -21.78 -21.03 -20.31 -19.97 -19.56 -18.84 -17.94 -17.09 -15.56 -14.31 -13.03 -12.19 -11.19 -10.38 -9.66 -8.69 -7.66 -6.84 -6.12 -5.50 -4.91 -4.38 -3.88 -3.41 -2.97 -2.59 -2.22 -1.88 -1.56 -1.31 -1.06 -0.84 -0.62 -0.44 -0.28
-42.69 -42.19 -41.69 -41.06 -40.38 -39.84 -39.47 -39.06 -38.69 -38.44 -38.00 -37.44 -36.88 -36.28 -35.72 -35.16 -34.59 -34.06 -33.56 -33.06 -32.56 -32.09 -31.66 -31.19 -30.75 -30.34 -29.91 -29.47 -29.03 -28.62 -28.19 -27.78 -27.22 -26.81 -26.06 -25.41 -24.91 -24.19 -23.62 -23.47 -22.97 -22.31 -21.34 -20.44 -19.47 -19.03 -18.50 -18.19 -17.38 -16.22 -15.31 -13.81 -12.62 -11.53 -10.28 -9.31 -8.81 -8.28 -7.47 -6.56 -5.78 -5.16 -4.59 -4.06 -3.59 -3.12 -2.72 -2.34 -2.00 -1.66 -1.38 -1.12 -0.88 -0.66 -0.47 -0.31 -0.16
-42.09 -41.56 -41.09 -40.53 -39.78 -39.16 -38.62 -38.19 -37.81 -37.47 -37.31 -36.88 -36.34 -35.75 -35.19 -34.62 -34.09 -33.56 -33.06 -32.56 -32.09 -31.62 -31.19 -30.72 -30.31 -29.88 -29.44 -29.00 -28.56 -28.12 -27.72 -27.28 -26.69 -26.16 -25.72 -24.94 -24.28 -23.75 -23.19 -22.69 -22.38 -21.62 -20.84 -20.00 -19.06 -18.19 -17.41 -16.88 -16.66 -15.56 -14.19 -13.19 -12.09 -11.09 -10.00 -8.91 -8.03 -7.28 -6.88 -6.31 -5.56 -4.84 -4.28 -3.78 -3.31 -2.91 -2.50 -2.12 -1.78 -1.50 -1.22 -0.94 -0.72 -0.53 -0.34 -0.19 -0.06
-41.44 -40.94 -40.47 -39.97 -39.28 -38.56 -37.94 -37.34 -36.91 -36.53 -36.28 -36.16 -35.75 -35.19 -34.62 -34.09 -33.56 -33.03 -32.53 -32.06 -31.59 -31.16 -30.69 -30.28 -29.84 -29.41 -28.97 -28.53 -28.09 -27.66 -27.22 -26.78 -26.28 -25.81 -25.19 -24.62 -23.88 -23.19 -22.62 -22.16 -21.66 -20.97 -20.19 -19.34 -18.50 -17.72 -16.88 -16.00 -15.66 -15.12 -13.94 -12.78 -11.72 -10.50 -9.44 -8.47 -7.62 -6.84 -6.12 -5.69 -5.22 -4.66 -4.03 -3.50 -3.06 -2.66 -2.31 -1.94 -1.62 -1.31 -1.06 -0.81 -0.59 -0.41 -0.22 -0.09 0.03
-40.78 -40.22 -39.78 -39.31 -38.72 -38.03 -37.34 -36.66 -36.06 -35.69 -35.28 -35.12 -34.84 -34.53 -34.06 -33.56 -33.03 -32.53 -32.03 -31.56 -31.12 -30.66 -30.25 -29.81 -29.38 -28.94 -28.53 -28.09 -27.62 -27.19 -26.75 -26.31 -25.84 -25.38 -24.88 -24.25 -23.62 -22.84 -22.12 -21.53 -21.06 -20.34 -19.56 -18.94 -18.00 -17.06 -16.25 -15.44 -14.66 -14.16 -13.50 -12.59 -11.41 -10.28 -9.09 -8.12 -7.25 -6.47 -5.78 -5.12 -4.56 -4.25 -3.81 -3.31 -2.84 -2.44 -2.09 -1.78 -1.47 -1.19 -0.94 -0.69 -0.50 -0.31 -0.16 0.00 0.09
-40.31 -39.59 -38.97 -38.47 -38.03 -37.47 -36.78 -36.09 -35.38 -34.88 -34.44 -34.09 -33.75 -33.66 -33.41 -32.97 -32.50 -32.00 -31.53 -31.06 -30.62 -30.19 -29.78 -29.34 -28.94 -28.50 -28.06 -27.62 -27.19 -26.75 -26.31 -25.84 -25.41 -24.94 -24.50 -23.94 -23.38 -22.69 -21.78 -21.03 -20.38 -19.72 -18.88 -18.12 -17.47 -16.81 -15.88 -14.94 -14.00 -13.28 -12.69 -11.97 -10.91 -9.75 -8.75 -7.78 -6.94 -6.16 -5.47 -4.84 -4.28 -3.78 -3.44 -3.06 -2.69 -2.28 -1.94 -1.62 -1.34 -1.06 -0.81 -0.59 -0.41 -0.22 -0.06 0.06 0.16
-39.97 -39.16 -38.31 -37.62 -37.19 -36.75 -36.28 -35.62 -34.81 -34.22 -33.69 -33.25 -32.81 -32.56 -32.56 -32.34 -31.94 -31.50 -31.03 -30.56 -30.12 -29.72 -29.31 -28.88 -28.47 -27.97 -27.59 -27.19 -26.75 -26.31 -25.88 -25.41 -24.97 -24.53 -24.09 -23.41 -22.94 -22.41 -21.69 -20.84 -19.94 -19.19 -18.41 -17.53 -16.62 -15.97 -15.38 -14.75 -13.84 -12.81 -11.97 -11.25 -10.38 -9.44 -8.44 -7.44 -6.59 -5.84 -5.19 -4.59 -4.03 -3.56 -3.12 -2.72 -2.44 -2.12 -1.78 -1.47 -1.22 -0.97 -0.75 -0.53 -0.34 -0.16 -0.03 0.09 0.19
-39.38 -38.75 -37.84 -37.00 -36.41 -35.97 -35.66 -35.19 -34.41 -33.69 -33.00 -32.50 -32.03 -31.66 -31.50 -31.53 -31.31 -30.88 -30.50 -30.06 -29.62 -29.22 -28.81 -28.44 -28.00 -27.59 -27.16 -26.75 -26.31 -25.88 -25.44 -25.00 -24.56 -24.09 -23.66 -23.12 -22.34 -21.78 -21.19 -20.41 -19.56 -18.78 -18.00 -17.09 -16.25 -15.31 -14.50 -13.78 -13.25 -12.50 -11.47 -10.59 -9.66 -8.81 -8.00 -7.09 -6.28 -5.56 -4.94 -4.34 -3.84 -3.38 -2.94 -2.56 -2.22 -1.91 -1.66 -1.38 -1.12 -0.88 -0.66 -0.47 -0.28 -0.12 0.03 0.12 0.22
-38.50 -38.06 -37.41 -36.53 -35.75 -35.19 -34.88 -34.62 -34.09 -33.28 -32.53 -31.84 -31.34 -30.88 -30.62 -30.56 -30.62 -30.28 -29.94 -29.53 -29.12 -28.72 -28.34 -27.97 -27.56 -27.16 -26.75 -26.34 -25.91 -25.50 -25.03 -24.59 -24.12 -23.69 -23.25 -22.78 -22.12 -21.31 -20.72 -20.06 -19.28 -18.41 -17.59 -16.75 -15.84 -15.00 -14.03 -13.22 -12.50 -11.91 -11.06 -10.12 -9.25 -8.41 -7.56 -6.72 -5.97 -5.31 -4.69 -4.16 -3.66 -3.22 -2.81 -2.44 -2.09 -1.81 -1.53 -1.28 -1.03 -0.81 -0.59 -0.41 -0.25 -0.09 0.03 0.12 0.22
-37.66 -37.19 -36.78 -36.12 -35.31 -34.59 -34.12 -33.88 -33.59 -33.03 -32.16 -31.34 -30.72 -30.22 -29.88 -29.69 -29.84 -29.72 -29.16 -28.97 -28.62 -28.25 -27.88 -27.53 -27.16 -26.75 -26.38 -25.94 -25.53 -25.09 -24.66 -24.19 -23.75 -23.28 -22.84 -22.38 -21.88 -21.12 -20.25 -19.47 -18.69 -17.91 -17.03 -16.25 -15.50 -14.69 -13.75 -12.81 -12.00 -11.22 -10.38 -9.59 -8.78 -7.91 -7.16 -6.47 -5.75 -5.09 -4.47 -3.94 -3.47 -3.06 -2.69 -2.34 -2.03 -1.75 -1.47 -1.22 -1.00 -0.78 -0.59 -0.41 -0.25 -0.09 0.03 0.12 0.22
-36.94 -36.44 -36.00 -35.56 -34.94 -34.12 -33.50 -33.03 -32.78 -32.53 -31.88 -30.91 -30.25 -29.59 -29.22 -28.97 -28.88 -29.03 -28.66 -28.41 -28.06 -27.75 -27.41 -27.09 -26.75 -26.38 -26.00 -25.59 -25.16 -24.75 -24.28 -23.81 -23.34 -22.88 -22.44 -21.97 -21.38 -20.72 -19.91 -19.03 -18.31 -17.53 -16.69 -15.69 -14.88 -14.19 -13.41 -12.53 -11.62 -10.84 -9.97 -8.97 -8.25 -7.59 -6.75 -6.00 -5.38 -4.81 -4.28 -3.81 -3.34 -2.94 -2.59 -2.25 -1.97 -1.69 -1.44 -1.19 -0.97 -0.78 -0.59 -0.41 -0.25 -0.12 0.00 0.12 0.19
-36.31 -35.78 -35.28 -34.81 -34.34 -33.75 -33.06 -32.44 -31.97 -31.75 -31.44 -30.66 -29.88 -29.12 -28.62 -28.31 -28.12 -28.19 -28.19 -27.66 -27.56 -27.25 -26.97 -26.66 -26.34 -26.00 -25.62 -25.25 -24.84 -24.41 -23.94 -23.47 -23.00 -22.50 -22.03 -21.56 -20.81 -20.19 -19.50 -18.56 -17.62 -16.88 -16.19 -15.38 -14.38 -13.44 -12.72 -12.09 -11.22 -10.19 -9.50 -8.56 -7.72 -7.06 -6.53 -5.81 -5.19 -4.59 -4.06 -3.62 -3.25 -2.88 -2.53 -2.22 -1.94 -1.66 -1.44 -1.19 -0.97 -0.78 -0.59 -0.44 -0.28 -0.12 0.00 0.09 0.16
-35.69 -35.16 -34.66 -34.16 -33.69 -33.19 -32.62 -31.97 -31.34 -30.91 -30.75 -30.38 -29.53 -28.78 -28.12 -27.69 -27.47 -27.41 -27.62 -26.97 -27.06 -26.81 -26.56 -26.28 -25.97 -25.66 -25.31 -24.94 -24.53 -24.06 -23.66 -23.16 -22.62 -22.12 -21.59 -21.09 -20.53 -19.66 -18.94 -18.28 -17.25 -16.31 -15.59 -14.84 -14.06 -13.09 -12.06 -11.28 -10.72 -10.00 -9.12 -8.28 -7.44 -6.59 -5.84 -5.31 -4.78 -4.34 -3.91 -3.47 -3.09 -2.78 -2.47 -2.16 -1.91 -1.66 -1.41 -1.19 -1.00 -0.81 -0.62 -0.47 -0.31 -0.19 -0.06 0.06 0.12
-35.12 -34.56 -34.09 -33.59 -33.09 -32.56 -32.06 -31.44 -30.81 -30.25 -29.84 -29.78 -29.19 -28.31 -27.62 -27.16 -26.84 -26.75 -27.00 -26.31 -26.53 -26.38 -26.19 -25.78 -25.59 -25.28 -25.00 -24.66 -24.22 -23.72 -23.28 -22.56 -22.28 -21.72 -21.12 -20.62 -20.12 -19.16 -18.38 -17.66 -17.03 -15.91 -14.94 -14.16 -13.41 -12.69 -11.78 -10.72 -9.84 -9.19 -8.50 -7.81 -7.16 -6.47 -5.72 -5.12 -4.59 -4.09 -3.69 -3.34 -3.00 -2.69 -2.41 -2.12 -1.88 -1.62 -1.41 -1.19 -1.00 -0.81 -0.66 -0.50 -0.34 -0.22 -0.09 0.00 0.09
-34.66 -34.06 -33.53 -33.03 -32.56 -32.06 -31.47 -30.88 -30.25 -29.66 -29.16 -28.78 -28.69 -27.88 -27.19 -26.56 -26.34 -26.19 -26.44 -25.91 -26.06 -25.97 -25.78 -25.50 -25.00 -24.91 -24.66 -24.28 -23.66 -23.34 -22.88 -22.41 -21.50 -21.00 -20.66 -20.12 -19.59 -18.94 -17.91 -17.09 -16.44 -15.81 -14.88 -13.72 -12.81 -11.94 -11.19 -10.38 -9.50 -8.72 -8.00 -7.31 -6.66 -5.94 -5.31 -4.78 -4.34 -3.94 -3.56 -3.19 -2.91 -2.59 -2.31 -2.06 -1.81 -1.59 -1.38 -1.19 -1.00 -0.84 -0.69 -0.53 -0.38 -0.25 -0.16 -0.03 0.03
-34.22 -33.59 -33.03 -32.47 -31.97 -31.50 -30.97 -30.34 -29.72 -29.06 -28.53 -28.06 -27.94 -27.62 -26.84 -26.25 -25.88 -25.72 -25.91 -25.53 -25.59 -25.59 -25.19 -25.06 -24.72 -24.28 -24.22 -23.88 -23.09 -22.62 -22.47 -22.00 -21.44 -20.47 -20.09 -19.66 -19.09 -18.53 -17.59 -16.44 -15.59 -14.94 -14.47 -13.66 -12.59 -11.59 -10.59 -9.69 -8.94 -8.19 -7.50 -6.81 -6.25 -5.66 -5.06 -4.53 -4.12 -3.75 -3.41 -3.09 -2.78 -2.50 -2.25 -2.00 -1.78 -1.56 -1.38 -1.19 -1.00 -0.84 -0.69 -0.56 -0.41 -0.31 -0.19 -0.09 0.00
-33.81 -33.19 -32.59 -32.00 -31.44 -30.94 -30.41 -29.84 -29.28 -28.59 -27.97 -27.53 -27.22 -27.12 -26.75 -25.97 -25.59 -25.31 -25.47 -25.34 -25.03 -25.09 -24.72 -24.66 -24.41 -24.00 -23.62 -23.38 -22.66 -21.97 -21.47 -21.50 -21.09 -20.44 -19.44 -18.75 -18.56 -18.00 -17.34 -16.53 -15.25 -14.38 -13.56 -12.91 -12.25 -11.25 -10.22 -9.31 -8.47 -7.81 -7.16 -6.50 -5.91 -5.28 -4.72 -4.28 -3.91 -3.56 -3.25 -2.94 -2.69 -2.41 -2.19 -1.94 -1.75 -1.53 -1.34 -1.16 -1.00 -0.84 -0.72 -0.56 -0.44 -0.34 -0.22 -0.12 -0.06
-33.44 -32.78 -32.22 -31.66 -31.06 -30.44 -29.88 -29.34 -28.81 -28.28 -27.72 -27.12 -26.75 -26.53 -26.44 -26.03 -25.38 -25.03 -24.97 -25.06 -24.84 -24.41 -24.34 -23.84 -23.81 -23.56 -23.31 -22.94 -22.31 -21.56 -20.84 -20.31 -20.12 -19.97 -19.44 -18.62 -17.75 -17.31 -16.53 -16.09 -15.16 -13.91 -13.00 -12.19 -11.44 -10.81 -9.94 -8.97 -8.19 -7.41 -6.69 -5.94 -5.38 -4.84 -4.38 -4.00 -3.69 -3.38 -3.09 -2.81 -2.56 -2.31 -2.09 -1.88 -1.69 -1.50 -1.31 -1.16 -1.00 -0.84 -0.72 -0.59 -0.47 -0.34 -0.25 -0.16 -0.09
