arlandasctiles/Tile[13,0].asc
ncols 128
nrows 128
xllcorner 0
yllcorner 0
cellsize 2.0
NODATA_value  -9999
[rows 0 to 28 of 128, columns 0 to 66 of 128]
-113.72 -114.47 -114.19 -114.03 -114.09 -114.03 -114.50 -114.66 -115.00 -114.50 -115.09 -114.88 -115.31 -114.84 -114.75 -114.44 -114.62 -114.91 -114.81 -114.84 -114.84 -115.06 -115.19 -115.28 -115.28 -115.56 -115.69 -115.72 -115.91 -116.12 -116.19 -116.50 -116.69 -116.91 -116.94 -116.56 -116.97 -117.38 -117.62 -117.72 -117.91 -118.59 -119.41 -119.06 -119.09 -119.22 -119.62 -120.19 -120.47 -120.59 -120.72 -121.22 -121.25 -121.44 -121.59 -121.81 -121.94 -122.06 -122.22 -122.09 -122.09 -122.34 -123.06 -123.56 -123.78 -124.09 -123.41
-114.06 -114.31 -114.91 -114.41 -114.47 -114.12 -114.44 -114.97 -114.97 -115.03 -115.34 -114.84 -115.47 -115.16 -115.12 -114.84 -115.09 -115.03 -115.06 -115.09 -114.69 -115.28 -115.50 -115.53 -115.59 -115.75 -115.94 -116.00 -115.84 -116.59 -116.47 -116.66 -116.78 -117.19 -117.16 -117.59 -117.69 -117.66 -117.81 -118.06 -118.31 -118.56 -119.44 -119.69 -119.50 -119.38 -119.78 -120.34 -120.62 -120.97 -121.12 -121.38 -121.34 -121.59 -121.75 -121.88 -122.19 -122.22 -122.44 -122.53 -122.38 -122.62 -122.97 -123.09 -123.22 -123.50 -124.41
-114.72 -114.41 -115.59 -114.66 -114.91 -114.38 -114.59 -115.28 -115.09 -115.16 -115.62 -114.94 -115.38 -115.69 -115.38 -115.09 -115.56 -115.00 -115.31 -115.38 -115.00 -115.44 -115.72 -115.72 -115.88 -115.84 -116.16 -116.25 -116.06 -116.78 -116.69 -116.84 -116.78 -117.28 -117.22 -117.41 -117.84 -118.28 -118.44 -118.66 -118.97 -119.16 -119.16 -119.81 -120.06 -119.88 -119.75 -120.06 -120.47 -120.97 -121.34 -121.47 -121.59 -121.75 -121.81 -122.00 -122.09 -122.12 -122.66 -122.88 -123.12 -123.38 -123.38 -123.31 -123.12 -123.47 -124.03
-115.34 -114.66 -115.97 -114.78 -115.41 -114.72 -114.84 -115.34 -115.38 -115.34 -115.94 -115.06 -115.34 -115.91 -115.62 -115.47 -115.78 -115.06 -115.66 -115.56 -115.69 -115.56 -115.91 -116.00 -116.06 -116.22 -116.38 -116.47 -116.38 -116.97 -116.88 -117.19 -116.91 -117.38 -117.59 -117.72 -117.47 -117.75 -118.50 -118.59 -118.59 -119.22 -119.59 -119.84 -120.28 -120.53 -120.34 -120.31 -120.62 -121.09 -121.31 -121.81 -121.78 -121.97 -122.06 -122.09 -122.50 -122.59 -122.53 -122.56 -123.09 -123.31 -123.44 -123.62 -123.78 -123.88 -124.03
-115.56 -115.00 -116.16 -114.97 -115.72 -115.25 -115.44 -115.03 -115.72 -115.56 -116.34 -115.31 -115.47 -116.19 -116.06 -115.84 -116.03 -115.50 -116.03 -115.78 -115.97 -115.84 -116.06 -116.22 -116.34 -116.47 -116.59 -116.69 -116.56 -117.00 -117.06 -117.38 -117.31 -117.25 -117.75 -117.88 -118.09 -118.28 -118.56 -118.97 -119.12 -118.88 -119.34 -119.91 -120.16 -120.78 -120.94 -121.22 -121.19 -121.31 -121.72 -121.88 -121.94 -121.97 -122.38 -122.25 -122.34 -122.69 -122.94 -123.12 -123.34 -123.34 -123.59 -123.91 -124.22 -124.28 -124.56
-115.41 -115.28 -116.28 -115.44 -115.56 -116.34 -115.44 -115.16 -115.88 -116.00 -116.50 -115.94 -115.81 -115.78 -116.41 -116.50 -116.22 -116.09 -116.34 -116.09 -116.22 -116.03 -115.97 -116.47 -116.56 -116.72 -116.78 -116.94 -116.94 -117.19 -117.06 -117.47 -117.62 -117.50 -117.94 -118.06 -117.84 -118.44 -118.81 -119.12 -119.41 -119.59 -119.72 -119.97 -120.19 -120.44 -120.88 -121.34 -121.50 -121.47 -121.28 -121.38 -122.16 -122.34 -122.34 -122.62 -122.50 -122.62 -122.72 -122.91 -123.41 -123.75 -123.81 -123.81 -123.94 -124.09 -124.19
-115.84 -115.66 -116.28 -116.41 -115.69 -117.09 -115.47 -115.47 -115.72 -116.38 -116.56 -116.53 -115.88 -115.72 -116.31 -116.78 -116.47 -116.47 -116.59 -116.47 -116.22 -116.44 -116.16 -116.69 -116.75 -116.88 -117.03 -117.16 -117.28 -117.41 -117.31 -117.56 -118.03 -117.94 -118.19 -118.19 -118.31 -118.12 -118.34 -118.84 -119.47 -119.78 -120.06 -120.41 -120.62 -120.84 -121.09 -121.44 -121.69 -121.81 -122.06 -121.78 -122.22 -122.53 -122.50 -122.59 -122.62 -122.81 -122.91 -123.00 -123.03 -123.31 -123.72 -124.03 -124.00 -124.03 -124.03
-116.28 -116.16 -115.97 -116.78 -115.97 -117.38 -115.81 -115.81 -115.97 -116.62 -116.81 -116.59 -116.09 -115.97 -116.44 -117.03 -116.75 -116.78 -116.88 -116.62 -116.28 -116.75 -116.44 -116.72 -117.16 -117.06 -117.22 -117.34 -117.47 -117.62 -117.78 -117.84 -118.22 -118.22 -118.41 -118.41 -118.66 -118.22 -118.44 -118.62 -119.28 -119.81 -119.94 -120.09 -120.50 -120.75 -120.88 -121.06 -121.53 -121.75 -122.16 -122.28 -122.59 -122.62 -122.69 -122.91 -122.97 -123.06 -123.09 -123.22 -123.38 -123.56 -123.78 -124.09 -124.38 -124.44 -124.50
-116.91 -116.47 -116.41 -116.97 -116.44 -117.56 -116.41 -116.25 -116.34 -116.72 -117.28 -116.56 -116.31 -116.44 -116.56 -117.34 -116.94 -117.06 -117.19 -116.59 -116.47 -116.94 -117.00 -116.69 -117.34 -117.16 -117.44 -117.53 -117.66 -117.81 -117.97 -118.16 -118.44 -118.50 -118.59 -118.69 -119.00 -118.31 -118.62 -119.00 -119.31 -119.78 -120.16 -120.09 -120.00 -120.53 -121.19 -121.75 -121.94 -122.09 -122.22 -122.44 -122.66 -122.69 -122.91 -123.03 -123.06 -122.97 -123.41 -123.56 -123.81 -124.00 -124.34 -124.50 -124.75 -124.84 -125.25
-117.72 -116.50 -116.91 -116.91 -117.31 -117.78 -116.91 -116.72 -116.56 -116.81 -117.84 -116.62 -116.66 -116.78 -116.97 -117.44 -117.16 -117.38 -117.41 -116.84 -116.91 -117.12 -117.31 -117.06 -117.53 -117.53 -117.62 -117.72 -117.81 -117.97 -118.16 -118.12 -118.62 -118.72 -118.81 -118.94 -119.25 -118.69 -118.78 -119.22 -119.47 -119.56 -120.06 -120.62 -120.88 -120.94 -120.78 -120.91 -121.47 -121.91 -122.12 -122.34 -122.56 -122.81 -122.88 -123.03 -123.16 -123.31 -123.00 -123.19 -123.50 -123.56 -123.69 -123.88 -124.09 -124.47 -124.88
-118.16 -116.91 -117.22 -117.16 -117.75 -117.97 -117.22 -116.88 -116.81 -116.84 -118.25 -117.03 -117.34 -117.06 -117.88 -117.31 -117.19 -117.66 -117.66 -117.25 -117.06 -117.56 -117.50 -117.25 -117.72 -117.75 -117.75 -117.88 -118.00 -118.03 -118.38 -118.62 -118.81 -118.97 -119.03 -119.16 -119.44 -119.16 -119.16 -119.47 -119.69 -119.88 -120.09 -120.31 -120.59 -121.22 -121.44 -121.50 -121.81 -122.09 -122.34 -122.66 -122.91 -123.00 -123.09 -123.22 -123.25 -123.41 -123.62 -123.94 -124.22 -124.44 -124.62 -124.78 -124.97 -125.12 -125.25
-118.81 -117.56 -117.75 -117.62 -118.38 -118.00 -117.19 -116.81 -117.09 -117.19 -118.56 -117.62 -117.88 -117.38 -118.34 -117.31 -117.69 -117.97 -117.91 -117.72 -117.41 -117.84 -117.62 -117.66 -117.94 -117.97 -117.81 -118.00 -118.19 -118.34 -118.59 -118.81 -118.97 -119.16 -119.31 -119.44 -119.72 -119.69 -119.41 -119.38 -119.78 -120.09 -120.47 -120.69 -120.84 -121.06 -121.66 -121.81 -122.00 -122.16 -122.41 -122.06 -122.31 -122.97 -123.16 -123.31 -123.44 -123.53 -123.59 -123.53 -123.50 -123.50 -123.69 -124.03 -124.28 -124.62 -124.59
-119.03 -118.09 -118.22 -118.56 -118.56 -117.69 -117.12 -117.22 -117.44 -117.66 -118.78 -118.03 -118.59 -117.66 -118.66 -117.78 -118.16 -118.22 -118.16 -117.94 -117.72 -118.06 -118.09 -118.12 -118.12 -118.12 -117.84 -117.88 -118.38 -118.50 -118.72 -118.94 -119.16 -119.34 -119.50 -119.62 -119.81 -120.06 -119.91 -119.69 -119.75 -120.25 -120.78 -120.59 -121.00 -121.19 -121.56 -121.78 -121.94 -121.91 -121.91 -122.66 -122.94 -123.06 -123.22 -123.44 -123.56 -123.69 -123.78 -123.97 -123.75 -123.56 -123.97 -124.09 -124.22 -124.22 -124.28
-119.16 -118.38 -118.72 -119.03 -118.31 -117.62 -117.50 -117.62 -117.91 -118.09 -119.00 -118.16 -119.41 -117.97 -118.94 -118.22 -118.56 -118.41 -118.44 -118.12 -118.03 -118.06 -118.38 -118.50 -118.34 -118.34 -117.91 -118.12 -118.38 -118.72 -118.53 -119.03 -119.41 -119.56 -119.75 -119.91 -120.03 -120.38 -120.31 -119.94 -120.19 -120.56 -120.75 -121.19 -121.00 -121.31 -121.78 -121.75 -121.69 -121.69 -121.94 -122.25 -122.44 -122.62 -122.78 -123.06 -123.81 -123.91 -124.00 -124.09 -124.25 -124.28 -124.31 -124.34 -124.12 -124.09 -124.47
-119.25 -118.59 -119.31 -119.19 -118.28 -118.28 -118.06 -118.38 -118.41 -119.22 -118.91 -118.59 -119.56 -118.47 -119.19 -118.59 -118.94 -118.59 -118.88 -118.38 -118.25 -118.50 -118.50 -118.66 -118.41 -118.47 -118.19 -118.38 -118.72 -118.97 -118.97 -119.19 -119.62 -119.81 -120.00 -120.16 -120.28 -120.47 -120.59 -120.53 -120.50 -120.78 -120.88 -121.34 -121.88 -121.59 -121.66 -122.12 -121.97 -122.06 -122.25 -122.47 -122.38 -122.28 -122.53 -123.25 -123.81 -124.03 -124.09 -124.06 -124.19 -124.34 -124.50 -124.59 -124.09 -124.28 -124.84
-119.25 -118.88 -120.00 -118.88 -119.09 -118.91 -118.78 -118.88 -119.41 -119.38 -118.59 -119.31 -119.72 -119.06 -119.47 -119.12 -119.25 -118.53 -119.25 -118.75 -118.66 -118.78 -118.66 -119.00 -118.38 -118.78 -118.31 -118.75 -119.09 -118.84 -119.31 -119.03 -119.72 -120.03 -120.25 -120.41 -120.56 -120.72 -120.88 -121.03 -121.09 -120.88 -120.97 -121.53 -122.09 -122.25 -121.78 -121.72 -122.59 -122.41 -122.53 -122.78 -122.34 -122.19 -122.59 -123.44 -123.78 -124.09 -124.28 -124.28 -124.41 -124.12 -124.38 -124.75 -125.03 -125.22 -125.34
-119.38 -119.16 -120.41 -119.09 -119.44 -119.66 -119.28 -119.12 -120.03 -118.94 -118.91 -120.12 -119.47 -119.72 -119.66 -119.19 -119.72 -118.84 -119.53 -119.06 -119.00 -118.91 -118.66 -119.31 -118.66 -119.06 -119.00 -119.03 -119.53 -119.06 -119.50 -119.91 -120.00 -120.09 -120.53 -120.69 -120.84 -120.97 -121.09 -121.25 -121.38 -121.25 -121.16 -121.53 -122.16 -122.66 -122.00 -122.03 -122.88 -122.94 -122.81 -122.84 -122.31 -122.50 -122.91 -123.41 -123.59 -123.84 -124.50 -124.41 -124.56 -124.50 -124.28 -124.47 -124.88 -125.06 -125.00
-119.41 -119.53 -120.50 -119.66 -119.59 -120.31 -119.53 -119.44 -120.41 -119.19 -119.47 -120.50 -119.59 -120.16 -119.78 -119.12 -119.94 -119.12 -119.72 -119.41 -119.12 -118.91 -118.81 -119.62 -119.41 -119.34 -119.31 -119.28 -119.72 -119.72 -119.84 -120.50 -120.44 -120.38 -120.81 -120.97 -121.12 -121.22 -121.38 -121.44 -121.56 -121.81 -121.69 -121.84 -122.16 -123.09 -122.75 -122.41 -123.12 -123.25 -123.03 -122.56 -122.59 -122.97 -123.12 -123.38 -123.62 -123.78 -124.62 -124.56 -124.62 -124.88 -124.47 -124.75 -125.12 -125.56 -125.16
-119.56 -120.03 -120.38 -120.47 -120.00 -120.72 -119.84 -119.69 -120.69 -119.78 -120.09 -120.59 -119.81 -120.53 -119.91 -119.31 -120.16 -119.53 -119.94 -119.56 -119.09 -119.12 -119.00 -119.50 -120.12 -119.44 -119.50 -119.19 -119.66 -120.16 -120.56 -120.81 -120.97 -120.66 -120.91 -121.28 -121.41 -121.50 -121.62 -121.72 -121.44 -122.09 -122.31 -122.03 -122.31 -122.72 -123.47 -122.84 -123.69 -123.19 -122.78 -123.06 -123.16 -123.41 -123.50 -123.31 -123.50 -124.00 -124.66 -124.78 -124.69 -125.25 -124.69 -125.12 -125.16 -125.94 -125.06
-120.00 -120.59 -120.16 -120.69 -120.25 -121.00 -120.28 -120.00 -120.88 -120.16 -120.84 -120.31 -120.03 -121.03 -120.06 -119.81 -120.31 -120.19 -120.19 -119.47 -119.47 -119.50 -119.72 -119.78 -120.66 -119.50 -119.75 -119.44 -119.59 -119.88 -120.19 -120.97 -121.25 -121.38 -121.03 -121.62 -121.72 -121.75 -121.88 -122.03 -122.16 -122.28 -122.50 -122.47 -122.69 -123.12 -123.78 -123.34 -123.91 -123.00 -123.22 -123.56 -123.69 -124.03 -123.78 -123.56 -123.69 -124.06 -124.66 -125.12 -124.62 -125.34 -125.38 -125.50 -125.19 -126.03 -125.44
-120.34 -120.62 -120.41 -120.91 -120.34 -121.00 -120.66 -120.41 -121.00 -120.69 -121.06 -120.38 -120.47 -121.03 -120.56 -120.34 -120.56 -120.50 -120.47 -119.72 -119.78 -120.00 -120.34 -120.03 -121.28 -119.78 -119.94 -119.72 -119.94 -119.97 -120.38 -120.56 -121.44 -121.75 -121.75 -121.88 -121.94 -122.00 -122.12 -122.25 -122.34 -122.66 -122.72 -122.66 -122.78 -123.28 -123.75 -124.12 -124.06 -123.09 -123.44 -123.91 -124.09 -124.47 -124.09 -124.03 -124.28 -124.31 -124.53 -125.22 -125.31 -125.47 -125.41 -125.84 -125.44 -126.09 -126.19
-120.56 -120.62 -120.66 -120.91 -120.72 -121.09 -121.03 -120.81 -121.00 -121.16 -121.06 -120.53 -121.00 -121.06 -121.22 -120.91 -120.66 -120.78 -120.75 -120.16 -120.25 -120.62 -120.66 -120.25 -121.56 -120.03 -120.16 -120.38 -120.44 -120.31 -120.62 -121.16 -121.56 -122.00 -122.19 -122.06 -122.19 -122.25 -122.34 -122.56 -122.59 -122.75 -122.97 -122.69 -122.84 -123.41 -123.69 -124.44 -123.94 -123.75 -123.88 -124.34 -123.97 -124.75 -124.41 -124.84 -124.78 -124.72 -124.56 -124.66 -125.53 -125.62 -125.59 -125.91 -126.34 -125.78 -126.50
-120.56 -120.66 -120.84 -120.94 -121.00 -121.09 -121.12 -121.09 -121.09 -121.25 -121.09 -120.81 -121.53 -120.97 -121.41 -121.28 -120.78 -121.19 -121.06 -120.69 -120.81 -121.03 -120.75 -120.59 -121.81 -120.41 -120.56 -120.91 -120.66 -120.56 -120.88 -121.47 -121.97 -122.19 -122.34 -122.34 -122.44 -122.59 -122.53 -122.84 -122.81 -123.06 -123.22 -123.00 -123.31 -123.44 -123.53 -124.50 -124.59 -124.62 -124.59 -124.44 -124.25 -125.06 -124.59 -125.12 -125.09 -124.72 -124.66 -124.91 -125.66 -125.84 -125.81 -125.62 -126.56 -126.56 -126.59
-120.56 -120.66 -120.72 -120.94 -121.00 -121.09 -121.12 -121.16 -121.25 -121.44 -121.25 -121.22 -121.62 -121.28 -121.56 -121.53 -121.34 -121.50 -121.28 -121.25 -121.44 -121.25 -120.84 -121.03 -121.94 -120.78 -120.84 -121.25 -120.66 -120.94 -121.09 -121.75 -122.22 -122.31 -122.59 -122.69 -122.69 -122.94 -122.84 -123.12 -123.06 -123.34 -123.41 -123.69 -123.56 -123.66 -123.69 -123.94 -125.03 -124.41 -125.16 -124.44 -124.62 -125.28 -125.16 -125.31 -125.16 -124.78 -125.06 -125.38 -125.66 -126.06 -126.22 -125.72 -126.44 -127.06 -126.56
-120.59 -120.69 -120.78 -120.91 -121.00 -121.09 -121.12 -121.19 -121.38 -121.47 -121.47 -121.47 -121.81 -121.56 -121.75 -121.66 -121.62 -121.72 -121.62 -121.59 -121.72 -121.19 -121.03 -121.44 -122.09 -121.16 -121.09 -121.56 -120.84 -121.44 -121.66 -121.91 -122.62 -122.22 -122.66 -123.12 -123.00 -123.22 -123.12 -123.41 -123.31 -123.69 -123.56 -123.72 -123.75 -123.75 -123.84 -124.09 -125.59 -124.56 -125.34 -124.62 -124.97 -125.53 -125.69 -125.22 -125.31 -125.34 -125.47 -125.78 -125.97 -126.12 -126.78 -126.25 -126.69 -127.44 -126.78
-120.59 -120.69 -120.81 -120.94 -121.03 -121.09 -121.16 -121.22 -121.28 -121.47 -121.53 -121.72 -121.81 -121.72 -121.81 -121.81 -121.78 -121.94 -121.84 -121.97 -121.81 -121.28 -121.41 -122.22 -122.22 -121.47 -121.19 -121.88 -121.34 -121.56 -122.19 -122.31 -122.97 -122.62 -122.56 -123.47 -123.34 -123.47 -123.41 -123.66 -123.56 -123.84 -123.78 -124.00 -123.94 -123.66 -124.25 -124.72 -125.88 -124.78 -125.47 -125.22 -125.34 -126.12 -125.62 -125.22 -125.59 -125.97 -126.16 -126.34 -126.44 -126.19 -127.16 -126.59 -127.16 -127.66 -127.03
-120.62 -120.72 -120.84 -120.94 -121.03 -121.09 -121.19 -121.28 -121.38 -121.50 -121.59 -121.66 -121.88 -121.91 -121.97 -122.03 -121.97 -122.12 -122.09 -122.06 -122.00 -121.59 -121.78 -122.44 -122.22 -121.53 -121.34 -121.88 -122.28 -122.22 -122.72 -122.62 -123.22 -123.22 -123.19 -123.78 -123.59 -123.62 -123.66 -123.91 -123.81 -124.16 -124.03 -124.31 -124.12 -124.22 -124.88 -125.06 -126.16 -125.03 -125.03 -125.91 -125.91 -126.47 -125.53 -125.66 -125.91 -126.56 -126.62 -126.81 -126.53 -126.50 -127.44 -126.78 -127.41 -127.88 -127.34
-120.62 -120.75 -120.84 -120.94 -121.06 -121.12 -121.22 -121.34 -121.44 -121.53 -121.66 -121.72 -121.91 -121.97 -122.00 -122.03 -122.16 -122.34 -122.25 -122.16 -122.34 -122.19 -122.44 -122.69 -122.19 -121.81 -121.72 -122.00 -122.84 -123.22 -123.19 -123.03 -123.31 -123.78 -123.88 -124.09 -123.88 -123.88 -123.91 -124.12 -124.09 -124.41 -124.28 -124.62 -124.19 -124.81 -125.09 -125.25 -126.25 -125.12 -125.53 -126.06 -126.28 -126.91 -125.75 -125.69 -126.16 -126.88 -126.78 -127.09 -126.88 -126.97 -127.69 -127.03 -127.56 -128.06 -127.78
-120.66 -120.75 -120.88 -120.97 -121.06 -121.19 -121.28 -121.38 -121.50 -121.59 -121.72 -121.81 -121.97 -122.06 -122.25 -122.31 -122.38 -122.31 -122.50 -122.53 -122.59 -122.62 -122.91 -122.84 -122.44 -122.19 -122.19 -122.50 -123.03 -123.62 -123.94 -123.41 -123.53 -124.03 -124.19 -124.31 -124.12 -124.12 -124.00 -124.38 -124.38 -124.66 -124.56 -125.03 -124.81 -125.16 -125.25 -125.31 -126.62 -125.28 -125.69 -125.94 -126.56 -127.06 -126.22 -126.22 -126.44 -127.19 -126.88 -127.09 -127.50 -127.53 -127.94 -127.47 -127.59 -128.16 -128.22
