arlandasctiles/Tile[14,12].asc
ncols 128
nrows 128
xllcorner 0
yllcorner 0
cellsize 2.0
NODATA_value  -9999
[rows 32 to 63 of 128, columns 0 to 70 of 128]
-32.75 -33.47 -33.38 -33.06 -32.94 -33.41 -33.69 -34.09 -33.75 -33.84 -33.88 -34.41 -35.09 -35.31 -35.69 -35.91 -36.44 -36.88 -37.94 -38.56 -39.19 -39.97 -40.44 -40.78 -42.06 -42.66 -43.19 -43.72 -44.22 -44.25 -44.50 -44.88 -45.41 -46.03 -47.09 -48.09 -48.59 -49.03 -48.97 -49.53 -50.28 -51.25 -51.91 -52.28 -52.72 -53.06 -53.81 -54.50 -55.22 -56.06 -57.16 -57.78 -58.41 -58.66 -59.12 -59.62 -60.41 -61.31 -62.06 -62.88 -63.47 -63.91 -64.53 -65.50 -66.44 -67.16 -67.81 -68.44 -69.09 -69.69 -70.47
-32.09 -32.97 -33.00 -32.38 -32.50 -32.84 -33.19 -33.19 -33.28 -33.25 -33.41 -34.00 -34.56 -34.62 -35.12 -35.34 -36.03 -37.25 -37.75 -38.03 -38.72 -39.50 -39.78 -41.06 -41.66 -42.16 -42.69 -43.16 -43.06 -43.44 -43.81 -44.28 -45.06 -45.91 -47.00 -47.50 -47.81 -47.91 -48.41 -49.03 -49.75 -50.41 -51.00 -51.31 -51.94 -52.69 -53.31 -53.97 -54.81 -55.88 -56.69 -57.16 -57.56 -58.00 -58.53 -59.25 -60.25 -61.16 -61.81 -62.47 -62.81 -63.44 -64.34 -65.16 -65.94 -66.91 -67.72 -68.44 -69.19 -70.09 -71.06
-31.72 -32.44 -32.50 -31.81 -31.94 -32.41 -32.41 -32.41 -32.72 -32.66 -33.19 -33.66 -33.69 -34.12 -34.69 -35.34 -36.31 -36.59 -37.00 -37.91 -38.91 -39.41 -40.12 -40.66 -41.16 -41.69 -42.09 -42.00 -42.25 -42.81 -43.28 -44.19 -45.00 -45.97 -46.47 -46.94 -46.94 -47.47 -48.09 -48.84 -49.06 -49.66 -50.16 -50.75 -51.56 -52.09 -52.78 -53.75 -54.75 -55.47 -55.97 -56.41 -56.94 -57.59 -58.50 -59.34 -60.06 -60.78 -61.50 -61.88 -62.53 -63.34 -64.09 -64.75 -65.47 -66.16 -66.75 -67.44 -68.25 -69.09 -70.31
-31.50 -31.94 -32.03 -31.22 -31.50 -31.91 -31.78 -31.91 -32.19 -32.47 -32.75 -33.00 -33.34 -33.94 -34.62 -35.81 -36.34 -36.91 -37.50 -38.09 -38.56 -38.88 -39.78 -40.19 -40.66 -40.88 -41.19 -41.12 -41.81 -42.38 -43.12 -43.78 -44.78 -45.47 -45.88 -45.78 -46.47 -47.06 -47.59 -48.03 -48.47 -48.88 -49.59 -50.44 -51.03 -51.66 -52.62 -53.53 -54.06 -54.72 -55.31 -55.94 -56.78 -57.66 -58.34 -59.00 -59.69 -60.03 -60.50 -61.34 -62.09 -62.84 -63.56 -64.34 -65.09 -65.91 -66.94 -68.00 -68.69 -69.56 -70.53
-31.03 -31.50 -31.28 -30.81 -31.09 -31.25 -31.38 -31.62 -31.88 -32.16 -32.38 -32.78 -33.50 -34.56 -35.16 -35.53 -35.53 -36.19 -37.00 -37.34 -37.88 -38.88 -39.31 -39.69 -39.81 -40.12 -40.47 -40.84 -41.28 -41.88 -42.38 -43.41 -44.41 -44.88 -44.97 -45.34 -45.97 -46.28 -46.56 -47.12 -47.72 -48.34 -49.25 -49.91 -50.59 -51.56 -52.47 -53.09 -53.94 -54.62 -55.19 -55.97 -56.66 -57.34 -58.00 -58.69 -59.03 -59.88 -60.72 -61.53 -62.25 -62.88 -63.50 -64.28 -65.12 -66.00 -66.91 -67.84 -68.47 -68.84 -69.59
-30.81 -30.97 -30.34 -30.28 -30.53 -30.66 -31.09 -31.09 -31.56 -31.69 -32.09 -32.72 -33.69 -34.06 -34.31 -34.59 -35.34 -36.19 -36.53 -36.88 -37.56 -38.47 -38.84 -39.19 -39.50 -39.84 -39.91 -40.19 -40.81 -41.25 -42.31 -43.25 -43.84 -44.12 -44.34 -45.12 -45.41 -45.66 -46.12 -46.78 -47.34 -48.00 -48.72 -49.50 -50.62 -51.47 -52.19 -52.69 -53.25 -53.91 -55.00 -55.62 -56.34 -57.06 -57.44 -57.78 -58.62 -59.53 -60.06 -60.50 -61.16 -62.03 -62.97 -63.72 -64.41 -65.53 -66.41 -67.16 -67.91 -68.88 -70.19
-30.44 -30.47 -29.69 -29.88 -30.00 -30.31 -30.53 -30.72 -31.06 -31.41 -31.91 -32.97 -33.34 -33.56 -33.72 -34.22 -35.06 -35.47 -35.78 -36.31 -37.50 -37.97 -38.38 -38.53 -38.78 -38.66 -39.12 -39.81 -40.38 -41.47 -42.16 -42.75 -42.94 -43.31 -43.97 -44.25 -44.53 -45.06 -45.66 -46.19 -46.78 -47.56 -48.72 -49.66 -50.38 -50.88 -51.41 -52.16 -53.19 -53.88 -54.62 -55.22 -55.56 -56.06 -56.97 -57.91 -58.50 -58.75 -59.38 -60.22 -61.41 -62.28 -62.91 -63.56 -64.38 -65.25 -65.94 -66.56 -67.34 -68.31 -69.06
-30.09 -29.97 -29.25 -29.41 -29.66 -30.03 -30.19 -30.44 -30.97 -31.50 -32.09 -32.44 -32.41 -32.78 -33.31 -34.03 -34.72 -35.03 -35.53 -36.50 -37.06 -37.50 -37.75 -37.88 -37.94 -38.31 -38.84 -39.75 -40.59 -41.19 -41.72 -41.94 -42.38 -42.69 -43.09 -43.31 -43.94 -44.53 -45.09 -45.78 -46.84 -47.91 -48.59 -49.31 -49.75 -50.44 -51.38 -52.09 -52.94 -53.62 -53.91 -54.47 -55.03 -55.94 -56.59 -56.81 -57.44 -58.53 -59.59 -60.38 -61.09 -61.50 -62.47 -63.38 -64.00 -64.50 -65.19 -66.03 -66.84 -67.62 -68.47
-29.84 -29.12 -28.84 -29.12 -29.38 -29.69 -29.81 -30.19 -30.69 -31.12 -31.38 -31.84 -32.16 -32.91 -33.56 -34.12 -34.41 -34.88 -35.62 -36.16 -36.59 -36.78 -36.97 -37.06 -37.44 -37.91 -38.72 -39.72 -40.22 -40.75 -40.94 -41.12 -41.50 -42.00 -42.44 -42.97 -43.44 -44.06 -45.03 -46.22 -46.94 -47.56 -48.00 -48.47 -49.28 -50.31 -51.00 -51.50 -51.94 -52.56 -53.12 -53.75 -54.66 -55.25 -55.66 -56.31 -57.44 -58.19 -59.00 -59.38 -60.00 -61.03 -61.81 -62.53 -63.19 -64.00 -64.84 -65.78 -66.59 -67.38 -68.31
-29.28 -28.66 -28.50 -28.66 -28.97 -29.22 -29.47 -30.03 -30.47 -30.69 -31.50 -31.78 -32.38 -32.91 -33.12 -33.38 -34.06 -34.81 -35.31 -35.69 -35.75 -36.09 -36.16 -36.59 -36.97 -38.03 -38.78 -39.31 -39.72 -39.56 -40.16 -40.62 -40.94 -41.53 -41.97 -42.44 -43.16 -44.28 -45.03 -45.59 -46.38 -47.03 -47.56 -48.53 -49.25 -49.94 -50.16 -50.56 -51.28 -51.88 -52.62 -53.47 -54.03 -54.47 -55.16 -56.41 -57.03 -57.88 -58.22 -58.97 -59.91 -60.59 -61.38 -62.06 -62.97 -63.94 -64.81 -65.50 -66.41 -67.53 -68.78
-28.66 -28.16 -28.16 -28.28 -28.62 -28.91 -29.38 -29.94 -30.00 -30.75 -31.34 -31.66 -31.75 -31.94 -32.31 -33.16 -34.00 -34.44 -34.78 -34.72 -35.25 -35.34 -35.59 -36.06 -37.19 -37.91 -38.38 -38.75 -38.56 -38.88 -39.50 -40.00 -40.56 -40.97 -41.59 -42.44 -43.31 -43.78 -44.50 -45.38 -46.03 -46.44 -47.41 -48.16 -48.38 -48.56 -49.19 -49.78 -50.53 -51.34 -52.34 -52.88 -53.31 -54.16 -55.44 -56.09 -56.50 -56.91 -57.66 -58.59 -59.34 -60.19 -61.28 -62.34 -63.38 -64.19 -65.06 -66.00 -66.91 -67.97 -68.94
-28.16 -27.91 -27.72 -27.84 -28.22 -28.66 -29.25 -29.41 -29.94 -30.75 -31.00 -30.72 -31.09 -31.50 -32.38 -33.22 -33.62 -33.94 -33.75 -34.25 -34.66 -34.72 -35.28 -36.28 -37.00 -37.47 -37.81 -37.81 -38.06 -38.56 -39.16 -39.62 -40.00 -40.75 -41.56 -42.12 -42.69 -43.62 -44.28 -44.84 -45.16 -46.03 -46.78 -47.19 -47.50 -48.06 -48.56 -49.47 -49.94 -51.12 -51.66 -52.16 -53.22 -54.09 -54.69 -55.19 -55.81 -56.62 -57.56 -58.34 -59.25 -60.50 -61.38 -62.38 -63.44 -64.34 -65.16 -65.88 -66.31 -67.09 -68.12
-27.81 -27.69 -27.31 -27.62 -27.91 -28.47 -28.75 -29.16 -30.06 -30.38 -29.94 -30.25 -30.72 -31.75 -32.44 -32.84 -33.12 -32.97 -33.34 -33.94 -34.12 -34.41 -35.31 -35.81 -36.50 -36.97 -36.88 -37.12 -37.69 -38.00 -38.28 -39.06 -39.75 -40.56 -41.09 -41.88 -42.56 -43.25 -43.62 -44.00 -44.78 -45.50 -45.97 -46.19 -46.81 -47.34 -48.09 -48.69 -49.94 -50.62 -51.06 -52.00 -52.75 -53.47 -54.00 -54.66 -55.69 -56.59 -57.38 -58.28 -59.47 -60.22 -60.91 -61.47 -62.12 -62.97 -63.69 -64.47 -65.56 -66.44 -67.25
-27.50 -27.12 -27.00 -27.25 -27.72 -28.19 -28.62 -29.47 -29.72 -29.44 -29.56 -30.16 -30.97 -31.56 -32.06 -32.38 -32.25 -32.56 -33.06 -33.12 -33.66 -34.47 -35.09 -35.59 -36.06 -35.97 -36.31 -36.56 -36.84 -37.56 -38.62 -39.28 -39.94 -40.44 -41.03 -41.69 -42.25 -42.31 -42.78 -43.44 -44.19 -44.91 -45.25 -45.69 -46.28 -46.91 -47.66 -48.81 -49.38 -49.81 -50.62 -51.66 -52.28 -52.78 -53.56 -54.72 -55.47 -55.91 -56.69 -57.94 -58.75 -59.31 -59.78 -60.72 -61.72 -62.53 -63.69 -64.53 -65.03 -66.16 -66.94
-27.09 -26.56 -26.81 -27.12 -27.62 -28.03 -28.59 -29.09 -28.81 -28.88 -29.41 -30.22 -30.66 -31.28 -31.59 -31.56 -31.72 -32.16 -32.47 -33.28 -33.81 -34.34 -34.44 -34.94 -35.31 -35.44 -35.56 -36.12 -37.12 -37.84 -38.41 -38.53 -39.56 -40.19 -40.66 -40.88 -41.34 -41.81 -42.50 -43.28 -43.81 -44.34 -44.72 -45.44 -46.09 -46.69 -47.75 -48.31 -48.81 -49.56 -50.62 -51.06 -51.59 -52.44 -53.53 -54.03 -54.50 -55.41 -56.59 -57.44 -57.91 -58.59 -59.50 -60.38 -61.06 -61.94 -62.59 -63.69 -64.72 -65.81 -66.47
-26.66 -26.34 -26.56 -26.88 -27.22 -27.69 -28.47 -28.53 -28.41 -28.91 -29.44 -29.69 -30.53 -30.88 -31.06 -31.22 -31.25 -32.16 -32.59 -33.09 -33.16 -33.56 -34.09 -34.69 -34.66 -34.81 -35.50 -36.41 -36.94 -37.12 -37.84 -38.56 -38.97 -39.38 -39.84 -40.38 -40.97 -41.72 -42.31 -42.69 -43.19 -43.88 -44.72 -45.31 -45.75 -46.66 -47.25 -47.84 -48.84 -49.50 -49.75 -50.38 -51.03 -52.00 -52.66 -53.19 -54.28 -55.19 -55.97 -56.59 -57.41 -58.19 -58.88 -59.91 -60.75 -61.53 -62.78 -63.78 -64.78 -65.50 -66.56
-25.97 -26.06 -26.22 -26.44 -27.12 -27.81 -28.00 -27.88 -28.28 -28.53 -28.78 -29.72 -30.12 -30.38 -30.41 -30.41 -31.44 -31.88 -31.94 -32.25 -32.59 -33.19 -33.84 -33.84 -34.12 -34.84 -35.50 -35.78 -36.34 -36.81 -37.38 -37.75 -38.19 -38.69 -39.22 -39.94 -40.69 -41.22 -41.62 -42.25 -43.22 -43.88 -44.25 -44.53 -45.38 -46.09 -46.88 -47.66 -47.88 -48.34 -49.12 -50.09 -51.03 -51.84 -52.53 -53.31 -53.97 -54.53 -55.22 -56.00 -56.59 -57.62 -58.75 -59.62 -60.38 -61.66 -62.31 -63.25 -64.06 -64.91 -65.75
-25.75 -25.88 -26.19 -26.88 -27.19 -27.25 -27.34 -27.75 -27.97 -28.59 -29.00 -29.41 -29.66 -29.59 -29.72 -30.62 -31.16 -31.22 -31.25 -31.75 -32.41 -33.06 -33.16 -33.72 -34.19 -34.66 -34.91 -35.41 -35.78 -36.41 -37.00 -37.19 -37.78 -38.31 -39.06 -39.41 -40.03 -40.56 -41.50 -42.41 -42.97 -43.22 -43.75 -44.72 -45.47 -46.09 -46.47 -46.84 -47.41 -48.03 -48.84 -49.78 -50.47 -51.16 -51.69 -52.44 -53.22 -54.12 -54.91 -55.78 -56.69 -57.66 -58.47 -59.22 -60.44 -61.09 -61.81 -63.41 -64.16 -64.97 -65.81
-25.62 -25.78 -26.28 -26.59 -26.44 -26.78 -27.22 -27.50 -28.16 -28.47 -28.75 -29.03 -29.09 -29.44 -30.06 -30.50 -30.59 -30.50 -30.94 -31.44 -32.12 -32.16 -32.81 -33.34 -33.38 -34.03 -34.47 -34.84 -35.50 -36.19 -36.44 -36.72 -37.38 -37.72 -38.19 -38.97 -39.81 -40.81 -41.50 -41.72 -42.25 -42.78 -43.59 -44.28 -44.84 -45.22 -45.72 -46.41 -47.16 -48.00 -48.84 -49.22 -50.03 -50.97 -51.81 -52.56 -53.38 -54.06 -54.69 -55.53 -56.31 -57.19 -58.12 -59.50 -60.47 -61.28 -62.31 -63.16 -63.94 -64.75 -65.44
-25.50 -25.28 -26.16 -25.84 -26.12 -26.56 -27.09 -27.66 -27.97 -28.22 -28.53 -28.72 -28.84 -29.16 -29.69 -30.03 -29.91 -30.19 -30.69 -31.34 -31.66 -32.22 -32.69 -33.06 -33.50 -33.88 -34.25 -34.84 -35.41 -35.56 -35.72 -36.69 -36.81 -37.41 -38.56 -39.28 -40.00 -40.34 -40.62 -41.47 -41.81 -42.78 -43.53 -43.78 -44.09 -44.72 -45.53 -46.31 -47.12 -47.59 -48.34 -49.31 -50.16 -50.75 -51.44 -52.25 -53.09 -54.06 -55.19 -55.88 -56.66 -57.53 -58.47 -59.47 -60.22 -61.12 -62.00 -62.75 -63.44 -64.09 -64.84
-24.97 -25.59 -25.47 -25.66 -26.22 -26.84 -27.19 -27.47 -27.72 -27.94 -28.00 -28.16 -28.53 -28.97 -29.34 -29.50 -29.75 -30.22 -30.75 -31.16 -31.59 -32.00 -32.41 -32.66 -32.97 -33.38 -33.91 -34.41 -34.84 -35.22 -35.69 -35.75 -36.47 -37.69 -38.12 -38.25 -39.09 -39.69 -40.22 -41.06 -42.00 -42.44 -42.59 -43.03 -43.84 -44.69 -45.25 -46.09 -46.97 -48.03 -48.78 -49.28 -49.84 -50.81 -51.88 -52.62 -53.47 -54.34 -55.06 -55.72 -56.50 -57.31 -58.25 -59.12 -59.75 -60.44 -61.19 -62.19 -63.09 -64.16 -65.25
-25.22 -25.28 -25.41 -26.00 -26.41 -26.62 -26.88 -27.19 -27.41 -27.56 -27.69 -27.84 -28.31 -28.62 -29.12 -29.34 -29.75 -30.03 -30.56 -30.94 -31.34 -31.69 -31.84 -32.28 -32.72 -33.06 -33.53 -34.00 -34.34 -34.66 -34.97 -35.62 -36.59 -36.81 -37.22 -38.00 -38.81 -39.47 -40.19 -40.91 -41.12 -41.53 -42.19 -43.16 -43.97 -44.72 -45.38 -45.91 -46.53 -47.16 -47.78 -48.59 -49.53 -50.41 -51.12 -51.84 -52.66 -53.62 -54.75 -55.53 -56.28 -56.81 -57.44 -58.22 -59.09 -59.94 -60.97 -61.84 -62.62 -63.38 -64.00
-25.00 -25.03 -25.34 -25.59 -25.78 -26.22 -26.38 -26.91 -26.66 -27.22 -27.41 -27.88 -28.19 -28.56 -28.72 -29.25 -29.59 -30.00 -30.34 -30.62 -30.75 -31.06 -31.59 -31.94 -32.28 -32.81 -33.53 -33.91 -34.31 -34.81 -35.22 -35.69 -35.81 -36.25 -36.84 -37.75 -38.44 -39.00 -39.53 -40.03 -40.56 -41.28 -41.91 -42.59 -43.19 -43.88 -44.66 -45.50 -46.31 -46.94 -47.72 -48.50 -49.28 -50.19 -51.16 -51.88 -52.72 -53.59 -54.06 -54.47 -55.19 -55.94 -56.69 -57.59 -58.59 -59.56 -60.47 -61.28 -62.22 -63.25 -64.44
-24.81 -25.09 -25.28 -25.59 -25.84 -26.12 -26.41 -26.66 -27.19 -27.41 -27.75 -28.03 -28.28 -28.53 -28.91 -29.12 -29.44 -29.72 -30.00 -29.97 -30.34 -30.84 -31.22 -31.62 -32.34 -32.91 -33.34 -33.62 -33.84 -34.28 -35.00 -35.09 -35.69 -36.22 -36.72 -37.34 -37.97 -38.44 -39.03 -39.41 -39.97 -40.62 -41.41 -42.16 -42.94 -43.84 -44.69 -45.34 -45.84 -46.59 -47.56 -48.53 -49.34 -50.12 -50.94 -51.47 -51.94 -52.56 -53.34 -54.09 -54.84 -55.69 -56.91 -58.03 -58.97 -59.88 -60.75 -61.66 -62.56 -63.53 -64.34
-24.94 -25.16 -25.47 -25.62 -25.78 -26.09 -26.25 -26.53 -26.81 -27.09 -27.38 -27.69 -28.00 -28.25 -28.53 -28.81 -28.91 -29.44 -29.47 -29.66 -30.03 -30.47 -31.06 -31.78 -32.25 -32.56 -32.84 -33.09 -33.56 -34.25 -34.41 -34.75 -35.34 -35.91 -36.66 -37.09 -37.56 -38.03 -38.59 -39.12 -39.84 -40.62 -41.25 -41.88 -42.66 -43.50 -44.22 -45.03 -46.06 -46.81 -47.62 -48.38 -48.97 -49.44 -50.00 -50.69 -51.53 -52.31 -53.06 -53.84 -54.94 -56.06 -56.91 -57.22 -57.78 -58.66 -59.69 -60.78 -61.66 -62.47 -63.34
-24.84 -25.00 -25.19 -25.34 -25.62 -25.78 -25.94 -26.09 -26.44 -26.94 -27.28 -27.56 -27.78 -28.06 -28.31 -28.47 -28.72 -28.97 -29.19 -29.44 -29.84 -30.31 -30.91 -31.38 -31.66 -32.06 -32.41 -32.88 -33.34 -33.62 -34.06 -34.44 -34.97 -35.56 -36.22 -36.69 -37.25 -37.84 -38.50 -39.19 -39.78 -40.44 -41.25 -42.28 -42.91 -43.62 -44.38 -45.16 -45.91 -46.41 -47.03 -47.62 -48.25 -48.94 -49.88 -50.84 -51.75 -52.47 -53.25 -54.19 -54.97 -55.41 -56.00 -57.06 -58.16 -59.09 -60.12 -61.16 -62.09 -62.91 -63.84
-24.44 -24.62 -25.00 -25.22 -25.41 -25.62 -25.94 -26.31 -26.62 -26.91 -27.09 -27.34 -27.59 -27.81 -28.03 -28.41 -28.69 -29.00 -29.28 -29.56 -29.94 -30.34 -30.69 -30.91 -31.31 -31.72 -32.16 -32.66 -33.00 -33.41 -33.78 -34.28 -34.84 -35.44 -36.00 -36.56 -37.16 -37.81 -38.38 -38.91 -39.75 -40.72 -41.41 -42.09 -42.69 -43.22 -43.91 -44.56 -45.12 -45.78 -46.50 -47.25 -48.09 -49.00 -49.81 -50.38 -51.03 -51.91 -52.88 -53.62 -54.25 -55.12 -56.38 -57.12 -57.94 -58.31 -59.12 -60.06 -61.22 -62.38 -63.28
-24.56 -24.75 -24.94 -25.12 -25.25 -25.41 -25.47 -25.84 -26.28 -26.59 -26.91 -27.03 -27.09 -27.41 -27.81 -28.12 -28.38 -28.53 -29.16 -29.44 -29.72 -29.94 -30.22 -30.56 -31.06 -31.50 -31.88 -32.22 -32.69 -33.12 -33.66 -34.22 -34.81 -35.34 -35.84 -36.31 -36.88 -37.44 -38.22 -39.22 -39.91 -40.56 -41.06 -41.59 -42.25 -42.97 -43.66 -44.38 -45.25 -46.09 -46.84 -47.56 -48.31 -48.94 -49.34 -50.06 -51.00 -51.81 -52.50 -53.22 -54.28 -55.31 -56.12 -56.59 -57.19 -58.09 -59.06 -60.22 -60.88 -61.62 -62.81
-24.22 -24.53 -24.72 -24.88 -24.97 -25.06 -25.69 -26.28 -26.47 -26.75 -26.88 -26.97 -27.19 -27.50 -27.81 -28.09 -28.34 -28.69 -28.91 -29.12 -29.34 -29.72 -30.25 -30.81 -31.19 -31.56 -32.00 -32.50 -33.00 -33.50 -34.00 -34.41 -34.56 -35.06 -35.69 -36.41 -37.06 -37.75 -38.44 -38.91 -39.22 -39.97 -40.50 -41.03 -41.69 -42.41 -43.31 -44.19 -44.91 -45.50 -46.09 -46.78 -47.41 -48.16 -49.28 -50.16 -50.94 -51.78 -52.59 -53.47 -54.28 -54.72 -55.19 -55.84 -56.91 -57.75 -58.62 -59.59 -60.53 -61.66 -62.78
-24.28 -24.47 -24.69 -24.78 -24.91 -25.19 -25.38 -25.66 -26.06 -26.41 -26.72 -26.91 -27.12 -27.41 -27.69 -27.94 -28.22 -28.44 -28.88 -29.19 -29.56 -29.94 -30.31 -30.75 -31.09 -31.34 -31.62 -32.03 -32.59 -33.06 -33.59 -34.12 -34.75 -35.31 -35.88 -36.38 -36.59 -37.03 -37.78 -38.50 -39.19 -39.59 -40.09 -40.78 -41.50 -42.34 -43.06 -43.66 -44.31 -45.00 -45.78 -46.72 -47.69 -48.44 -49.19 -49.91 -50.41 -50.94 -51.84 -52.50 -53.31 -54.00 -55.09 -55.88 -56.69 -57.53 -58.59 -59.50 -60.78 -61.56 -62.00
-23.84 -24.31 -24.50 -24.66 -24.81 -24.88 -25.16 -25.69 -26.03 -26.28 -26.50 -26.75 -27.00 -27.19 -27.50 -27.88 -28.19 -28.50 -28.81 -29.16 -29.53 -29.88 -30.19 -30.38 -30.88 -31.41 -31.91 -32.50 -33.03 -33.50 -33.91 -34.31 -34.59 -34.78 -35.41 -35.84 -36.50 -37.31 -37.94 -38.28 -38.56 -39.03 -39.88 -40.53 -41.38 -42.06 -42.72 -43.50 -44.44 -45.31 -45.97 -46.75 -47.56 -48.22 -48.66 -49.09 -49.72 -50.53 -51.69 -52.72 -53.75 -54.44 -55.06 -55.97 -57.06 -58.12 -58.91 -59.78 -60.31 -60.91 -62.22
-24.03 -24.41 -24.53 -24.66 -24.78 -25.03 -25.31 -25.66 -25.94 -26.19 -26.47 -26.69 -26.94 -27.19 -27.50 -27.81 -28.09 -28.41 -28.72 -28.97 -29.41 -29.78 -30.12 -30.50 -31.00 -31.41 -31.56 -31.97 -32.59 -33.03 -33.56 -34.19 -34.56 -35.06 -35.62 -36.09 -36.50 -36.56 -37.34 -38.12 -38.81 -39.53 -40.22 -40.94 -41.59 -42.28 -42.94 -43.66 -44.44 -45.16 -45.78 -46.16 -46.66 -47.31 -47.97 -48.94 -49.78 -50.50 -51.25 -51.97 -52.88 -53.88 -55.00 -55.94 -57.12 -57.84 -58.41 -59.25 -60.28 -61.09 -61.94
