arlandasctiles/Tile[6,14].asc
ncols 128
nrows 128
xllcorner 0
yllcorner 0
cellsize 2.0
NODATA_value  -9999
[rows 0 to 31 of 128, columns 0 to 70 of 128]
-77.09 -77.09 -77.09 -77.09 -77.09 -77.12 -77.09 -77.12 -77.12 -77.12 -77.12 -77.12 -77.12 -76.94 -76.91 -76.91 -76.88 -76.88 -76.84 -76.81 -76.81 -76.97 -76.88 -76.84 -76.84 -76.84 -76.84 -76.66 -76.72 -76.44 -76.50 -76.19 -76.28 -76.28 -75.84 -76.19 -75.94 -76.03 -75.81 -75.84 -75.50 -75.72 -75.47 -75.81 -75.91 -75.94 -75.97 -76.03 -76.09 -76.16 -76.19 -76.22 -76.25 -76.28 -76.34 -76.38 -76.44 -76.50 -76.53 -76.62 -76.44 -76.50 -76.47 -76.56 -76.47 -76.34 -76.38 -76.16 -76.03 -75.91 -75.81
-76.69 -76.72 -76.72 -76.72 -76.72 -76.72 -76.72 -76.72 -76.72 -76.72 -76.69 -76.72 -76.69 -76.50 -76.47 -76.47 -76.44 -76.41 -76.41 -76.38 -76.53 -76.47 -76.41 -76.41 -76.41 -76.38 -76.38 -76.03 -76.19 -76.06 -75.75 -75.91 -75.50 -75.75 -75.22 -75.59 -75.28 -75.44 -75.28 -75.28 -75.09 -75.19 -75.16 -75.25 -75.22 -75.41 -75.44 -75.47 -75.56 -75.59 -75.62 -75.66 -75.69 -75.75 -75.78 -75.84 -75.91 -75.97 -76.00 -76.06 -75.91 -75.97 -75.94 -76.03 -75.91 -75.81 -75.78 -75.66 -75.50 -75.38 -75.28
-76.31 -76.31 -76.31 -76.31 -76.31 -76.31 -76.31 -76.31 -76.28 -76.31 -76.28 -76.31 -76.28 -76.06 -76.03 -76.03 -76.00 -75.97 -75.94 -75.91 -76.06 -76.00 -75.97 -75.94 -75.94 -75.84 -75.84 -75.56 -75.62 -75.59 -75.09 -75.34 -74.88 -75.12 -74.69 -74.97 -74.69 -74.88 -74.81 -74.81 -74.78 -74.72 -74.75 -74.75 -74.56 -74.81 -74.88 -74.91 -75.00 -75.03 -75.06 -75.09 -75.16 -75.19 -75.25 -75.28 -75.34 -75.41 -75.47 -75.38 -75.38 -75.44 -75.41 -75.47 -75.38 -75.28 -75.19 -75.12 -75.00 -74.84 -74.75
-75.94 -75.94 -75.94 -75.94 -75.94 -75.94 -75.91 -75.91 -75.88 -75.72 -75.88 -75.69 -75.66 -75.62 -75.59 -75.59 -75.56 -75.53 -75.50 -75.47 -75.59 -75.53 -75.50 -75.47 -75.44 -75.22 -75.34 -75.19 -74.97 -75.06 -74.59 -74.75 -74.34 -74.56 -74.16 -74.41 -74.12 -74.31 -74.34 -74.06 -74.34 -74.00 -74.25 -74.22 -74.09 -74.25 -74.31 -74.38 -74.41 -74.47 -74.50 -74.53 -74.59 -74.62 -74.69 -74.75 -74.78 -74.94 -74.91 -74.81 -74.81 -74.91 -74.84 -74.91 -74.81 -74.78 -74.66 -74.56 -74.47 -74.34 -74.25
-75.53 -75.56 -75.56 -75.56 -75.56 -75.53 -75.53 -75.56 -75.50 -75.31 -75.28 -75.25 -75.22 -75.19 -75.16 -75.12 -75.09 -75.06 -75.03 -75.19 -75.09 -75.06 -75.03 -74.97 -74.94 -74.75 -74.62 -74.75 -74.31 -74.47 -74.06 -74.16 -73.84 -73.97 -73.59 -73.84 -73.50 -73.75 -73.75 -73.25 -73.72 -73.31 -73.72 -73.69 -73.69 -73.72 -73.75 -73.81 -73.75 -73.91 -73.91 -73.97 -74.00 -74.06 -74.12 -74.09 -74.25 -74.19 -74.38 -74.28 -74.28 -74.34 -74.28 -74.41 -74.25 -74.25 -74.09 -74.03 -73.94 -73.81 -73.75
-75.16 -75.19 -75.19 -75.19 -75.16 -75.16 -75.16 -74.97 -74.94 -74.91 -74.88 -74.84 -74.78 -74.78 -74.72 -74.69 -74.66 -74.62 -74.59 -74.72 -74.62 -74.59 -74.56 -74.50 -74.44 -74.38 -73.97 -74.19 -73.81 -73.91 -73.47 -73.62 -73.41 -73.25 -73.06 -73.28 -72.91 -73.12 -73.09 -72.62 -73.00 -72.62 -73.09 -72.84 -73.12 -73.12 -73.09 -73.22 -73.12 -73.31 -73.34 -73.38 -73.44 -73.50 -73.53 -73.66 -73.72 -73.62 -73.66 -73.72 -73.72 -73.78 -73.72 -73.91 -73.69 -73.69 -73.56 -73.50 -73.41 -73.28 -73.25
-74.78 -74.81 -74.81 -74.81 -74.78 -74.81 -74.78 -74.56 -74.50 -74.50 -74.44 -74.41 -74.38 -74.34 -74.28 -74.25 -74.22 -74.16 -74.31 -74.22 -74.19 -74.12 -74.06 -74.03 -73.91 -73.88 -73.38 -73.62 -73.19 -73.34 -72.94 -72.94 -72.94 -72.72 -72.50 -72.72 -72.28 -72.53 -72.47 -72.12 -72.34 -72.03 -72.41 -72.16 -72.50 -72.53 -72.50 -72.59 -72.53 -72.72 -72.75 -72.81 -72.84 -72.91 -72.97 -73.06 -73.12 -73.06 -73.09 -73.16 -73.16 -73.19 -73.16 -73.28 -73.12 -73.09 -73.03 -72.97 -72.91 -72.88 -72.75
-74.41 -74.41 -74.44 -74.44 -74.41 -74.22 -74.19 -74.16 -74.09 -74.06 -74.03 -74.00 -73.94 -73.91 -73.84 -73.81 -73.75 -73.91 -73.81 -73.75 -73.72 -73.66 -73.62 -73.56 -73.41 -73.34 -72.94 -73.06 -72.59 -72.78 -72.41 -72.31 -72.31 -72.25 -71.81 -72.12 -71.66 -71.97 -71.91 -71.81 -71.78 -71.47 -71.78 -71.62 -71.88 -71.94 -71.94 -72.03 -71.94 -72.12 -72.16 -72.19 -72.25 -72.31 -72.41 -72.47 -72.56 -72.47 -72.50 -72.56 -72.59 -72.62 -72.59 -72.66 -72.59 -72.50 -72.47 -72.44 -72.41 -72.38 -72.28
-74.03 -74.03 -74.06 -74.03 -73.84 -73.81 -73.78 -73.75 -73.69 -73.66 -73.59 -73.56 -73.50 -73.47 -73.41 -73.34 -73.31 -73.41 -73.34 -73.28 -73.25 -73.22 -73.19 -73.12 -72.94 -72.88 -72.44 -72.53 -72.00 -72.22 -71.84 -71.75 -71.66 -71.72 -71.19 -71.50 -71.06 -71.44 -71.41 -71.38 -71.28 -71.09 -71.22 -71.19 -71.28 -71.34 -71.34 -71.44 -71.34 -71.53 -71.53 -71.59 -71.66 -71.72 -71.81 -71.91 -72.00 -71.88 -71.94 -72.00 -72.00 -72.03 -72.03 -72.03 -72.03 -71.94 -71.91 -71.88 -71.88 -71.78 -71.72
-73.66 -73.66 -73.66 -73.66 -73.44 -73.41 -73.38 -73.34 -73.28 -73.25 -73.19 -73.12 -73.06 -73.03 -72.97 -72.91 -73.03 -72.94 -72.88 -72.81 -72.78 -72.75 -72.69 -72.56 -72.31 -72.34 -71.81 -71.97 -71.47 -71.59 -71.31 -71.19 -71.03 -71.12 -70.66 -70.88 -70.47 -70.84 -70.69 -70.88 -70.62 -70.75 -70.69 -70.75 -70.72 -70.75 -70.69 -70.84 -70.66 -70.91 -70.94 -70.97 -71.03 -71.09 -71.22 -71.34 -71.25 -71.28 -71.34 -71.41 -71.41 -71.44 -71.44 -71.44 -71.44 -71.38 -71.44 -71.34 -71.28 -71.16 -71.12
-73.28 -73.28 -73.28 -73.06 -73.06 -73.03 -72.97 -72.94 -72.88 -72.81 -72.78 -72.72 -72.66 -72.59 -72.53 -72.47 -72.53 -72.47 -72.41 -72.34 -72.31 -72.28 -72.09 -72.00 -71.66 -71.75 -71.31 -71.31 -70.97 -70.94 -70.72 -70.62 -70.44 -70.50 -70.16 -70.28 -69.94 -70.22 -70.09 -70.28 -69.88 -70.28 -70.00 -70.19 -70.16 -70.19 -70.06 -70.22 -70.00 -70.28 -70.31 -70.34 -70.41 -70.50 -70.62 -70.75 -70.66 -70.69 -70.75 -70.81 -70.81 -70.84 -70.84 -70.81 -70.84 -70.88 -70.81 -70.81 -70.72 -70.56 -70.34
-72.91 -72.91 -72.72 -72.69 -72.66 -72.62 -72.56 -72.53 -72.47 -72.41 -72.34 -72.28 -72.22 -72.16 -72.09 -72.19 -72.09 -72.03 -71.94 -71.88 -71.84 -71.78 -71.53 -71.41 -71.09 -71.09 -70.81 -70.62 -70.41 -70.34 -70.06 -70.06 -69.84 -69.84 -69.59 -69.72 -69.41 -69.62 -69.41 -69.66 -69.09 -69.66 -69.25 -69.59 -69.56 -69.56 -69.41 -69.56 -69.41 -69.62 -69.69 -69.72 -69.78 -69.88 -70.03 -69.97 -70.03 -70.09 -70.16 -70.19 -70.22 -70.22 -70.22 -70.22 -70.22 -70.22 -70.19 -70.16 -70.06 -69.88 -69.56
-72.53 -72.53 -72.34 -72.31 -72.28 -72.22 -72.19 -72.12 -72.06 -72.00 -71.94 -71.84 -71.78 -71.72 -71.66 -71.72 -71.62 -71.56 -71.50 -71.41 -71.38 -71.19 -71.00 -70.84 -70.56 -70.44 -70.28 -70.03 -69.84 -69.78 -69.47 -69.41 -69.28 -69.16 -69.06 -69.12 -68.88 -69.03 -68.69 -68.97 -68.41 -68.97 -68.50 -68.97 -68.97 -68.97 -68.69 -68.94 -68.78 -68.97 -69.03 -69.09 -69.19 -69.28 -69.41 -69.34 -69.44 -69.47 -69.53 -69.59 -69.59 -69.59 -69.62 -69.59 -69.56 -69.59 -69.53 -69.47 -69.34 -69.06 -68.78
-72.16 -71.97 -71.94 -71.91 -71.88 -71.84 -71.78 -71.72 -71.66 -71.59 -71.50 -71.44 -71.34 -71.28 -71.41 -71.28 -71.19 -71.09 -71.03 -70.94 -70.88 -70.66 -70.44 -70.28 -70.06 -69.84 -69.78 -69.47 -69.25 -69.19 -68.94 -68.75 -68.81 -68.47 -68.59 -68.41 -68.34 -68.41 -68.03 -68.28 -67.75 -68.28 -67.81 -68.34 -68.34 -68.31 -67.97 -68.25 -68.16 -68.31 -68.41 -68.47 -68.56 -68.66 -68.78 -68.75 -68.81 -68.88 -68.91 -68.97 -69.00 -69.00 -69.00 -68.97 -68.97 -68.97 -68.88 -68.75 -68.59 -68.25 -67.97
-71.59 -71.59 -71.56 -71.53 -71.50 -71.44 -71.38 -71.31 -71.25 -71.16 -71.09 -71.00 -70.91 -70.84 -70.94 -70.81 -70.72 -70.62 -70.56 -70.47 -70.38 -70.16 -69.91 -69.72 -69.53 -69.25 -69.25 -68.88 -68.72 -68.59 -68.47 -68.09 -68.31 -67.81 -68.09 -67.72 -67.78 -67.78 -67.53 -67.62 -67.16 -67.59 -67.16 -67.69 -67.62 -67.66 -67.34 -67.59 -67.59 -67.69 -67.78 -67.88 -67.94 -68.03 -68.16 -68.22 -68.19 -68.25 -68.28 -68.34 -68.38 -68.38 -68.38 -68.34 -68.34 -68.34 -68.25 -68.09 -67.88 -67.53 -67.16
-71.22 -71.22 -71.19 -71.16 -71.09 -71.06 -71.00 -70.91 -70.84 -70.75 -70.66 -70.56 -70.47 -70.59 -70.47 -70.34 -70.28 -70.16 -70.06 -70.00 -69.78 -69.59 -69.41 -69.12 -69.00 -68.72 -68.69 -68.34 -68.19 -68.00 -68.03 -67.56 -67.75 -67.22 -67.50 -67.06 -67.22 -67.09 -67.12 -67.06 -66.62 -66.97 -66.50 -67.00 -66.88 -66.97 -66.75 -66.94 -67.03 -67.09 -67.16 -67.25 -67.34 -67.41 -67.50 -67.59 -67.56 -67.59 -67.66 -67.69 -67.72 -67.72 -67.72 -67.72 -67.72 -67.69 -67.59 -67.44 -67.19 -66.84 -66.41
-70.84 -70.84 -70.81 -70.78 -70.72 -70.66 -70.59 -70.50 -70.44 -70.31 -70.25 -70.12 -70.25 -70.09 -70.00 -69.88 -69.78 -69.66 -69.56 -69.47 -69.22 -68.97 -68.94 -68.53 -68.47 -68.19 -68.06 -67.81 -67.59 -67.41 -67.50 -67.00 -67.16 -66.62 -66.91 -66.41 -66.62 -66.44 -66.59 -66.53 -66.03 -66.31 -65.91 -66.31 -66.25 -66.31 -66.31 -66.38 -66.44 -66.47 -66.56 -66.62 -66.72 -66.78 -66.88 -66.91 -66.91 -66.97 -67.00 -67.03 -67.06 -67.09 -67.09 -67.12 -67.12 -67.03 -66.91 -66.75 -66.53 -66.16 -65.72
-70.50 -70.47 -70.44 -70.41 -70.34 -70.28 -70.19 -70.09 -70.00 -69.91 -69.81 -69.91 -69.75 -69.62 -69.53 -69.41 -69.28 -69.19 -69.03 -68.94 -68.72 -68.38 -68.41 -67.97 -67.91 -67.66 -67.41 -67.28 -67.03 -66.81 -66.91 -66.41 -66.59 -66.03 -66.28 -65.81 -66.06 -65.81 -66.00 -65.88 -65.50 -65.66 -65.31 -65.69 -65.72 -65.75 -65.78 -65.81 -65.84 -65.88 -65.94 -66.00 -66.06 -66.12 -66.22 -66.25 -66.28 -66.31 -66.34 -66.41 -66.44 -66.47 -66.50 -66.50 -66.44 -66.31 -66.09 -66.00 -65.78 -65.47 -65.06
-70.12 -70.09 -70.06 -70.03 -69.97 -69.88 -69.78 -69.69 -69.59 -69.69 -69.56 -69.44 -69.28 -69.16 -69.06 -68.94 -68.81 -68.69 -68.53 -68.44 -68.19 -67.84 -67.88 -67.41 -67.34 -67.19 -66.81 -66.75 -66.47 -66.22 -66.28 -65.81 -66.00 -65.47 -65.69 -65.25 -65.50 -65.22 -65.44 -65.16 -65.12 -65.09 -64.94 -65.09 -65.16 -65.16 -65.22 -65.22 -65.25 -65.28 -65.34 -65.38 -65.44 -65.50 -65.56 -65.59 -65.62 -65.66 -65.72 -65.75 -65.78 -65.81 -65.88 -65.84 -65.75 -65.56 -65.31 -65.16 -64.91 -64.66 -64.38
-69.78 -69.75 -69.69 -69.66 -69.56 -69.47 -69.38 -69.47 -69.34 -69.22 -69.09 -68.97 -68.84 -68.72 -68.59 -68.44 -68.31 -68.19 -68.03 -67.91 -67.66 -67.38 -67.34 -66.91 -66.75 -66.72 -66.22 -66.16 -65.91 -65.62 -65.59 -65.22 -65.31 -64.91 -65.09 -64.66 -64.88 -64.56 -64.81 -64.47 -64.66 -64.41 -64.56 -64.56 -64.59 -64.47 -64.59 -64.59 -64.66 -64.66 -64.69 -64.75 -64.78 -64.84 -64.91 -64.94 -64.97 -65.00 -65.06 -65.12 -65.12 -65.16 -65.19 -65.16 -65.06 -64.84 -64.56 -64.31 -64.00 -63.78 -63.59
-69.41 -69.38 -69.34 -69.25 -69.19 -69.28 -69.19 -69.03 -68.91 -68.78 -68.66 -68.53 -68.38 -68.25 -68.12 -67.97 -67.81 -67.69 -67.50 -67.41 -67.12 -66.81 -66.81 -66.41 -66.12 -66.09 -65.66 -65.50 -65.31 -65.06 -64.94 -64.66 -64.66 -64.28 -64.41 -64.03 -64.22 -63.81 -64.12 -63.66 -64.03 -63.50 -63.94 -63.72 -63.94 -63.91 -64.00 -64.00 -64.03 -64.03 -64.06 -64.09 -64.12 -64.19 -64.25 -64.28 -64.31 -64.34 -64.38 -64.47 -64.47 -64.53 -64.53 -64.47 -64.34 -64.12 -63.78 -63.47 -63.09 -62.84 -62.72
-69.06 -69.03 -68.97 -69.09 -69.00 -68.88 -68.75 -68.62 -68.50 -68.34 -68.22 -68.09 -67.94 -67.78 -67.62 -67.50 -67.31 -67.19 -67.00 -66.88 -66.69 -66.25 -66.25 -65.91 -65.56 -65.44 -65.12 -64.91 -64.69 -64.50 -64.31 -64.06 -64.00 -63.69 -63.72 -63.41 -63.56 -63.12 -63.41 -62.88 -63.25 -62.78 -63.19 -63.09 -63.28 -63.34 -63.31 -63.41 -63.41 -63.41 -63.41 -63.44 -63.47 -63.53 -63.59 -63.62 -63.66 -63.69 -63.72 -63.78 -63.81 -63.84 -63.84 -63.78 -63.62 -63.38 -63.00 -62.66 -62.25 -61.94 -61.78
-68.75 -68.69 -68.62 -68.72 -68.62 -68.47 -68.38 -68.22 -68.12 -67.94 -67.78 -67.62 -67.47 -67.31 -67.16 -67.00 -66.84 -66.66 -66.50 -66.34 -66.19 -65.72 -65.62 -65.34 -65.00 -64.81 -64.56 -64.31 -64.12 -63.88 -63.72 -63.47 -63.38 -63.09 -63.06 -62.78 -62.84 -62.53 -62.66 -62.22 -62.50 -62.22 -62.50 -62.59 -62.62 -62.72 -62.59 -62.72 -62.66 -62.75 -62.75 -62.78 -62.81 -62.88 -62.94 -62.97 -63.00 -63.03 -63.06 -63.12 -63.16 -63.19 -63.16 -63.06 -62.88 -62.59 -62.22 -61.81 -61.41 -61.06 -60.84
-68.41 -68.34 -68.25 -68.34 -68.22 -68.09 -68.00 -67.81 -67.69 -67.50 -67.34 -67.19 -67.03 -66.88 -66.69 -66.53 -66.34 -66.19 -66.00 -65.81 -65.66 -65.22 -65.03 -64.81 -64.47 -64.22 -64.03 -63.72 -63.56 -63.28 -63.12 -62.88 -62.72 -62.50 -62.41 -62.22 -62.16 -62.06 -62.03 -61.69 -61.84 -61.69 -61.91 -61.97 -61.88 -62.03 -61.91 -62.00 -62.03 -62.06 -62.09 -62.12 -62.16 -62.22 -62.25 -62.31 -62.34 -62.38 -62.41 -62.47 -62.50 -62.50 -62.44 -62.31 -62.09 -61.81 -61.44 -61.03 -60.62 -60.22 -59.94
-68.09 -68.00 -67.91 -67.97 -67.84 -67.72 -67.59 -67.41 -67.25 -67.09 -66.94 -66.75 -66.59 -66.41 -66.22 -66.06 -65.88 -65.69 -65.50 -65.28 -65.09 -64.75 -64.44 -64.25 -63.97 -63.66 -63.50 -63.12 -63.03 -62.66 -62.50 -62.28 -62.09 -61.91 -61.75 -61.66 -61.50 -61.50 -61.47 -61.22 -61.28 -61.19 -61.28 -61.34 -61.16 -61.34 -61.25 -61.34 -61.38 -61.38 -61.41 -61.44 -61.50 -61.53 -61.59 -61.66 -61.69 -61.72 -61.78 -61.81 -61.88 -61.84 -61.75 -61.53 -61.31 -61.03 -60.69 -60.28 -59.88 -59.47 -59.09
-67.75 -67.69 -67.56 -67.62 -67.50 -67.31 -67.19 -67.00 -66.84 -66.66 -66.50 -66.31 -66.16 -65.97 -65.78 -65.59 -65.41 -65.19 -65.00 -64.78 -64.56 -64.28 -63.91 -63.72 -63.47 -63.09 -62.97 -62.53 -62.44 -62.06 -61.91 -61.69 -61.47 -61.34 -61.09 -61.09 -60.84 -60.84 -60.91 -60.69 -60.72 -60.72 -60.72 -60.72 -60.44 -60.66 -60.59 -60.66 -60.69 -60.72 -60.75 -60.78 -60.81 -60.88 -60.97 -61.00 -61.03 -61.09 -61.16 -61.22 -61.25 -61.19 -61.06 -60.78 -60.53 -60.25 -59.94 -59.53 -59.12 -58.72 -58.31
-67.44 -67.34 -67.22 -67.28 -67.12 -66.94 -66.78 -66.59 -66.44 -66.25 -66.09 -65.91 -65.72 -65.53 -65.34 -65.12 -64.94 -64.72 -64.50 -64.28 -64.03 -63.81 -63.41 -63.12 -63.00 -62.53 -62.41 -61.97 -61.81 -61.50 -61.31 -61.09 -60.88 -60.75 -60.47 -60.47 -60.22 -60.19 -60.31 -60.09 -60.06 -60.16 -60.12 -60.09 -59.78 -59.97 -59.94 -60.00 -60.00 -60.03 -60.06 -60.12 -60.16 -60.22 -60.31 -60.34 -60.41 -60.50 -60.56 -60.62 -60.62 -60.56 -60.38 -60.09 -59.78 -59.50 -59.19 -58.81 -58.38 -57.97 -57.53
-67.09 -67.03 -66.91 -66.94 -66.75 -66.56 -66.41 -66.22 -66.03 -65.88 -65.69 -65.47 -65.28 -65.09 -64.88 -64.69 -64.47 -64.25 -64.03 -63.78 -63.53 -63.28 -62.97 -62.56 -62.50 -62.00 -61.81 -61.44 -61.19 -60.97 -60.69 -60.50 -60.25 -60.19 -59.84 -59.84 -59.62 -59.50 -59.72 -59.41 -59.44 -59.53 -59.44 -59.47 -59.16 -59.31 -59.25 -59.31 -59.34 -59.38 -59.41 -59.44 -59.50 -59.56 -59.62 -59.72 -59.81 -59.88 -59.94 -59.97 -59.97 -59.88 -59.69 -59.38 -59.03 -58.72 -58.41 -58.03 -57.62 -57.19 -56.72
-66.78 -66.69 -66.56 -66.59 -66.41 -66.22 -66.03 -65.84 -65.66 -65.47 -65.28 -65.06 -64.88 -64.66 -64.44 -64.22 -64.00 -63.78 -63.53 -63.28 -63.03 -62.75 -62.50 -62.06 -61.94 -61.47 -61.22 -60.91 -60.56 -60.41 -60.06 -59.91 -59.62 -59.56 -59.22 -59.19 -59.00 -58.84 -59.06 -58.66 -58.91 -58.88 -58.66 -58.81 -58.47 -58.62 -58.62 -58.66 -58.66 -58.69 -58.72 -58.78 -58.81 -58.91 -58.97 -59.03 -59.12 -59.22 -59.28 -59.31 -59.28 -59.16 -58.94 -58.62 -58.25 -57.91 -57.56 -57.22 -56.81 -56.31 -55.81
-66.47 -66.38 -66.22 -66.25 -66.06 -65.84 -65.66 -65.47 -65.25 -65.06 -64.88 -64.66 -64.44 -64.22 -64.00 -63.78 -63.53 -63.28 -63.03 -62.78 -62.53 -62.25 -61.97 -61.56 -61.38 -60.94 -60.62 -60.38 -59.97 -59.84 -59.47 -59.28 -59.00 -58.91 -58.59 -58.53 -58.41 -58.19 -58.38 -57.94 -58.25 -58.22 -57.97 -58.09 -57.75 -57.97 -57.97 -57.97 -58.00 -58.03 -58.06 -58.09 -58.16 -58.22 -58.31 -58.38 -58.44 -58.53 -58.59 -58.59 -58.53 -58.38 -58.16 -57.81 -57.41 -57.00 -56.59 -56.28 -55.88 -55.34 -54.81
-66.16 -66.06 -65.91 -65.91 -65.69 -65.50 -65.28 -65.09 -64.88 -64.66 -64.47 -64.25 -64.03 -63.81 -63.56 -63.31 -63.09 -62.81 -62.56 -62.28 -62.00 -61.72 -61.44 -61.09 -60.81 -60.41 -60.06 -59.81 -59.41 -59.22 -58.88 -58.66 -58.38 -58.25 -57.97 -57.91 -57.78 -57.53 -57.66 -57.25 -57.53 -57.53 -57.19 -57.41 -57.06 -57.28 -57.31 -57.31 -57.31 -57.34 -57.38 -57.44 -57.50 -57.56 -57.62 -57.69 -57.75 -57.84 -57.88 -57.84 -57.69 -57.53 -57.25 -56.88 -56.47 -56.00 -55.56 -55.22 -54.81 -54.25 -53.62
-65.84 -65.75 -65.56 -65.56 -65.38 -65.16 -64.94 -64.72 -64.50 -64.28 -64.06 -63.84 -63.62 -63.38 -63.12 -62.88 -62.62 -62.34 -62.09 -61.81 -61.50 -61.22 -60.91 -60.59 -60.28 -59.94 -59.53 -59.25 -58.84 -58.59 -58.28 -58.03 -57.75 -57.59 -57.34 -57.25 -57.16 -56.91 -56.97 -56.56 -56.84 -56.81 -56.47 -56.66 -56.38 -56.59 -56.62 -56.62 -56.66 -56.66 -56.69 -56.75 -56.81 -56.91 -56.97 -57.03 -57.09 -57.16 -57.16 -57.03 -56.81 -56.59 -56.28 -55.84 -55.38 -54.91 -54.47 -54.06 -53.62 -53.03 -52.31
