arlandasctiles/Tile0,5.asc
ncols 128
nrows 128
xllcorner 0
yllcorner 0
cellsize 2.0
NODATA_value  -9999
[rows 96 to 127 of 128, columns 0 to 70 of 128]
-86.59 -86.56 -86.53 -86.47 -86.44 -86.41 -86.38 -86.34 -86.34 -86.31 -86.31 -86.31 -86.28 -86.28 -86.28 -86.28 -86.25 -86.25 -86.25 -86.25 -86.25 -86.22 -86.22 -86.22 -86.22 -86.22 -86.22 -86.19 -86.19 -86.19 -85.94 -85.88 -85.81 -85.72 -85.62 -85.47 -85.28 -85.06 -84.81 -84.47 -84.16 -84.00 -83.66 -83.28 -82.88 -82.47 -82.06 -81.69 -81.28 -80.91 -80.50 -80.09 -79.66 -79.25 -78.81 -78.44 -78.03 -77.66 -77.22 -76.78 -76.34 -75.91 -75.41 -74.97 -74.53 -74.09 -73.66 -73.19 -72.75 -72.28 -71.84
-86.59 -86.56 -86.50 -86.47 -86.44 -86.41 -86.38 -86.34 -86.34 -86.31 -86.31 -86.28 -86.28 -86.28 -86.28 -86.25 -86.25 -86.25 -86.25 -86.22 -86.22 -86.22 -86.22 -86.22 -86.22 -86.19 -86.19 -86.19 -86.19 -86.19 -85.94 -85.88 -85.81 -85.72 -85.62 -85.47 -85.25 -85.00 -84.72 -84.50 -84.22 -84.06 -83.66 -83.28 -82.91 -82.50 -82.12 -81.72 -81.31 -80.91 -80.50 -80.09 -79.69 -79.31 -78.88 -78.44 -78.00 -77.53 -77.09 -76.66 -76.25 -75.81 -75.38 -74.94 -74.50 -74.06 -73.62 -73.19 -72.66 -72.22 -71.75
-86.59 -86.56 -86.50 -86.47 -86.44 -86.41 -86.38 -86.34 -86.31 -86.31 -86.28 -86.28 -86.28 -86.28 -86.25 -86.25 -86.25 -86.25 -86.22 -86.22 -86.22 -86.22 -86.22 -86.19 -86.19 -86.19 -86.19 -86.19 -86.16 -86.16 -85.94 -85.88 -85.81 -85.72 -85.62 -85.47 -85.28 -85.09 -84.84 -84.53 -84.31 -83.94 -83.62 -83.28 -82.91 -82.53 -82.12 -81.72 -81.34 -80.91 -80.50 -80.09 -79.66 -79.25 -78.81 -78.41 -78.00 -77.59 -77.16 -76.75 -76.28 -75.81 -75.38 -74.94 -74.50 -74.06 -73.62 -73.19 -72.72 -72.25 -71.81
-86.56 -86.56 -86.50 -86.47 -86.41 -86.38 -86.34 -86.34 -86.31 -86.31 -86.28 -86.28 -86.28 -86.25 -86.25 -86.25 -86.25 -86.22 -86.22 -86.22 -86.22 -86.19 -86.19 -86.19 -86.19 -86.19 -86.16 -86.16 -86.16 -86.16 -85.91 -85.88 -85.78 -85.72 -85.62 -85.50 -85.31 -85.06 -84.81 -84.56 -84.31 -84.00 -83.78 -83.41 -83.00 -82.62 -82.22 -81.81 -81.41 -81.00 -80.59 -80.16 -79.75 -79.31 -78.88 -78.47 -78.03 -77.59 -77.19 -76.78 -76.34 -75.91 -75.44 -74.97 -74.50 -74.06 -73.62 -73.19 -72.78 -72.25 -71.81
-86.56 -86.53 -86.50 -86.44 -86.41 -86.38 -86.34 -86.31 -86.31 -86.28 -86.28 -86.28 -86.25 -86.25 -86.25 -86.22 -86.22 -86.22 -86.22 -86.22 -86.19 -86.19 -86.19 -86.19 -86.16 -86.16 -86.16 -86.16 -86.16 -86.12 -85.91 -85.88 -85.78 -85.72 -85.62 -85.50 -85.34 -85.12 -84.91 -84.62 -84.34 -84.19 -83.81 -83.41 -83.00 -82.62 -82.22 -81.81 -81.41 -81.00 -80.56 -80.16 -79.72 -79.31 -78.88 -78.44 -78.00 -77.56 -77.09 -76.69 -76.25 -75.81 -75.38 -74.94 -74.50 -74.06 -73.62 -73.19 -72.72 -72.25 -71.78
-86.56 -86.53 -86.47 -86.44 -86.41 -86.38 -86.34 -86.31 -86.31 -86.28 -86.28 -86.25 -86.25 -86.25 -86.22 -86.22 -86.22 -86.22 -86.19 -86.19 -86.19 -86.19 -86.19 -86.16 -86.16 -86.16 -86.16 -86.12 -86.12 -86.12 -85.91 -85.84 -85.78 -85.72 -85.62 -85.50 -85.34 -85.12 -84.88 -84.62 -84.34 -84.22 -83.91 -83.56 -83.16 -82.75 -82.38 -81.97 -81.56 -81.16 -80.72 -80.25 -79.78 -79.34 -78.91 -78.47 -77.97 -77.56 -77.09 -76.66 -76.25 -75.81 -75.38 -74.97 -74.53 -74.09 -73.66 -73.19 -72.72 -72.25 -71.78
-86.56 -86.53 -86.47 -86.44 -86.41 -86.38 -86.34 -86.31 -86.28 -86.28 -86.28 -86.25 -86.25 -86.25 -86.22 -86.22 -86.22 -86.19 -86.19 -86.19 -86.19 -86.16 -86.16 -86.16 -86.16 -86.12 -86.12 -86.12 -86.12 -86.09 -86.09 -85.84 -85.81 -85.72 -85.62 -85.53 -85.38 -85.19 -84.97 -84.72 -84.44 -84.12 -83.97 -83.59 -83.16 -82.78 -82.38 -82.00 -81.59 -81.16 -80.69 -80.25 -79.81 -79.38 -78.94 -78.47 -78.03 -77.59 -77.12 -76.69 -76.28 -75.84 -75.41 -74.97 -74.56 -74.12 -73.66 -73.22 -72.72 -72.25 -71.78
-86.53 -86.53 -86.47 -86.44 -86.38 -86.34 -86.34 -86.31 -86.28 -86.28 -86.25 -86.25 -86.25 -86.22 -86.22 -86.22 -86.19 -86.19 -86.19 -86.19 -86.16 -86.16 -86.16 -86.16 -86.12 -86.12 -86.12 -86.12 -86.09 -86.09 -86.09 -85.84 -85.81 -85.72 -85.66 -85.53 -85.41 -85.19 -84.97 -84.72 -84.44 -84.31 -83.97 -83.66 -83.28 -82.88 -82.53 -82.00 -81.62 -81.22 -80.78 -80.47 -79.97 -79.50 -79.03 -78.56 -78.12 -77.66 -77.19 -76.75 -76.34 -75.91 -75.44 -75.00 -74.59 -74.16 -73.72 -73.25 -72.72 -72.25 -71.78
-86.53 -86.50 -86.47 -86.41 -86.38 -86.34 -86.31 -86.31 -86.28 -86.28 -86.25 -86.25 -86.22 -86.22 -86.22 -86.19 -86.19 -86.19 -86.19 -86.16 -86.16 -86.16 -86.12 -86.12 -86.12 -86.12 -86.09 -86.09 -86.09 -86.09 -86.06 -85.84 -85.81 -85.75 -85.66 -85.56 -85.44 -85.25 -85.06 -84.84 -84.59 -84.28 -83.91 -83.72 -83.28 -82.94 -82.53 -82.16 -81.78 -81.31 -80.81 -80.38 -79.94 -79.47 -79.00 -78.53 -78.09 -77.62 -77.16 -76.72 -76.31 -75.88 -75.44 -75.03 -74.62 -74.19 -73.69 -73.09 -72.53 -72.12 -71.78
-86.53 -86.50 -86.47 -86.41 -86.38 -86.34 -86.31 -86.28 -86.28 -86.25 -86.25 -86.22 -86.22 -86.22 -86.19 -86.19 -86.19 -86.19 -86.16 -86.16 -86.16 -86.12 -86.12 -86.12 -86.12 -86.09 -86.09 -86.09 -86.09 -86.06 -86.06 -86.06 -85.81 -85.75 -85.69 -85.59 -85.47 -85.25 -85.03 -84.81 -84.53 -84.22 -83.94 -83.84 -83.47 -83.06 -82.72 -82.34 -81.91 -81.47 -81.00 -80.53 -80.09 -79.66 -79.16 -78.66 -78.16 -77.66 -77.19 -76.75 -76.31 -75.88 -75.47 -75.03 -74.62 -74.22 -73.75 -73.25 -72.75 -72.25 -71.78
-86.53 -86.50 -86.44 -86.41 -86.38 -86.34 -86.31 -86.28 -86.25 -86.25 -86.25 -86.22 -86.22 -86.19 -86.19 -86.19 -86.19 -86.16 -86.16 -86.16 -86.12 -86.12 -86.12 -86.09 -86.09 -86.09 -86.09 -86.06 -86.06 -86.06 -86.06 -86.03 -85.81 -85.75 -85.69 -85.59 -85.50 -85.34 -85.12 -84.91 -84.66 -84.34 -84.03 -83.69 -83.53 -83.16 -82.75 -82.28 -81.81 -81.41 -80.97 -80.53 -80.06 -79.59 -79.09 -78.62 -78.12 -77.62 -77.19 -76.75 -76.31 -75.94 -75.53 -75.03 -74.59 -73.91 -73.34 -72.81 -72.44 -71.62 -71.16
-86.50 -86.50 -86.44 -86.41 -86.34 -86.31 -86.31 -86.28 -86.25 -86.25 -86.22 -86.22 -86.19 -86.19 -86.19 -86.19 -86.16 -86.16 -86.16 -86.12 -86.12 -86.12 -86.09 -86.09 -86.09 -86.09 -86.06 -86.06 -86.06 -86.06 -86.03 -86.03 -85.81 -85.78 -85.72 -85.62 -85.53 -85.41 -85.22 -85.03 -84.78 -84.50 -84.19 -83.81 -83.47 -83.09 -82.94 -82.38 -82.03 -81.47 -81.00 -80.50 -80.06 -79.59 -79.09 -78.66 -78.19 -77.66 -77.16 -76.69 -76.28 -75.88 -75.12 -74.69 -74.41 -74.09 -73.59 -73.19 -72.91 -72.34 -71.69
-86.50 -86.47 -86.44 -86.38 -86.34 -86.31 -86.28 -86.25 -86.25 -86.22 -86.22 -86.22 -86.19 -86.19 -86.16 -86.16 -86.16 -86.16 -86.12 -86.12 -86.12 -86.09 -86.09 -86.09 -86.06 -86.06 -86.06 -86.06 -86.06 -86.03 -86.03 -86.03 -86.03 -85.78 -85.72 -85.62 -85.53 -85.41 -85.19 -84.97 -84.72 -84.44 -84.12 -83.78 -83.66 -83.25 -82.84 -82.41 -81.97 -81.56 -81.09 -80.69 -80.19 -79.81 -79.25 -78.62 -78.00 -77.50 -77.16 -76.72 -76.28 -75.94 -75.59 -75.00 -74.47 -73.97 -73.41 -73.03 -72.62 -71.81 -71.31
-86.50 -86.47 -86.41 -86.38 -86.34 -86.31 -86.28 -86.25 -86.25 -86.22 -86.22 -86.19 -86.19 -86.16 -86.16 -86.16 -86.12 -86.12 -86.12 -86.12 -86.09 -86.09 -86.09 -86.06 -86.06 -86.06 -86.06 -86.03 -86.03 -86.03 -86.03 -86.03 -86.00 -85.78 -85.72 -85.66 -85.56 -85.44 -85.31 -85.12 -84.88 -84.62 -84.34 -84.06 -83.75 -83.34 -82.94 -82.69 -82.12 -81.47 -80.97 -80.53 -80.19 -79.62 -78.72 -78.41 -78.09 -77.59 -77.12 -76.56 -76.16 -75.75 -75.34 -74.94 -74.50 -74.03 -73.50 -73.03 -72.53 -72.03 -71.38
-86.47 -86.47 -86.41 -86.38 -86.31 -86.28 -86.25 -86.25 -86.22 -86.22 -86.19 -86.19 -86.16 -86.16 -86.16 -86.12 -86.12 -86.12 -86.09 -86.09 -86.09 -86.09 -86.06 -86.06 -86.06 -86.06 -86.03 -86.03 -86.03 -86.03 -86.00 -86.00 -86.00 -85.78 -85.72 -85.66 -85.59 -85.47 -85.31 -85.16 -84.91 -84.66 -84.31 -83.97 -83.62 -83.25 -83.09 -82.78 -82.38 -81.88 -81.28 -80.75 -80.25 -79.81 -79.25 -78.59 -77.94 -77.31 -76.91 -76.38 -75.84 -75.62 -75.28 -74.75 -74.16 -73.44 -73.00 -72.44 -72.19 -71.88 -71.44
-86.47 -86.44 -86.38 -86.34 -86.31 -86.28 -86.25 -86.22 -86.22 -86.19 -86.19 -86.16 -86.16 -86.16 -86.12 -86.12 -86.12 -86.09 -86.09 -86.09 -86.06 -86.06 -86.06 -86.06 -86.03 -86.03 -86.03 -86.03 -86.03 -86.00 -86.00 -86.00 -86.00 -85.78 -85.75 -85.69 -85.59 -85.50 -85.34 -85.09 -84.84 -84.56 -84.28 -84.00 -83.72 -83.41 -83.00 -82.75 -82.22 -81.66 -81.12 -80.53 -79.91 -79.38 -78.81 -78.31 -77.94 -77.56 -77.09 -76.69 -76.41 -76.06 -75.69 -75.25 -74.75 -74.16 -73.50 -72.88 -72.22 -71.78 -71.38
-86.44 -86.41 -86.38 -86.34 -86.28 -86.25 -86.25 -86.22 -86.19 -86.19 -86.16 -86.16 -86.16 -86.12 -86.12 -86.12 -86.09 -86.09 -86.09 -86.06 -86.06 -86.06 -86.06 -86.03 -86.03 -86.03 -86.03 -86.00 -86.00 -86.00 -86.00 -86.00 -86.00 -85.97 -85.75 -85.69 -85.59 -85.50 -85.38 -85.25 -85.09 -84.81 -84.41 -83.97 -83.59 -83.41 -82.94 -82.53 -82.25 -81.84 -81.31 -80.78 -80.22 -79.34 -78.78 -78.25 -77.53 -77.03 -76.62 -76.16 -75.59 -75.09 -74.66 -74.12 -73.78 -73.50 -72.88 -72.44 -72.19 -71.72 -71.25
-86.41 -86.41 -86.34 -86.31 -86.28 -86.25 -86.22 -86.22 -86.19 -86.16 -86.16 -86.16 -86.12 -86.12 -86.12 -86.09 -86.09 -86.09 -86.06 -86.06 -86.06 -86.03 -86.03 -86.03 -86.03 -86.00 -86.00 -86.00 -86.00 -86.00 -86.00 -85.97 -85.97 -85.97 -85.75 -85.69 -85.62 -85.53 -85.34 -85.12 -84.81 -84.53 -84.12 -84.03 -83.75 -83.41 -83.00 -82.59 -82.19 -81.81 -81.25 -80.47 -79.94 -79.62 -79.25 -78.75 -78.25 -77.69 -77.12 -76.53 -76.03 -75.72 -75.31 -74.97 -74.62 -74.06 -73.41 -72.66 -71.66 -71.22 -71.09
-86.38 -86.38 -86.34 -86.28 -86.25 -86.22 -86.22 -86.19 -86.19 -86.16 -86.16 -86.12 -86.12 -86.09 -86.09 -86.09 -86.06 -86.06 -86.06 -86.06 -86.03 -86.03 -86.03 -86.03 -86.00 -86.00 -86.00 -86.00 -86.00 -85.97 -85.97 -85.97 -85.97 -85.97 -85.72 -85.69 -85.59 -85.50 -85.38 -85.22 -85.06 -84.78 -84.41 -83.97 -83.69 -83.31 -82.88 -82.47 -82.06 -81.69 -81.31 -80.88 -80.34 -79.47 -78.81 -78.31 -77.78 -77.25 -76.88 -76.69 -76.25 -75.59 -75.28 -74.62 -73.88 -73.03 -72.53 -72.34 -72.22 -71.72 -71.22
-86.34 -86.34 -86.31 -86.28 -86.25 -86.22 -86.19 -86.19 -86.16 -86.16 -86.12 -86.12 -86.09 -86.09 -86.09 -86.06 -86.06 -86.06 -86.03 -86.03 -86.03 -86.03 -86.00 -86.00 -86.00 -86.00 -86.00 -85.97 -85.97 -85.97 -85.97 -85.97 -85.97 -85.97 -85.72 -85.66 -85.59 -85.50 -85.31 -85.03 -84.72 -84.41 -84.16 -83.91 -83.53 -83.12 -82.72 -82.34 -82.03 -81.66 -81.25 -80.84 -80.44 -79.88 -79.31 -78.78 -78.28 -77.78 -77.25 -76.78 -75.91 -75.72 -74.78 -74.34 -73.97 -73.66 -73.19 -72.66 -72.00 -71.34 -70.78
-86.31 -86.31 -86.28 -86.25 -86.22 -86.19 -86.19 -86.16 -86.16 -86.12 -86.12 -86.09 -86.09 -86.09 -86.06 -86.06 -86.06 -86.03 -86.03 -86.03 -86.00 -86.00 -86.00 -86.00 -86.00 -85.97 -85.97 -85.97 -85.97 -85.97 -85.97 -85.97 -85.97 -85.75 -85.69 -85.62 -85.56 -85.47 -85.25 -85.00 -84.75 -84.50 -84.25 -83.97 -83.59 -83.19 -82.81 -82.34 -81.97 -81.62 -81.19 -80.69 -80.19 -79.75 -79.28 -78.78 -78.28 -77.78 -77.31 -76.88 -76.34 -75.78 -75.34 -74.69 -74.12 -73.66 -73.19 -72.72 -72.22 -71.75 -71.28
-86.28 -86.28 -86.25 -86.22 -86.22 -86.19 -86.16 -86.16 -86.12 -86.12 -86.09 -86.09 -86.06 -86.06 -86.06 -86.03 -86.03 -86.03 -86.03 -86.00 -86.00 -86.00 -86.00 -86.00 -85.97 -85.97 -85.97 -85.97 -85.97 -85.97 -85.97 -85.97 -85.94 -85.72 -85.69 -85.62 -85.53 -85.41 -85.16 -84.91 -84.62 -84.31 -84.16 -83.78 -83.41 -83.06 -82.69 -82.28 -81.94 -81.56 -80.72 -80.62 -80.25 -79.75 -79.19 -78.66 -78.16 -77.69 -77.19 -76.53 -75.81 -75.28 -74.78 -74.25 -73.88 -73.38 -72.81 -72.38 -72.12 -71.75 -71.25
-86.25 -86.25 -86.22 -86.22 -86.19 -86.16 -86.16 -86.12 -86.12 -86.09 -86.09 -86.06 -86.06 -86.06 -86.03 -86.03 -86.03 -86.00 -86.00 -86.00 -86.00 -86.00 -85.97 -85.97 -85.97 -85.97 -85.97 -85.97 -85.97 -85.97 -85.94 -85.94 -85.94 -85.72 -85.66 -85.59 -85.50 -85.41 -85.19 -84.94 -84.72 -84.44 -84.16 -83.81 -83.44 -83.00 -82.81 -82.25 -81.94 -81.59 -81.06 -80.56 -79.88 -79.09 -78.66 -78.44 -78.19 -77.75 -77.28 -76.78 -76.22 -75.69 -75.16 -74.69 -74.25 -73.62 -73.09 -72.50 -71.84 -71.28 -70.84
-86.22 -86.22 -86.22 -86.19 -86.16 -86.16 -86.12 -86.09 -86.09 -86.09 -86.06 -86.06 -86.06 -86.03 -86.03 -86.03 -86.00 -86.00 -86.00 -86.00 -85.97 -85.97 -85.97 -85.97 -85.97 -85.97 -85.97 -85.97 -85.94 -85.94 -85.94 -85.94 -85.94 -85.72 -85.66 -85.56 -85.50 -85.34 -85.09 -84.84 -84.53 -84.41 -84.06 -83.72 -83.34 -82.97 -82.56 -82.19 -81.81 -81.44 -80.78 -80.53 -80.09 -79.59 -79.06 -78.56 -77.88 -77.28 -76.75 -76.25 -75.78 -75.31 -75.00 -74.69 -74.31 -73.91 -73.28 -72.84 -72.34 -71.88 -71.38
-86.22 -86.22 -86.19 -86.16 -86.16 -86.12 -86.09 -86.09 -86.06 -86.06 -86.06 -86.03 -86.03 -86.03 -86.00 -86.00 -86.00 -86.00 -85.97 -85.97 -85.97 -85.97 -85.97 -85.97 -85.97 -85.97 -85.94 -85.94 -85.94 -85.94 -85.94 -85.94 -85.94 -85.69 -85.62 -85.56 -85.47 -85.31 -85.09 -84.91 -84.62 -84.31 -84.12 -83.69 -83.25 -82.88 -82.50 -82.09 -81.75 -81.38 -80.94 -80.47 -79.97 -79.50 -79.03 -78.59 -78.12 -77.62 -77.22 -76.69 -76.16 -75.66 -75.16 -74.59 -74.16 -73.72 -73.19 -72.62 -72.19 -71.72 -71.16
-86.19 -86.19 -86.16 -86.12 -86.12 -86.09 -86.09 -86.06 -86.06 -86.06 -86.03 -86.03 -86.03 -86.00 -86.00 -86.00 -86.00 -85.97 -85.97 -85.97 -85.97 -85.97 -85.97 -85.94 -85.94 -85.94 -85.94 -85.94 -85.94 -85.94 -85.94 -85.94 -85.72 -85.69 -85.62 -85.56 -85.44 -85.34 -85.09 -84.81 -84.50 -84.38 -84.03 -83.69 -83.28 -82.88 -82.47 -82.03 -81.69 -81.31 -80.94 -80.53 -80.12 -79.66 -79.06 -78.47 -77.97 -77.56 -77.09 -76.62 -76.09 -75.69 -75.25 -74.78 -74.28 -73.88 -73.50 -73.06 -72.53 -72.06 -71.62
-86.16 -86.16 -86.12 -86.12 -86.09 -86.09 -86.06 -86.06 -86.03 -86.03 -86.03 -86.00 -86.00 -86.00 -86.00 -85.97 -85.97 -85.97 -85.97 -85.97 -85.97 -85.94 -85.94 -85.94 -85.94 -85.94 -85.94 -85.94 -85.94 -85.94 -85.94 -85.94 -85.72 -85.69 -85.62 -85.53 -85.44 -85.25 -85.03 -84.78 -84.47 -84.31 -83.91 -83.53 -83.12 -82.72 -82.19 -81.88 -81.59 -81.19 -80.62 -80.19 -79.56 -79.03 -78.50 -78.06 -77.94 -77.56 -77.16 -76.78 -76.22 -75.66 -75.09 -74.53 -74.19 -73.84 -73.41 -72.97 -72.53 -72.09 -71.56
-86.12 -86.12 -86.12 -86.09 -86.09 -86.06 -86.06 -86.03 -86.03 -86.03 -86.00 -86.00 -86.00 -85.97 -85.97 -85.97 -85.97 -85.97 -85.97 -85.94 -85.94 -85.94 -85.94 -85.94 -85.94 -85.94 -85.94 -85.94 -85.94 -85.94 -85.94 -85.94 -85.72 -85.66 -85.59 -85.53 -85.38 -85.16 -84.91 -84.66 -84.38 -84.19 -83.78 -83.38 -83.03 -82.69 -82.28 -81.88 -81.53 -81.19 -80.44 -80.09 -79.84 -79.38 -78.81 -78.34 -77.66 -77.19 -76.69 -76.28 -75.66 -75.19 -75.19 -74.81 -74.31 -73.91 -73.56 -73.16 -72.75 -72.19 -71.66
-86.09 -86.12 -86.09 -86.06 -86.06 -86.03 -86.03 -86.03 -86.00 -86.00 -86.00 -86.00 -85.97 -85.97 -85.97 -85.97 -85.97 -85.94 -85.94 -85.94 -85.94 -85.94 -85.94 -85.94 -85.94 -85.94 -85.94 -85.94 -85.94 -85.94 -85.94 -85.94 -85.69 -85.66 -85.59 -85.50 -85.38 -85.16 -84.94 -84.72 -84.44 -84.12 -83.78 -83.38 -83.03 -82.59 -82.19 -81.81 -81.50 -81.16 -80.72 -80.16 -79.69 -78.97 -78.56 -78.38 -77.97 -77.47 -77.06 -76.69 -76.25 -75.78 -75.31 -74.69 -74.16 -73.72 -73.28 -72.75 -72.12 -71.56 -71.06
-86.09 -86.09 -86.06 -86.06 -86.03 -86.03 -86.03 -86.00 -86.00 -86.00 -85.97 -85.97 -85.97 -85.97 -85.94 -85.94 -85.94 -85.94 -85.94 -85.94 -85.94 -85.94 -85.94 -85.94 -85.94 -85.94 -85.94 -85.94 -85.94 -85.94 -85.91 -85.91 -85.69 -85.66 -85.56 -85.50 -85.28 -85.06 -84.84 -84.56 -84.47 -84.06 -83.69 -83.28 -82.91 -82.50 -82.12 -81.72 -81.34 -80.91 -80.38 -79.97 -79.59 -79.12 -78.62 -78.03 -77.56 -77.28 -77.09 -76.72 -76.25 -75.84 -75.47 -75.03 -74.53 -73.97 -73.50 -73.06 -72.62 -72.12 -71.59
-86.06 -86.06 -86.06 -86.03 -86.03 -86.00 -86.00 -86.00 -85.97 -85.97 -85.97 -85.97 -85.94 -85.94 -85.94 -85.94 -85.94 -85.94 -85.94 -85.94 -85.94 -85.94 -85.94 -85.91 -85.91 -85.91 -85.91 -85.91 -85.91 -85.91 -85.91 -85.91 -85.69 -85.62 -85.56 -85.47 -85.34 -85.09 -84.81 -84.69 -84.31 -83.91 -83.56 -83.22 -82.81 -82.44 -82.03 -81.66 -81.38 -80.88 -80.50 -80.09 -79.66 -79.22 -78.84 -78.38 -77.94 -77.56 -77.12 -76.53 -76.09 -75.78 -75.28 -74.62 -73.94 -73.38 -73.00 -72.59 -72.03 -71.41 -70.81
-86.06 -86.06 -86.03 -86.03 -86.00 -86.00 -85.97 -85.97 -85.97 -85.97 -85.94 -85.94 -85.94 -85.94 -85.94 -85.94 -85.94 -85.94 -85.91 -85.91 -85.91 -85.91 -85.91 -85.91 -85.91 -85.91 -85.91 -85.91 -85.91 -85.91 -85.91 -85.91 -85.69 -85.62 -85.56 -85.47 -85.25 -85.03 -84.84 -84.56 -84.25 -84.06 -83.56 -83.12 -82.72 -82.34 -81.97 -81.56 -81.19 -80.78 -80.38 -79.94 -79.53 -79.16 -78.75 -78.34 -77.97 -77.59 -77.19 -76.81 -76.31 -75.75 -75.22 -74.69 -74.28 -73.75 -73.19 -72.59 -72.16 -71.91 -71.53
