arlandasctiles/Tile1,0.asc
ncols 128
nrows 128
xllcorner 0
yllcorner 0
cellsize 2.0
NODATA_value  -9999
[rows 0 to 28 of 128, columns 0 to 66 of 128]
-140.69 -140.69 -140.69 -140.69 -140.69 -140.72 -140.72 -140.72 -140.72 -140.72 -140.75 -140.75 -140.75 -140.75 -140.75 -140.75 -140.75 -140.75 -140.75 -140.75 -140.75 -140.75 -140.75 -140.72 -140.72 -140.72 -140.69 -140.69 -140.69 -140.66 -140.66 -140.66 -140.62 -140.62 -140.62 -140.59 -140.59 -140.59 -140.56 -140.56 -140.56 -140.56 -140.56 -140.53 -140.34 -140.31 -140.31 -140.28 -140.28 -140.25 -140.25 -140.22 -140.19 -140.16 -140.12 -139.97 -139.84 -139.69 -139.50 -139.31 -139.06 -139.00 -138.72 -138.41 -138.16 -137.88 -137.62
-140.72 -140.72 -140.75 -140.75 -140.75 -140.75 -140.75 -140.75 -140.78 -140.78 -140.78 -140.78 -140.78 -140.78 -140.81 -140.81 -140.81 -140.81 -140.81 -140.78 -140.78 -140.78 -140.78 -140.75 -140.75 -140.72 -140.72 -140.72 -140.69 -140.69 -140.69 -140.66 -140.66 -140.62 -140.62 -140.62 -140.59 -140.59 -140.59 -140.59 -140.56 -140.56 -140.56 -140.56 -140.56 -140.56 -140.56 -140.34 -140.34 -140.31 -140.31 -140.28 -140.25 -140.22 -140.16 -140.06 -139.91 -139.75 -139.56 -139.38 -139.34 -139.06 -138.78 -138.50 -138.25 -137.97 -137.66
-140.78 -140.78 -140.78 -140.78 -140.78 -140.81 -140.81 -140.81 -140.81 -140.81 -140.81 -140.81 -140.84 -140.84 -140.84 -140.84 -140.84 -140.84 -140.81 -140.81 -140.81 -140.81 -140.78 -140.78 -140.75 -140.75 -140.75 -140.72 -140.72 -140.69 -140.69 -140.69 -140.66 -140.66 -140.66 -140.62 -140.62 -140.62 -140.59 -140.59 -140.59 -140.59 -140.59 -140.56 -140.56 -140.56 -140.56 -140.56 -140.56 -140.38 -140.34 -140.31 -140.28 -140.25 -140.22 -140.16 -140.00 -139.84 -139.66 -139.47 -139.41 -139.12 -138.88 -138.59 -138.34 -138.03 -137.75
-140.81 -140.81 -140.84 -140.84 -140.84 -140.84 -140.84 -140.84 -140.84 -140.84 -140.88 -140.88 -140.88 -140.88 -140.88 -140.88 -140.88 -140.84 -140.84 -140.84 -140.81 -140.81 -140.81 -140.78 -140.78 -140.78 -140.75 -140.75 -140.72 -140.72 -140.72 -140.69 -140.69 -140.69 -140.66 -140.66 -140.66 -140.62 -140.62 -140.62 -140.62 -140.59 -140.59 -140.59 -140.59 -140.59 -140.59 -140.59 -140.59 -140.59 -140.59 -140.38 -140.34 -140.31 -140.25 -140.25 -140.09 -139.91 -139.75 -139.53 -139.47 -139.22 -138.94 -138.69 -138.38 -138.12 -137.91
-140.88 -140.88 -140.88 -140.88 -140.88 -140.88 -140.88 -140.91 -140.91 -140.91 -140.91 -140.91 -140.91 -140.91 -140.91 -140.88 -140.88 -140.88 -140.88 -140.84 -140.84 -140.84 -140.81 -140.81 -140.78 -140.78 -140.78 -140.75 -140.75 -140.75 -140.72 -140.72 -140.69 -140.69 -140.69 -140.66 -140.66 -140.66 -140.66 -140.62 -140.62 -140.62 -140.62 -140.62 -140.62 -140.59 -140.59 -140.59 -140.59 -140.59 -140.59 -140.41 -140.38 -140.34 -140.28 -140.25 -140.16 -140.00 -139.81 -139.62 -139.59 -139.31 -139.06 -138.81 -138.56 -138.28 -138.06
-140.91 -140.91 -140.91 -140.91 -140.94 -140.94 -140.94 -140.94 -140.94 -140.94 -140.94 -140.94 -140.94 -140.91 -140.91 -140.91 -140.91 -140.88 -140.88 -140.88 -140.84 -140.84 -140.84 -140.81 -140.81 -140.81 -140.78 -140.78 -140.75 -140.75 -140.75 -140.72 -140.72 -140.72 -140.69 -140.69 -140.69 -140.66 -140.66 -140.66 -140.66 -140.66 -140.62 -140.62 -140.62 -140.62 -140.62 -140.62 -140.62 -140.62 -140.62 -140.62 -140.41 -140.38 -140.34 -140.28 -140.22 -140.06 -139.91 -139.72 -139.66 -139.41 -139.16 -138.91 -138.59 -138.31 -138.16
-140.94 -140.97 -140.97 -140.97 -140.97 -140.97 -140.97 -140.97 -140.97 -140.97 -140.97 -140.94 -140.94 -140.94 -140.94 -140.94 -140.91 -140.91 -140.91 -140.88 -140.88 -140.88 -140.84 -140.84 -140.81 -140.81 -140.81 -140.78 -140.78 -140.78 -140.75 -140.75 -140.75 -140.72 -140.72 -140.72 -140.69 -140.69 -140.69 -140.69 -140.66 -140.66 -140.66 -140.66 -140.66 -140.66 -140.66 -140.66 -140.62 -140.62 -140.66 -140.66 -140.44 -140.41 -140.38 -140.31 -140.28 -140.12 -139.97 -139.78 -139.75 -139.50 -139.22 -138.94 -138.66 -138.44 -138.31
-141.00 -141.00 -141.00 -141.00 -141.00 -141.00 -141.00 -141.00 -141.00 -141.00 -140.97 -140.97 -140.97 -140.97 -140.94 -140.94 -140.94 -140.94 -140.91 -140.91 -140.91 -140.88 -140.88 -140.84 -140.84 -140.84 -140.81 -140.81 -140.81 -140.78 -140.78 -140.78 -140.75 -140.75 -140.75 -140.72 -140.72 -140.72 -140.69 -140.69 -140.69 -140.69 -140.69 -140.66 -140.66 -140.66 -140.66 -140.66 -140.66 -140.66 -140.66 -140.66 -140.66 -140.44 -140.41 -140.34 -140.34 -140.19 -140.03 -139.88 -139.84 -139.56 -139.34 -139.03 -138.78 -138.59 -138.44
-141.03 -141.03 -141.03 -141.03 -141.03 -141.03 -141.03 -141.03 -141.03 -141.00 -141.00 -141.00 -141.00 -140.97 -140.97 -140.97 -140.94 -140.94 -140.94 -140.91 -140.91 -140.91 -140.88 -140.88 -140.88 -140.84 -140.84 -140.84 -140.81 -140.81 -140.78 -140.78 -140.78 -140.75 -140.75 -140.75 -140.75 -140.72 -140.72 -140.72 -140.72 -140.69 -140.69 -140.69 -140.69 -140.69 -140.69 -140.69 -140.69 -140.69 -140.69 -140.69 -140.69 -140.47 -140.44 -140.41 -140.34 -140.25 -140.09 -139.94 -139.91 -139.66 -139.41 -139.12 -138.91 -138.75 -138.59
-141.06 -141.06 -141.06 -141.06 -141.06 -141.06 -141.06 -141.06 -141.03 -141.03 -141.03 -141.03 -141.00 -141.00 -141.00 -140.97 -140.97 -140.97 -140.94 -140.94 -140.94 -140.91 -140.91 -140.91 -140.88 -140.88 -140.84 -140.84 -140.84 -140.81 -140.81 -140.81 -140.78 -140.78 -140.78 -140.75 -140.75 -140.75 -140.75 -140.72 -140.72 -140.72 -140.72 -140.72 -140.72 -140.69 -140.69 -140.69 -140.69 -140.69 -140.69 -140.69 -140.72 -140.50 -140.47 -140.44 -140.38 -140.31 -140.16 -140.00 -140.00 -139.75 -139.50 -139.25 -139.06 -138.91 -138.72
-141.12 -141.09 -141.09 -141.09 -141.09 -141.09 -141.09 -141.06 -141.06 -141.06 -141.06 -141.03 -141.03 -141.03 -141.00 -141.00 -141.00 -140.97 -140.97 -140.97 -140.94 -140.94 -140.94 -140.91 -140.91 -140.88 -140.88 -140.88 -140.84 -140.84 -140.84 -140.81 -140.81 -140.81 -140.78 -140.78 -140.78 -140.78 -140.75 -140.75 -140.75 -140.75 -140.75 -140.72 -140.72 -140.72 -140.72 -140.72 -140.72 -140.72 -140.72 -140.72 -140.72 -140.72 -140.50 -140.47 -140.41 -140.41 -140.25 -140.09 -140.09 -139.84 -139.59 -139.41 -139.22 -139.03 -138.88
-141.16 -141.12 -141.12 -141.12 -141.12 -141.12 -141.09 -141.09 -141.09 -141.09 -141.06 -141.06 -141.06 -141.03 -141.03 -141.03 -141.00 -141.00 -141.00 -140.97 -140.97 -140.97 -140.94 -140.94 -140.91 -140.91 -140.91 -140.88 -140.88 -140.88 -140.84 -140.84 -140.84 -140.81 -140.81 -140.81 -140.81 -140.78 -140.78 -140.78 -140.78 -140.75 -140.75 -140.75 -140.75 -140.75 -140.75 -140.75 -140.75 -140.75 -140.75 -140.75 -140.75 -140.75 -140.53 -140.50 -140.47 -140.41 -140.31 -140.16 -140.19 -139.94 -139.72 -139.53 -139.34 -139.19 -139.03
-141.16 -141.16 -141.16 -141.16 -141.16 -141.12 -141.12 -141.12 -141.12 -141.09 -141.09 -141.09 -141.06 -141.06 -141.06 -141.03 -141.03 -141.03 -141.00 -141.00 -141.00 -140.97 -140.97 -140.94 -140.94 -140.94 -140.91 -140.91 -140.91 -140.88 -140.88 -140.88 -140.84 -140.84 -140.84 -140.81 -140.81 -140.81 -140.81 -140.81 -140.78 -140.78 -140.78 -140.78 -140.78 -140.78 -140.75 -140.75 -140.75 -140.75 -140.75 -140.75 -140.75 -140.78 -140.56 -140.53 -140.50 -140.44 -140.38 -140.25 -140.09 -140.09 -139.88 -139.69 -139.50 -139.34 -139.22
-141.19 -141.19 -141.19 -141.19 -141.16 -141.16 -141.16 -141.16 -141.12 -141.12 -141.12 -141.09 -141.09 -141.09 -141.06 -141.06 -141.06 -141.03 -141.03 -141.03 -141.00 -141.00 -141.00 -140.97 -140.97 -140.94 -140.94 -140.94 -140.91 -140.91 -140.91 -140.88 -140.88 -140.88 -140.84 -140.84 -140.84 -140.84 -140.81 -140.81 -140.81 -140.81 -140.81 -140.78 -140.78 -140.78 -140.78 -140.78 -140.78 -140.78 -140.78 -140.78 -140.78 -140.78 -140.78 -140.56 -140.53 -140.47 -140.50 -140.31 -140.19 -140.03 -140.03 -139.84 -139.69 -139.53 -139.41
-141.22 -141.22 -141.22 -141.19 -141.19 -141.19 -141.19 -141.16 -141.16 -141.16 -141.16 -141.12 -141.12 -141.12 -141.09 -141.09 -141.06 -141.06 -141.06 -141.03 -141.03 -141.03 -141.00 -141.00 -140.97 -140.97 -140.97 -140.94 -140.94 -140.94 -140.91 -140.91 -140.91 -140.91 -140.88 -140.88 -140.88 -140.84 -140.84 -140.84 -140.84 -140.84 -140.81 -140.81 -140.81 -140.81 -140.81 -140.81 -140.81 -140.81 -140.81 -140.81 -140.81 -140.81 -140.81 -140.59 -140.56 -140.50 -140.44 -140.41 -140.28 -140.12 -140.00 -140.03 -139.88 -139.75 -139.62
-141.25 -141.25 -141.25 -141.22 -141.22 -141.22 -141.19 -141.19 -141.19 -141.19 -141.16 -141.16 -141.16 -141.12 -141.12 -141.12 -141.09 -141.09 -141.06 -141.06 -141.06 -141.03 -141.03 -141.03 -141.00 -141.00 -140.97 -140.97 -140.97 -140.94 -140.94 -140.94 -140.94 -140.91 -140.91 -140.91 -140.88 -140.88 -140.88 -140.88 -140.84 -140.84 -140.84 -140.84 -140.84 -140.84 -140.81 -140.81 -140.81 -140.81 -140.81 -140.81 -140.81 -140.81 -140.81 -140.81 -140.56 -140.53 -140.50 -140.44 -140.38 -140.25 -140.09 -139.97 -139.84 -139.72 -139.59
-141.28 -141.28 -141.25 -141.25 -141.25 -141.25 -141.22 -141.22 -141.22 -141.19 -141.19 -141.19 -141.16 -141.16 -141.16 -141.12 -141.12 -141.09 -141.09 -141.09 -141.06 -141.06 -141.06 -141.03 -141.03 -141.03 -141.00 -141.00 -141.00 -140.97 -140.97 -140.97 -140.94 -140.94 -140.94 -140.91 -140.91 -140.91 -140.91 -140.88 -140.88 -140.88 -140.88 -140.88 -140.84 -140.84 -140.84 -140.84 -140.84 -140.84 -140.84 -140.81 -140.81 -140.81 -140.81 -140.81 -140.59 -140.56 -140.50 -140.47 -140.41 -140.34 -140.22 -140.12 -140.00 -139.91 -139.78
-141.31 -141.31 -141.28 -141.28 -141.28 -141.25 -141.25 -141.25 -141.22 -141.22 -141.22 -141.19 -141.19 -141.19 -141.16 -141.16 -141.16 -141.12 -141.12 -141.09 -141.09 -141.09 -141.06 -141.06 -141.06 -141.03 -141.03 -141.03 -141.00 -141.00 -141.00 -140.97 -140.97 -140.97 -140.94 -140.94 -140.94 -140.94 -140.91 -140.91 -140.91 -140.91 -140.88 -140.88 -140.88 -140.88 -140.88 -140.84 -140.84 -140.84 -140.84 -140.84 -140.81 -140.81 -140.81 -140.81 -140.81 -140.59 -140.53 -140.50 -140.44 -140.41 -140.38 -140.28 -140.16 -140.06 -139.94
-141.34 -141.31 -141.31 -141.31 -141.31 -141.28 -141.28 -141.28 -141.25 -141.25 -141.25 -141.22 -141.22 -141.19 -141.19 -141.19 -141.16 -141.16 -141.16 -141.12 -141.12 -141.12 -141.09 -141.09 -141.06 -141.06 -141.06 -141.03 -141.03 -141.03 -141.00 -141.00 -141.00 -141.00 -140.97 -140.97 -140.97 -140.94 -140.94 -140.94 -140.94 -140.91 -140.91 -140.91 -140.91 -140.88 -140.88 -140.88 -140.88 -140.84 -140.84 -140.84 -140.84 -140.84 -140.81 -140.81 -140.81 -140.59 -140.56 -140.53 -140.50 -140.47 -140.41 -140.41 -140.31 -140.19 -140.09
-141.38 -141.34 -141.34 -141.34 -141.31 -141.31 -141.31 -141.28 -141.28 -141.28 -141.25 -141.25 -141.25 -141.22 -141.22 -141.19 -141.19 -141.19 -141.16 -141.16 -141.16 -141.12 -141.12 -141.12 -141.09 -141.09 -141.09 -141.06 -141.06 -141.06 -141.03 -141.03 -141.03 -141.00 -141.00 -141.00 -140.97 -140.97 -140.97 -140.97 -140.94 -140.94 -140.94 -140.91 -140.91 -140.91 -140.88 -140.88 -140.88 -140.88 -140.84 -140.84 -140.84 -140.84 -140.84 -140.81 -140.81 -140.81 -140.59 -140.56 -140.53 -140.50 -140.47 -140.44 -140.38 -140.34 -140.22
-141.38 -141.38 -141.38 -141.38 -141.34 -141.34 -141.34 -141.31 -141.31 -141.31 -141.28 -141.28 -141.25 -141.25 -141.25 -141.22 -141.22 -141.22 -141.19 -141.19 -141.16 -141.16 -141.16 -141.12 -141.12 -141.12 -141.09 -141.09 -141.09 -141.06 -141.06 -141.06 -141.03 -141.03 -141.03 -141.00 -141.00 -141.00 -140.97 -140.97 -140.97 -140.94 -140.94 -140.94 -140.91 -140.91 -140.91 -140.88 -140.88 -140.88 -140.88 -140.84 -140.84 -140.84 -140.84 -140.84 -140.81 -140.81 -140.81 -140.59 -140.56 -140.53 -140.50 -140.47 -140.44 -140.47 -140.34
-141.41 -141.41 -141.41 -141.38 -141.38 -141.38 -141.34 -141.34 -141.34 -141.31 -141.31 -141.31 -141.28 -141.28 -141.25 -141.25 -141.25 -141.22 -141.22 -141.22 -141.19 -141.19 -141.19 -141.16 -141.16 -141.16 -141.12 -141.12 -141.09 -141.09 -141.09 -141.06 -141.06 -141.06 -141.03 -141.03 -141.03 -141.00 -141.00 -141.00 -140.97 -140.97 -140.94 -140.94 -140.94 -140.91 -140.91 -140.91 -140.88 -140.88 -140.88 -140.88 -140.84 -140.84 -140.84 -140.84 -140.84 -140.81 -140.81 -140.81 -140.59 -140.56 -140.53 -140.53 -140.50 -140.44 -140.41
-141.44 -141.44 -141.44 -141.41 -141.41 -141.41 -141.38 -141.38 -141.38 -141.34 -141.34 -141.31 -141.31 -141.31 -141.28 -141.28 -141.28 -141.25 -141.25 -141.22 -141.22 -141.22 -141.19 -141.19 -141.19 -141.16 -141.16 -141.16 -141.12 -141.12 -141.12 -141.09 -141.09 -141.06 -141.06 -141.06 -141.03 -141.03 -141.00 -141.00 -141.00 -140.97 -140.97 -140.94 -140.94 -140.94 -140.91 -140.91 -140.91 -140.88 -140.88 -140.88 -140.88 -140.84 -140.84 -140.84 -140.84 -140.81 -140.81 -140.81 -140.81 -140.81 -140.56 -140.56 -140.53 -140.50 -140.47
-141.47 -141.47 -141.44 -141.44 -141.44 -141.44 -141.41 -141.41 -141.38 -141.38 -141.38 -141.34 -141.34 -141.31 -141.31 -141.31 -141.28 -141.28 -141.28 -141.25 -141.25 -141.25 -141.22 -141.22 -141.19 -141.19 -141.19 -141.16 -141.16 -141.16 -141.12 -141.12 -141.09 -141.09 -141.06 -141.06 -141.06 -141.03 -141.03 -141.00 -141.00 -140.97 -140.97 -140.97 -140.94 -140.94 -140.94 -140.91 -140.91 -140.91 -140.91 -140.88 -140.88 -140.88 -140.84 -140.84 -140.84 -140.84 -140.81 -140.81 -140.81 -140.78 -140.78 -140.56 -140.56 -140.53 -140.50
-141.50 -141.50 -141.47 -141.47 -141.47 -141.44 -141.44 -141.44 -141.41 -141.41 -141.41 -141.38 -141.38 -141.34 -141.34 -141.34 -141.31 -141.31 -141.28 -141.28 -141.28 -141.25 -141.25 -141.25 -141.22 -141.22 -141.19 -141.19 -141.19 -141.16 -141.16 -141.12 -141.12 -141.09 -141.09 -141.06 -141.06 -141.06 -141.03 -141.03 -141.00 -141.00 -140.97 -140.97 -140.97 -140.94 -140.94 -140.94 -140.91 -140.91 -140.91 -140.88 -140.88 -140.88 -140.88 -140.84 -140.84 -140.84 -140.81 -140.81 -140.81 -140.78 -140.78 -140.78 -140.78 -140.56 -140.53
-141.53 -141.53 -141.50 -141.50 -141.50 -141.47 -141.47 -141.47 -141.44 -141.44 -141.41 -141.41 -141.41 -141.38 -141.38 -141.34 -141.34 -141.34 -141.31 -141.31 -141.31 -141.28 -141.28 -141.25 -141.25 -141.25 -141.22 -141.22 -141.19 -141.19 -141.16 -141.16 -141.12 -141.12 -141.09 -141.09 -141.06 -141.06 -141.03 -141.03 -141.03 -141.00 -141.00 -140.97 -140.97 -140.97 -140.94 -140.94 -140.94 -140.91 -140.91 -140.91 -140.88 -140.88 -140.88 -140.84 -140.84 -140.84 -140.81 -140.81 -140.81 -140.78 -140.78 -140.78 -140.75 -140.75 -140.75
-141.56 -141.56 -141.53 -141.53 -141.53 -141.50 -141.50 -141.47 -141.47 -141.47 -141.44 -141.44 -141.41 -141.41 -141.41 -141.38 -141.38 -141.34 -141.34 -141.34 -141.31 -141.31 -141.28 -141.28 -141.28 -141.25 -141.25 -141.22 -141.22 -141.19 -141.19 -141.16 -141.16 -141.12 -141.12 -141.09 -141.09 -141.06 -141.06 -141.03 -141.03 -141.03 -141.00 -141.00 -140.97 -140.97 -140.97 -140.94 -140.94 -140.94 -140.91 -140.91 -140.91 -140.88 -140.88 -140.88 -140.84 -140.84 -140.81 -140.81 -140.81 -140.78 -140.78 -140.78 -140.75 -140.75 -140.75
-141.59 -141.56 -141.56 -141.56 -141.53 -141.53 -141.53 -141.50 -141.50 -141.47 -141.47 -141.47 -141.44 -141.44 -141.44 -141.41 -141.41 -141.38 -141.38 -141.38 -141.34 -141.34 -141.31 -141.31 -141.28 -141.28 -141.25 -141.25 -141.22 -141.22 -141.19 -141.19 -141.16 -141.16 -141.12 -141.12 -141.09 -141.09 -141.06 -141.06 -141.03 -141.03 -141.03 -141.00 -141.00 -140.97 -140.97 -140.97 -140.94 -140.94 -140.94 -140.91 -140.91 -140.91 -140.88 -140.88 -140.84 -140.84 -140.81 -140.81 -140.81 -140.78 -140.78 -140.78 -140.75 -140.75 -140.75
-141.62 -141.59 -141.59 -141.59 -141.56 -141.56 -141.56 -141.53 -141.53 -141.50 -141.50 -141.50 -141.47 -141.47 -141.44 -141.44 -141.44 -141.41 -141.41 -141.38 -141.38 -141.34 -141.34 -141.31 -141.31 -141.28 -141.28 -141.25 -141.25 -141.22 -141.22 -141.19 -141.19 -141.16 -141.16 -141.12 -141.12 -141.09 -141.09 -141.06 -141.06 -141.03 -141.03 -141.03 -141.00 -141.00 -140.97 -140.97 -140.97 -140.94 -140.94 -140.94 -140.91 -140.91 -140.88 -140.88 -140.84 -140.84 -140.81 -140.81 -140.81 -140.78 -140.78 -140.78 -140.75 -140.75 -140.75
