arlandasctiles/Tile3,12.asc
ncols 128
nrows 128
xllcorner 0
yllcorner 0
cellsize 2.0
NODATA_value  -9999
[rows 34 to 67 of 128, columns 0 to 76 of 128]
-12.00 -11.78 -11.53 -11.38 -11.34 -11.25 -11.41 -11.44 -10.94 -10.62 -11.06 -10.97 -10.91 -10.75 -10.53 -10.16 -9.94 -9.97 -9.88 -9.72 -9.47 -9.16 -8.75 -8.62 -8.62 -8.56 -8.38 -8.16 -8.25 -8.22 -8.22 -8.19 -8.22 -8.19 -8.19 -8.16 -8.16 -8.16 -8.12 -8.12 -8.12 -8.12 -8.09 -8.09 -8.06 -8.03 -8.00 -8.00 -7.97 -7.91 -7.88 -7.84 -7.81 -7.78 -7.75 -7.72 -7.69 -7.66 -7.62 -7.59 -7.56 -7.53 -7.50 -7.47 -7.44 -7.41 -7.38 -7.31 -7.28 -7.25 -7.22 -7.19 -7.16 -7.12 -7.09 -7.06 -7.03
-11.88 -11.62 -11.44 -11.31 -11.22 -11.09 -10.97 -11.03 -11.22 -10.91 -10.69 -10.88 -10.81 -10.75 -10.47 -10.19 -9.84 -9.66 -9.56 -9.25 -9.03 -8.94 -8.84 -8.59 -8.44 -8.38 -8.34 -8.28 -8.25 -8.19 -8.16 -8.22 -8.16 -8.16 -8.12 -8.12 -8.12 -8.12 -8.09 -8.09 -8.09 -8.09 -8.09 -8.06 -8.06 -8.03 -8.00 -7.97 -7.94 -7.91 -7.88 -7.84 -7.81 -7.78 -7.75 -7.72 -7.69 -7.66 -7.62 -7.59 -7.56 -7.53 -7.50 -7.44 -7.41 -7.38 -7.34 -7.31 -7.28 -7.25 -7.22 -7.19 -7.16 -7.12 -7.06 -7.03 -7.00
-12.53 -12.62 -12.28 -12.03 -11.22 -11.00 -10.88 -10.91 -10.91 -10.88 -10.84 -10.88 -10.72 -10.66 -10.56 -10.44 -10.06 -9.72 -9.53 -9.31 -9.16 -9.00 -8.88 -8.75 -8.59 -8.41 -8.38 -8.34 -8.34 -8.19 -8.16 -8.12 -8.12 -8.09 -8.09 -8.09 -8.09 -8.09 -8.06 -8.06 -8.06 -8.06 -8.03 -8.03 -8.03 -8.00 -7.97 -7.97 -7.94 -7.88 -7.88 -7.84 -7.81 -7.78 -7.75 -7.72 -7.69 -7.66 -7.62 -7.56 -7.53 -7.50 -7.47 -7.44 -7.41 -7.38 -7.34 -7.31 -7.25 -7.22 -7.19 -7.16 -7.12 -7.09 -7.06 -7.03 -7.00
-11.69 -11.56 -11.50 -11.44 -11.72 -11.56 -10.88 -10.72 -10.59 -10.66 -10.56 -10.81 -10.34 -10.56 -10.50 -10.16 -10.19 -10.06 -9.91 -9.69 -9.53 -9.22 -9.06 -8.94 -8.66 -8.53 -8.47 -8.47 -8.47 -8.34 -8.19 -8.12 -8.12 -8.09 -8.06 -8.06 -8.06 -8.03 -8.03 -8.00 -8.00 -8.00 -8.00 -8.00 -7.97 -7.97 -7.94 -7.94 -7.91 -7.88 -7.84 -7.81 -7.78 -7.75 -7.72 -7.69 -7.66 -7.62 -7.59 -7.56 -7.53 -7.50 -7.47 -7.44 -7.38 -7.34 -7.31 -7.28 -7.25 -7.22 -7.19 -7.16 -7.12 -7.06 -7.03 -7.00 -6.97
-11.78 -11.44 -11.28 -11.06 -11.06 -10.88 -11.31 -11.03 -10.84 -10.44 -10.38 -10.50 -10.31 -10.16 -10.38 -10.25 -9.75 -9.50 -9.16 -9.09 -9.06 -8.91 -8.84 -8.84 -8.75 -8.78 -8.69 -8.44 -8.31 -8.31 -8.25 -8.22 -8.09 -8.06 -8.06 -8.03 -8.00 -8.00 -7.97 -7.97 -7.97 -7.97 -7.97 -7.97 -7.94 -7.94 -7.94 -7.91 -7.91 -7.88 -7.84 -7.81 -7.78 -7.75 -7.72 -7.69 -7.66 -7.62 -7.59 -7.56 -7.53 -7.50 -7.47 -7.41 -7.38 -7.34 -7.31 -7.25 -7.22 -7.19 -7.16 -7.12 -7.09 -7.06 -7.03 -7.00 -6.94
-11.62 -11.50 -11.25 -10.97 -10.84 -10.78 -10.75 -10.66 -10.69 -10.53 -10.16 -10.34 -10.31 -10.16 -10.16 -10.03 -9.84 -9.59 -9.38 -9.19 -9.06 -8.91 -8.75 -8.78 -8.62 -8.56 -8.56 -8.50 -8.38 -8.31 -8.19 -8.16 -8.12 -8.09 -8.03 -8.00 -7.97 -7.97 -7.94 -7.94 -7.91 -7.94 -7.94 -7.94 -7.91 -7.91 -7.91 -7.91 -7.88 -7.84 -7.81 -7.78 -7.75 -7.72 -7.72 -7.69 -7.62 -7.59 -7.56 -7.53 -7.50 -7.47 -7.44 -7.41 -7.38 -7.31 -7.28 -7.25 -7.22 -7.19 -7.16 -7.12 -7.06 -7.03 -7.00 -6.97 -6.94
-11.69 -11.47 -11.25 -11.03 -11.03 -10.91 -10.81 -10.50 -10.53 -10.34 -10.25 -10.12 -10.12 -10.03 -9.88 -9.88 -9.75 -9.69 -9.38 -9.16 -8.91 -8.66 -8.72 -8.69 -8.59 -8.53 -8.50 -8.44 -8.38 -8.28 -8.22 -8.16 -8.16 -8.03 -8.09 -7.97 -7.97 -7.94 -7.94 -7.94 -7.94 -7.91 -7.91 -7.91 -7.88 -7.91 -7.91 -7.88 -7.88 -7.84 -7.81 -7.78 -7.75 -7.72 -7.69 -7.66 -7.62 -7.59 -7.56 -7.53 -7.50 -7.47 -7.44 -7.38 -7.34 -7.31 -7.28 -7.25 -7.22 -7.16 -7.12 -7.09 -7.06 -7.03 -7.00 -6.97 -6.91
-11.66 -11.56 -11.44 -11.31 -11.22 -11.09 -10.75 -10.38 -10.22 -10.09 -10.06 -10.12 -9.81 -9.81 -9.59 -9.66 -9.47 -9.50 -9.41 -9.12 -9.00 -8.84 -8.75 -8.66 -8.59 -8.56 -8.50 -8.44 -8.31 -8.31 -8.19 -8.12 -8.09 -8.03 -8.06 -7.94 -7.94 -7.97 -7.94 -7.91 -7.94 -7.91 -7.88 -7.84 -7.88 -7.88 -7.88 -7.84 -7.84 -7.81 -7.78 -7.75 -7.75 -7.72 -7.69 -7.66 -7.62 -7.59 -7.53 -7.50 -7.47 -7.44 -7.41 -7.38 -7.34 -7.31 -7.28 -7.22 -7.19 -7.16 -7.12 -7.09 -7.06 -7.00 -6.97 -6.94 -6.91
-11.62 -11.50 -11.41 -11.44 -11.25 -11.16 -11.00 -10.78 -10.59 -10.44 -10.28 -9.94 -9.94 -9.69 -9.44 -9.47 -9.41 -9.25 -9.25 -9.16 -9.03 -8.88 -8.75 -8.69 -8.59 -8.62 -8.47 -8.44 -8.31 -8.22 -8.22 -8.09 -8.16 -8.00 -7.97 -7.94 -7.94 -7.94 -7.97 -7.94 -7.94 -7.91 -7.88 -7.84 -7.84 -7.84 -7.84 -7.81 -7.81 -7.81 -7.78 -7.75 -7.72 -7.69 -7.66 -7.62 -7.59 -7.56 -7.53 -7.50 -7.47 -7.44 -7.41 -7.38 -7.31 -7.28 -7.25 -7.22 -7.19 -7.16 -7.09 -7.06 -7.03 -7.00 -6.97 -6.94 -6.88
-11.56 -11.47 -11.41 -11.38 -11.31 -11.25 -11.03 -10.75 -10.56 -10.25 -10.00 -9.91 -9.72 -9.59 -9.38 -9.22 -9.19 -9.19 -9.09 -9.00 -8.84 -8.78 -8.75 -8.69 -8.62 -8.56 -8.50 -8.38 -8.31 -8.22 -8.19 -8.09 -8.06 -8.06 -8.00 -7.97 -7.94 -7.97 -7.97 -7.97 -7.94 -7.91 -7.84 -7.81 -7.81 -7.81 -7.81 -7.81 -7.78 -7.78 -7.75 -7.72 -7.72 -7.69 -7.66 -7.62 -7.59 -7.56 -7.53 -7.47 -7.44 -7.41 -7.38 -7.34 -7.31 -7.28 -7.25 -7.22 -7.19 -7.12 -7.09 -7.06 -7.03 -7.00 -6.94 -6.91 -6.88
-11.53 -11.44 -11.38 -11.34 -11.31 -11.16 -11.00 -10.88 -10.78 -10.47 -10.28 -10.12 -9.84 -9.56 -9.19 -9.09 -8.94 -8.94 -9.00 -8.91 -8.88 -8.91 -8.75 -8.69 -8.66 -8.59 -8.44 -8.34 -8.31 -8.22 -8.19 -8.12 -8.09 -8.06 -8.03 -8.00 -8.00 -8.00 -7.97 -7.97 -7.94 -7.88 -7.81 -7.78 -7.78 -7.78 -7.78 -7.78 -7.78 -7.75 -7.75 -7.72 -7.69 -7.66 -7.66 -7.62 -7.56 -7.53 -7.50 -7.47 -7.44 -7.41 -7.38 -7.34 -7.31 -7.25 -7.22 -7.19 -7.16 -7.12 -7.09 -7.06 -7.00 -6.97 -6.94 -6.88 -6.84
-11.50 -11.41 -11.38 -11.34 -11.31 -11.06 -11.06 -10.84 -10.62 -10.50 -10.34 -10.03 -9.88 -9.66 -9.38 -9.22 -9.06 -9.03 -9.03 -8.94 -8.88 -8.84 -8.81 -8.75 -8.59 -8.56 -8.47 -8.31 -8.28 -8.25 -8.16 -8.12 -8.09 -8.06 -8.03 -8.03 -8.00 -8.00 -7.97 -7.94 -7.91 -7.88 -7.81 -7.78 -7.78 -7.75 -7.75 -7.75 -7.75 -7.75 -7.72 -7.72 -7.69 -7.66 -7.62 -7.59 -7.56 -7.53 -7.50 -7.47 -7.44 -7.41 -7.34 -7.31 -7.28 -7.25 -7.22 -7.19 -7.16 -7.12 -7.06 -7.03 -7.00 -6.97 -6.91 -6.88 -6.84
-11.44 -11.38 -11.34 -11.31 -11.28 -11.03 -10.97 -10.91 -10.78 -10.53 -10.50 -10.22 -9.97 -9.78 -9.56 -9.22 -9.19 -9.16 -9.09 -8.97 -8.91 -8.91 -8.75 -8.75 -8.56 -8.50 -8.41 -8.38 -8.31 -8.22 -8.16 -8.12 -8.06 -8.06 -8.06 -8.03 -8.00 -7.97 -7.97 -7.94 -7.88 -7.88 -7.84 -7.78 -7.75 -7.72 -7.75 -7.75 -7.75 -7.72 -7.72 -7.69 -7.69 -7.62 -7.59 -7.56 -7.53 -7.50 -7.47 -7.44 -7.41 -7.38 -7.34 -7.31 -7.28 -7.25 -7.22 -7.16 -7.12 -7.09 -7.06 -7.03 -7.00 -6.94 -6.91 -6.88 -6.81
-11.41 -11.34 -11.31 -11.28 -11.22 -11.19 -10.91 -10.81 -10.78 -10.66 -10.38 -10.19 -9.97 -9.75 -9.56 -9.38 -9.22 -9.12 -9.16 -9.00 -8.94 -8.88 -8.78 -8.66 -8.56 -8.50 -8.44 -8.38 -8.31 -8.22 -8.19 -8.12 -8.09 -8.09 -8.06 -8.06 -8.03 -8.00 -7.97 -7.94 -7.91 -7.88 -7.81 -7.78 -7.75 -7.72 -7.72 -7.72 -7.72 -7.69 -7.69 -7.69 -7.66 -7.62 -7.59 -7.56 -7.53 -7.50 -7.47 -7.44 -7.41 -7.38 -7.34 -7.31 -7.25 -7.22 -7.19 -7.16 -7.12 -7.09 -7.06 -7.00 -6.97 -6.94 -6.91 -6.84 -6.81
-11.38 -11.31 -11.28 -11.22 -11.19 -10.94 -10.88 -10.78 -10.62 -10.59 -10.28 -9.94 -9.66 -9.47 -9.47 -9.31 -9.25 -9.19 -9.09 -9.00 -8.97 -8.91 -8.81 -8.72 -8.59 -8.53 -8.44 -8.38 -8.31 -8.25 -8.22 -8.16 -8.09 -8.09 -8.06 -8.06 -8.03 -8.03 -7.97 -7.94 -7.94 -7.88 -7.81 -7.78 -7.75 -7.75 -7.72 -7.69 -7.66 -7.66 -7.66 -7.66 -7.62 -7.59 -7.56 -7.53 -7.53 -7.50 -7.44 -7.44 -7.38 -7.34 -7.31 -7.28 -7.25 -7.22 -7.19 -7.16 -7.12 -7.09 -7.03 -7.00 -6.97 -6.91 -6.88 -6.81 -6.78
-11.34 -11.28 -11.25 -11.19 -11.16 -10.91 -10.81 -10.72 -10.66 -10.47 -10.34 -10.12 -9.91 -9.72 -9.53 -9.41 -9.31 -9.22 -9.12 -9.03 -9.00 -8.91 -8.84 -8.72 -8.62 -8.53 -8.44 -8.38 -8.34 -8.28 -8.22 -8.16 -8.09 -8.06 -8.06 -8.06 -8.06 -8.03 -8.00 -7.97 -7.91 -7.88 -7.81 -7.75 -7.72 -7.72 -7.69 -7.66 -7.62 -7.62 -7.62 -7.62 -7.59 -7.56 -7.56 -7.53 -7.50 -7.47 -7.44 -7.41 -7.38 -7.34 -7.31 -7.28 -7.25 -7.22 -7.16 -7.12 -7.09 -7.06 -7.03 -6.97 -6.94 -6.91 -6.84 -6.81 -6.78
-11.31 -11.25 -11.19 -11.16 -11.09 -11.03 -10.94 -10.84 -10.72 -10.53 -10.31 -10.12 -9.91 -9.62 -9.44 -9.41 -9.34 -9.25 -9.16 -9.06 -9.00 -8.94 -8.84 -8.72 -8.62 -8.53 -8.47 -8.41 -8.34 -8.28 -8.22 -8.16 -8.12 -8.09 -8.09 -8.06 -8.03 -8.03 -8.00 -7.97 -7.91 -7.88 -7.81 -7.75 -7.72 -7.69 -7.66 -7.62 -7.62 -7.62 -7.62 -7.59 -7.56 -7.56 -7.53 -7.50 -7.50 -7.47 -7.44 -7.41 -7.38 -7.34 -7.31 -7.25 -7.22 -7.19 -7.16 -7.12 -7.09 -7.06 -7.03 -6.97 -6.91 -6.88 -6.84 -6.78 -6.75
-11.28 -11.22 -11.16 -11.09 -11.03 -10.97 -10.88 -10.78 -10.69 -10.53 -10.25 -10.06 -9.88 -9.78 -9.62 -9.50 -9.38 -9.28 -9.19 -9.06 -9.00 -8.94 -8.84 -8.72 -8.62 -8.53 -8.50 -8.44 -8.38 -8.31 -8.25 -8.19 -8.16 -8.12 -8.09 -8.06 -8.06 -8.03 -8.00 -7.97 -7.94 -7.88 -7.81 -7.75 -7.69 -7.66 -7.62 -7.62 -7.59 -7.62 -7.59 -7.59 -7.56 -7.53 -7.53 -7.50 -7.47 -7.44 -7.41 -7.38 -7.34 -7.31 -7.28 -7.25 -7.22 -7.19 -7.16 -7.12 -7.06 -7.03 -7.00 -6.94 -6.91 -6.84 -6.81 -6.78 -6.72
-11.22 -11.16 -11.09 -11.03 -10.97 -10.91 -10.81 -10.72 -10.59 -10.38 -10.22 -10.06 -9.94 -9.78 -9.66 -9.53 -9.41 -9.28 -9.19 -9.09 -9.00 -8.94 -8.84 -8.75 -8.66 -8.56 -8.50 -8.47 -8.38 -8.34 -8.28 -8.25 -8.19 -8.16 -8.12 -8.09 -8.06 -8.03 -8.00 -7.97 -7.91 -7.84 -7.81 -7.75 -7.69 -7.66 -7.59 -7.56 -7.59 -7.56 -7.59 -7.56 -7.53 -7.53 -7.50 -7.47 -7.44 -7.41 -7.38 -7.38 -7.34 -7.31 -7.28 -7.25 -7.22 -7.19 -7.12 -7.09 -7.06 -7.03 -6.97 -6.94 -6.88 -6.84 -6.78 -6.75 -6.69
-11.19 -11.12 -11.06 -11.00 -10.91 -10.84 -10.75 -10.62 -10.47 -10.34 -10.22 -10.06 -9.94 -9.78 -9.66 -9.50 -9.41 -9.28 -9.19 -9.12 -9.03 -8.94 -8.84 -8.75 -8.66 -8.59 -8.53 -8.47 -8.41 -8.34 -8.31 -8.25 -8.22 -8.19 -8.16 -8.09 -8.06 -8.03 -8.00 -7.94 -7.91 -7.84 -7.78 -7.75 -7.66 -7.62 -7.56 -7.53 -7.56 -7.56 -7.53 -7.53 -7.50 -7.50 -7.47 -7.44 -7.44 -7.41 -7.38 -7.34 -7.31 -7.28 -7.25 -7.22 -7.19 -7.16 -7.12 -7.09 -7.06 -7.00 -6.97 -6.91 -6.88 -6.81 -6.75 -6.72 -6.66
-11.16 -11.09 -11.00 -10.94 -10.84 -10.78 -10.69 -10.56 -10.44 -10.31 -10.19 -10.06 -9.94 -9.78 -9.66 -9.53 -9.41 -9.31 -9.22 -9.12 -9.03 -8.94 -8.81 -8.72 -8.66 -8.59 -8.53 -8.50 -8.44 -8.38 -8.34 -8.28 -8.25 -8.19 -8.16 -8.12 -8.06 -8.03 -8.00 -7.94 -7.91 -7.88 -7.78 -7.72 -7.66 -7.59 -7.56 -7.53 -7.53 -7.53 -7.50 -7.50 -7.50 -7.47 -7.44 -7.44 -7.41 -7.38 -7.34 -7.34 -7.31 -7.28 -7.25 -7.22 -7.19 -7.16 -7.12 -7.06 -7.03 -7.00 -6.94 -6.91 -6.84 -6.78 -6.75 -6.69 -6.66
-11.09 -11.03 -10.97 -10.88 -10.81 -10.72 -10.62 -10.50 -10.41 -10.28 -10.16 -10.06 -9.94 -9.81 -9.69 -9.59 -9.50 -9.38 -9.22 -9.12 -9.03 -8.94 -8.84 -8.75 -8.66 -8.59 -8.53 -8.50 -8.47 -8.41 -8.34 -8.28 -8.25 -8.22 -8.19 -8.12 -8.09 -8.03 -8.00 -7.94 -7.91 -7.84 -7.78 -7.75 -7.66 -7.56 -7.53 -7.50 -7.50 -7.50 -7.50 -7.47 -7.47 -7.44 -7.44 -7.41 -7.41 -7.38 -7.34 -7.31 -7.28 -7.25 -7.25 -7.19 -7.16 -7.12 -7.09 -7.06 -7.03 -6.97 -6.94 -6.88 -6.84 -6.78 -6.72 -6.66 -6.62
-11.06 -11.00 -10.91 -10.84 -10.75 -10.66 -10.56 -10.47 -10.38 -10.28 -10.16 -10.03 -9.94 -9.81 -9.69 -9.56 -9.47 -9.34 -9.25 -9.16 -9.03 -8.94 -8.84 -8.78 -8.66 -8.59 -8.53 -8.50 -8.47 -8.44 -8.38 -8.31 -8.28 -8.22 -8.19 -8.16 -8.09 -8.03 -8.00 -7.94 -7.88 -7.84 -7.78 -7.69 -7.62 -7.56 -7.50 -7.47 -7.47 -7.47 -7.47 -7.47 -7.44 -7.41 -7.41 -7.41 -7.38 -7.34 -7.31 -7.28 -7.28 -7.25 -7.22 -7.19 -7.16 -7.12 -7.09 -7.03 -7.00 -6.94 -6.91 -6.84 -6.81 -6.75 -6.69 -6.62 -6.59
-11.03 -10.94 -10.88 -10.78 -10.69 -10.62 -10.53 -10.44 -10.34 -10.25 -10.12 -10.03 -9.91 -9.81 -9.72 -9.62 -9.53 -9.41 -9.28 -9.16 -9.06 -8.94 -8.84 -8.75 -8.69 -8.62 -8.56 -8.53 -8.50 -8.44 -8.38 -8.34 -8.28 -8.22 -8.19 -8.16 -8.09 -8.03 -7.97 -7.94 -7.88 -7.78 -7.72 -7.69 -7.59 -7.53 -7.47 -7.44 -7.44 -7.44 -7.44 -7.41 -7.41 -7.38 -7.38 -7.38 -7.34 -7.31 -7.28 -7.28 -7.25 -7.22 -7.22 -7.19 -7.12 -7.09 -7.06 -7.03 -7.00 -6.94 -6.88 -6.81 -6.75 -6.72 -6.66 -6.59 -6.56
-11.00 -10.91 -10.81 -10.75 -10.66 -10.59 -10.50 -10.41 -10.31 -10.22 -10.12 -10.03 -9.91 -9.84 -9.72 -9.62 -9.50 -9.38 -9.25 -9.16 -9.03 -8.91 -8.84 -8.78 -8.72 -8.62 -8.59 -8.56 -8.50 -8.44 -8.41 -8.34 -8.31 -8.25 -8.19 -8.16 -8.09 -8.00 -7.94 -7.91 -7.81 -7.75 -7.69 -7.62 -7.56 -7.53 -7.47 -7.41 -7.41 -7.38 -7.41 -7.41 -7.38 -7.38 -7.38 -7.34 -7.31 -7.31 -7.28 -7.25 -7.25 -7.22 -7.19 -7.16 -7.12 -7.06 -7.03 -7.00 -6.97 -6.91 -6.88 -6.81 -6.72 -6.69 -6.62 -6.56 -6.53
-10.94 -10.88 -10.78 -10.72 -10.62 -10.56 -10.47 -10.38 -10.28 -10.19 -10.09 -10.00 -9.94 -9.81 -9.72 -9.59 -9.50 -9.38 -9.28 -9.19 -9.06 -8.97 -8.88 -8.78 -8.72 -8.69 -8.62 -8.59 -8.53 -8.47 -8.41 -8.34 -8.28 -8.25 -8.19 -8.12 -8.06 -7.97 -7.91 -7.84 -7.75 -7.72 -7.66 -7.56 -7.53 -7.47 -7.44 -7.38 -7.34 -7.31 -7.34 -7.34 -7.34 -7.34 -7.34 -7.31 -7.31 -7.28 -7.25 -7.22 -7.22 -7.19 -7.16 -7.12 -7.09 -7.06 -7.03 -6.97 -6.91 -6.88 -6.84 -6.75 -6.69 -6.66 -6.59 -6.53 -6.47
-10.91 -10.84 -10.75 -10.69 -10.59 -10.53 -10.44 -10.34 -10.28 -10.19 -10.09 -10.00 -9.94 -9.84 -9.72 -9.62 -9.50 -9.41 -9.31 -9.19 -9.09 -9.00 -8.91 -8.84 -8.78 -8.72 -8.66 -8.59 -8.56 -8.47 -8.41 -8.34 -8.31 -8.25 -8.19 -8.12 -8.06 -7.97 -7.91 -7.81 -7.75 -7.66 -7.59 -7.50 -7.47 -7.44 -7.41 -7.31 -7.28 -7.28 -7.31 -7.34 -7.31 -7.31 -7.31 -7.28 -7.28 -7.25 -7.22 -7.22 -7.19 -7.16 -7.12 -7.09 -7.06 -7.00 -6.97 -6.94 -6.88 -6.81 -6.78 -6.72 -6.66 -6.59 -6.53 -6.47 -6.44
-10.88 -10.81 -10.72 -10.66 -10.56 -10.50 -10.41 -10.31 -10.25 -10.16 -10.09 -10.00 -9.91 -9.81 -9.72 -9.62 -9.50 -9.41 -9.31 -9.22 -9.12 -9.03 -8.94 -8.88 -8.81 -8.75 -8.69 -8.62 -8.56 -8.47 -8.41 -8.34 -8.28 -8.22 -8.19 -8.12 -8.03 -7.97 -7.88 -7.75 -7.69 -7.59 -7.53 -7.44 -7.44 -7.41 -7.31 -7.28 -7.22 -7.19 -7.25 -7.28 -7.28 -7.28 -7.28 -7.25 -7.25 -7.22 -7.22 -7.19 -7.16 -7.12 -7.09 -7.06 -7.00 -6.97 -6.94 -6.91 -6.84 -6.78 -6.72 -6.66 -6.59 -6.53 -6.47 -6.44 -6.38
-10.84 -10.78 -10.69 -10.62 -10.53 -10.47 -10.38 -10.31 -10.22 -10.16 -10.06 -10.00 -9.91 -9.81 -9.72 -9.62 -9.53 -9.44 -9.31 -9.25 -9.16 -9.06 -8.97 -8.91 -8.84 -8.78 -8.69 -8.62 -8.56 -8.50 -8.41 -8.34 -8.28 -8.22 -8.16 -8.12 -8.03 -7.94 -7.88 -7.78 -7.72 -7.56 -7.47 -7.44 -7.41 -7.38 -7.31 -7.22 -7.19 -7.19 -7.19 -7.22 -7.25 -7.28 -7.25 -7.22 -7.22 -7.19 -7.19 -7.16 -7.12 -7.09 -7.06 -7.03 -7.00 -6.94 -6.91 -6.84 -6.78 -6.72 -6.66 -6.59 -6.53 -6.47 -6.41 -6.38 -6.31
-10.84 -10.75 -10.69 -10.59 -10.53 -10.44 -10.38 -10.28 -10.22 -10.12 -10.06 -9.97 -9.91 -9.81 -9.72 -9.62 -9.53 -9.44 -9.34 -9.25 -9.16 -9.09 -9.00 -8.91 -8.84 -8.78 -8.69 -8.62 -8.56 -8.47 -8.41 -8.34 -8.28 -8.22 -8.16 -8.09 -8.03 -7.91 -7.88 -7.78 -7.66 -7.50 -7.44 -7.41 -7.38 -7.31 -7.28 -7.22 -7.16 -7.19 -7.19 -7.19 -7.22 -7.25 -7.22 -7.22 -7.19 -7.16 -7.16 -7.12 -7.09 -7.06 -7.03 -7.00 -6.94 -6.91 -6.81 -6.78 -6.72 -6.69 -6.59 -6.50 -6.44 -6.38 -6.31 -6.28 -6.25
-10.81 -10.72 -10.66 -10.56 -10.50 -10.41 -10.34 -10.28 -10.19 -10.12 -10.03 -9.97 -9.88 -9.81 -9.72 -9.62 -9.53 -9.44 -9.34 -9.28 -9.19 -9.09 -9.00 -8.94 -8.84 -8.78 -8.69 -8.62 -8.53 -8.47 -8.41 -8.34 -8.28 -8.22 -8.12 -8.09 -8.00 -7.94 -7.75 -7.66 -7.59 -7.56 -7.50 -7.38 -7.34 -7.31 -7.25 -7.22 -7.12 -7.16 -7.16 -7.16 -7.19 -7.19 -7.19 -7.19 -7.16 -7.12 -7.12 -7.09 -7.06 -7.00 -7.00 -6.94 -6.88 -6.84 -6.78 -6.72 -6.66 -6.59 -6.53 -6.44 -6.34 -6.28 -6.22 -6.19 -6.19
-10.78 -10.72 -10.62 -10.56 -10.47 -10.41 -10.31 -10.25 -10.16 -10.09 -10.03 -9.94 -9.88 -9.78 -9.69 -9.62 -9.53 -9.44 -9.34 -9.25 -9.19 -9.09 -9.00 -8.94 -8.84 -8.78 -8.69 -8.62 -8.56 -8.47 -8.38 -8.31 -8.25 -8.19 -8.09 -8.03 -7.97 -7.78 -7.78 -7.66 -7.50 -7.47 -7.47 -7.38 -7.31 -7.25 -7.19 -7.19 -7.12 -7.09 -7.09 -7.12 -7.16 -7.16 -7.12 -7.12 -7.09 -7.09 -7.06 -7.03 -7.00 -6.97 -6.91 -6.88 -6.81 -6.78 -6.72 -6.66 -6.59 -6.50 -6.44 -6.38 -6.28 -6.22 -6.12 -6.09 -6.06
-10.75 -10.69 -10.59 -10.53 -10.47 -10.38 -10.31 -10.22 -10.16 -10.06 -10.00 -9.94 -9.84 -9.78 -9.69 -9.59 -9.53 -9.44 -9.34 -9.25 -9.19 -9.09 -9.00 -8.94 -8.84 -8.78 -8.69 -8.62 -8.53 -8.47 -8.41 -8.31 -8.25 -8.16 -8.09 -7.97 -7.81 -7.84 -7.66 -7.59 -7.62 -7.50 -7.34 -7.31 -7.28 -7.22 -7.19 -7.16 -7.12 -7.06 -7.03 -7.09 -7.09 -7.09 -7.06 -7.06 -7.03 -7.00 -7.00 -6.97 -6.91 -6.88 -6.84 -6.81 -6.75 -6.72 -6.62 -6.56 -6.50 -6.44 -6.34 -6.28 -6.19 -6.12 -6.03 -6.03 -5.97
-10.72 -10.66 -10.59 -10.50 -10.44 -10.34 -10.28 -10.19 -10.12 -10.06 -9.97 -9.91 -9.81 -9.75 -9.66 -9.59 -9.50 -9.41 -9.34 -9.25 -9.16 -9.09 -9.00 -8.94 -8.84 -8.75 -8.69 -8.62 -8.53 -8.47 -8.41 -8.31 -8.25 -8.16 -7.94 -8.00 -7.78 -7.81 -7.66 -7.50 -7.47 -7.47 -7.41 -7.34 -7.28 -7.19 -7.19 -7.12 -7.12 -7.03 -7.06 -7.09 -7.06 -7.03 -7.00 -7.00 -6.97 -6.94 -6.91 -6.91 -6.81 -6.81 -6.78 -6.72 -6.69 -6.59 -6.53 -6.47 -6.41 -6.31 -6.25 -6.09 -6.09 -5.91 -5.94 -5.81 -5.78
