arlandasctiles/Tile5,7.asc
ncols 128
nrows 128
xllcorner 0
yllcorner 0
cellsize 2.0
NODATA_value  -9999
[rows 0 to 34 of 128, columns 0 to 78 of 128]
39.75 39.81 39.88 39.91 39.97 40.03 40.06 40.12 40.19 40.22 40.28 40.31 40.34 40.38 40.38 40.44 40.47 40.47 40.41 40.38 40.38 40.31 40.25 40.22 40.09 40.09 40.09 40.09 40.09 40.16 40.22 40.25 40.25 40.31 40.38 40.41 40.47 40.53 40.53 40.53 40.53 40.59 40.59 40.53 40.59 40.53 40.44 40.31 40.16 39.72 39.62 39.56 39.44 39.31 39.19 39.12 39.00 38.91 38.78 38.66 38.50 38.34 38.16 37.97 37.75 37.53 37.28 37.03 36.75 36.47 36.16 35.84 35.53 35.22 34.88 34.53 34.12 33.50 33.38
39.81 39.88 39.94 39.97 40.03 40.09 40.16 40.19 40.25 40.31 40.34 40.38 40.41 40.44 40.44 40.47 40.47 40.47 40.41 40.38 40.38 40.31 40.22 40.22 40.16 40.09 40.09 40.16 40.16 40.22 40.25 40.31 40.38 40.41 40.47 40.53 40.59 40.59 40.59 40.62 40.59 40.59 40.53 40.53 40.53 40.50 40.41 40.19 39.78 39.72 39.69 39.59 39.44 39.31 39.19 39.09 38.97 38.88 38.72 38.59 38.44 38.28 38.09 37.91 37.69 37.47 37.22 36.94 36.66 36.34 36.03 35.72 35.38 35.03 34.69 34.06 33.62 33.44 33.41
39.84 39.91 39.97 40.03 40.09 40.16 40.22 40.28 40.31 40.38 40.41 40.44 40.47 40.47 40.50 40.50 40.47 40.47 40.41 40.38 40.31 40.31 40.25 40.22 40.16 40.16 40.16 40.16 40.22 40.25 40.31 40.38 40.41 40.47 40.47 40.53 40.59 40.62 40.62 40.69 40.62 40.62 40.59 40.53 40.44 40.44 40.06 39.94 39.88 39.78 39.72 39.69 39.47 39.28 39.16 39.06 38.94 38.81 38.66 38.53 38.38 38.22 38.03 37.84 37.62 37.38 37.12 36.84 36.56 36.25 35.91 35.56 35.22 34.72 34.09 33.88 33.72 33.56 33.41
39.91 39.97 40.03 40.09 40.16 40.22 40.28 40.34 40.38 40.44 40.47 40.50 40.50 40.53 40.53 40.50 40.50 40.47 40.41 40.38 40.38 40.31 40.25 40.22 40.22 40.16 40.16 40.16 40.22 40.25 40.38 40.38 40.41 40.47 40.53 40.59 40.62 40.62 40.69 40.75 40.69 40.69 40.59 40.53 40.38 40.06 40.00 39.97 39.88 39.78 39.78 39.44 39.31 39.22 39.09 39.00 38.88 38.75 38.62 38.47 38.34 38.16 38.00 37.78 37.56 37.31 37.06 36.75 36.44 36.12 35.78 35.41 34.75 34.34 34.16 33.97 33.81 33.53 32.81
39.94 40.03 40.09 40.16 40.22 40.28 40.34 40.41 40.44 40.50 40.50 40.53 40.53 40.56 40.53 40.53 40.50 40.47 40.44 40.41 40.38 40.38 40.31 40.25 40.25 40.22 40.22 40.25 40.25 40.38 40.41 40.41 40.47 40.47 40.53 40.59 40.62 40.69 40.75 40.75 40.75 40.62 40.53 40.47 40.22 40.12 40.06 39.97 39.84 39.75 39.47 39.38 39.28 39.16 39.03 38.94 38.81 38.69 38.56 38.44 38.28 38.12 37.94 37.75 37.53 37.25 37.00 36.69 36.34 36.00 35.47 34.94 34.69 34.50 34.28 34.06 33.47 32.78 32.38
39.97 40.06 40.12 40.22 40.28 40.34 40.41 40.44 40.50 40.53 40.56 40.56 40.56 40.59 40.56 40.56 40.56 40.53 40.50 40.47 40.44 40.38 40.38 40.38 40.31 40.31 40.31 40.38 40.41 40.47 40.47 40.53 40.53 40.53 40.53 40.59 40.69 40.75 40.75 40.75 40.69 40.62 40.53 40.38 40.25 40.16 40.09 40.03 39.66 39.53 39.41 39.31 39.19 39.09 38.97 38.88 38.75 38.66 38.53 38.41 38.25 38.09 37.91 37.72 37.47 37.22 36.94 36.62 36.22 35.56 35.25 35.03 34.84 34.62 34.19 33.41 32.88 32.44 32.00
40.00 40.09 40.19 40.25 40.31 40.38 40.44 40.50 40.53 40.56 40.59 40.59 40.62 40.62 40.62 40.59 40.59 40.56 40.56 40.53 40.50 40.44 40.41 40.41 40.41 40.41 40.41 40.47 40.53 40.59 40.62 40.62 40.59 40.59 40.59 40.62 40.69 40.69 40.69 40.69 40.69 40.62 40.47 40.31 40.16 40.12 40.03 39.69 39.56 39.44 39.34 39.22 39.12 39.03 38.94 38.81 38.72 38.59 38.47 38.34 38.22 38.06 37.88 37.69 37.44 37.19 36.88 36.31 35.72 35.56 35.38 35.19 34.91 34.19 33.50 33.06 32.53 32.06 31.62
40.03 40.12 40.19 40.28 40.34 40.41 40.47 40.50 40.56 40.59 40.62 40.62 40.66 40.66 40.66 40.66 40.66 40.62 40.62 40.59 40.56 40.53 40.50 40.53 40.53 40.53 40.59 40.59 40.59 40.69 40.69 40.75 40.69 40.69 40.62 40.69 40.69 40.75 40.69 40.62 40.59 40.47 40.38 40.22 40.06 39.91 39.75 39.59 39.50 39.38 39.28 39.19 39.06 38.97 38.88 38.78 38.66 38.56 38.44 38.31 38.19 38.03 37.84 37.66 37.41 37.09 36.34 35.97 35.81 35.66 35.50 35.03 34.22 33.72 33.22 32.72 32.19 31.69 31.22
39.97 40.12 40.22 40.31 40.38 40.44 40.50 40.53 40.56 40.59 40.62 40.66 40.69 40.69 40.69 40.69 40.69 40.69 40.69 40.69 40.66 40.66 40.62 40.66 40.69 40.66 40.66 40.72 40.72 40.75 40.81 40.81 40.78 40.75 40.72 40.72 40.72 40.69 40.66 40.59 40.50 40.41 40.25 40.12 40.00 39.81 39.66 39.53 39.44 39.34 39.25 39.16 39.06 38.94 38.84 38.75 38.62 38.53 38.41 38.28 38.16 38.00 37.81 37.62 37.12 36.41 36.22 36.06 35.91 35.75 35.12 34.50 33.97 33.44 32.88 32.34 31.78 31.28 30.78
39.69 40.12 40.22 40.31 40.38 40.44 40.50 40.56 40.59 40.62 40.66 40.69 40.72 40.72 40.75 40.75 40.75 40.78 40.78 40.78 40.75 40.75 40.78 40.78 40.81 40.81 40.84 40.84 40.84 40.88 40.91 40.91 40.88 40.81 40.81 40.78 40.75 40.72 40.62 40.53 40.41 40.31 40.19 40.03 39.88 39.75 39.62 39.53 39.41 39.31 39.22 39.12 39.03 38.94 38.84 38.72 38.62 38.50 38.38 38.25 38.12 37.97 37.78 37.06 36.66 36.50 36.34 36.19 35.97 35.38 34.84 34.28 33.69 33.12 32.53 31.94 31.38 30.84 30.38
39.66 39.88 40.22 40.31 40.38 40.44 40.50 40.56 40.59 40.66 40.69 40.72 40.75 40.78 40.78 40.81 40.81 40.84 40.84 40.84 40.88 40.88 40.91 40.94 40.94 40.97 40.97 41.03 40.97 40.97 41.00 41.00 40.94 40.91 40.88 40.81 40.78 40.69 40.59 40.50 40.34 40.22 40.09 39.94 39.81 39.72 39.59 39.50 39.41 39.31 39.22 39.12 39.03 38.94 38.81 38.72 38.59 38.47 38.34 38.22 38.09 37.75 37.12 36.91 36.75 36.59 36.47 36.28 35.78 35.22 34.66 34.03 33.41 32.78 32.16 31.53 30.91 30.41 29.91
39.69 39.69 40.06 40.28 40.34 40.44 40.50 40.56 40.59 40.66 40.69 40.75 40.78 40.81 40.84 40.88 40.88 40.91 40.94 40.94 40.97 41.00 41.03 41.06 41.09 41.12 41.16 41.12 41.12 41.09 41.09 41.06 41.03 40.97 40.91 40.84 40.78 40.69 40.59 40.44 40.31 40.19 40.03 39.91 39.81 39.69 39.59 39.50 39.44 39.31 39.22 39.12 39.03 38.94 38.81 38.72 38.59 38.47 38.31 38.19 37.69 37.31 37.19 37.03 36.88 36.81 36.66 36.19 35.62 35.06 34.44 33.78 33.09 32.44 31.75 31.09 30.53 30.00 29.50
39.72 39.72 39.78 40.22 40.31 40.41 40.47 40.53 40.59 40.66 40.72 40.78 40.81 40.84 40.88 40.94 40.94 40.97 41.00 41.03 41.06 41.09 41.12 41.16 41.22 41.25 41.28 41.28 41.25 41.22 41.16 41.12 41.06 41.00 40.94 40.88 40.78 40.69 40.56 40.44 40.28 40.16 40.00 39.91 39.81 39.72 39.62 39.53 39.44 39.34 39.25 39.16 39.06 38.94 38.81 38.72 38.59 38.44 38.22 37.75 37.56 37.44 37.28 37.16 37.12 36.91 36.56 36.03 35.47 34.84 34.19 33.50 32.78 32.06 31.38 30.72 30.19 29.66 29.16
39.75 39.75 39.78 39.94 40.25 40.34 40.44 40.53 40.59 40.66 40.72 40.78 40.84 40.88 40.94 40.97 41.00 41.06 41.09 41.12 41.16 41.19 41.22 41.25 41.31 41.34 41.38 41.38 41.34 41.28 41.22 41.16 41.09 41.03 40.94 40.88 40.78 40.66 40.53 40.41 40.28 40.12 40.03 39.94 39.81 39.75 39.66 39.56 39.47 39.38 39.28 39.19 39.06 38.97 38.84 38.72 38.59 38.25 37.97 37.81 37.69 37.53 37.44 37.31 37.06 36.75 36.34 35.84 35.28 34.62 33.94 33.22 32.47 31.72 31.00 30.41 29.91 29.38 28.84
39.72 39.78 39.81 39.84 40.09 40.31 40.41 40.50 40.59 40.66 40.75 40.81 40.88 40.94 40.97 41.03 41.06 41.12 41.16 41.19 41.22 41.28 41.31 41.34 41.38 41.41 41.44 41.44 41.41 41.34 41.28 41.22 41.12 41.06 40.97 40.84 40.75 40.66 40.53 40.41 40.28 40.16 40.06 39.94 39.84 39.78 39.69 39.59 39.50 39.41 39.31 39.22 39.09 39.00 38.88 38.69 38.38 38.19 38.06 37.91 37.78 37.69 37.47 37.22 36.94 36.53 36.12 35.66 35.09 34.41 33.66 32.91 32.09 31.34 30.66 30.12 29.62 29.12 28.59
39.56 39.78 39.84 39.84 39.88 40.22 40.34 40.47 40.56 40.66 40.75 40.81 40.91 40.97 41.03 41.06 41.12 41.19 41.22 41.25 41.31 41.34 41.38 41.41 41.47 41.47 41.50 41.50 41.44 41.41 41.34 41.25 41.19 41.09 40.97 40.88 40.75 40.62 40.53 40.41 40.31 40.19 40.09 40.00 39.91 39.81 39.72 39.62 39.53 39.44 39.34 39.25 39.16 39.03 38.81 38.59 38.44 38.28 38.16 38.03 37.91 37.69 37.44 37.16 36.81 36.41 36.00 35.53 34.94 34.22 33.38 32.53 31.69 30.91 30.38 29.88 29.38 28.88 28.34
39.44 39.56 39.84 39.88 39.91 40.00 40.28 40.41 40.53 40.66 40.75 40.84 40.91 41.00 41.06 41.12 41.19 41.22 41.28 41.31 41.38 41.41 41.44 41.47 41.50 41.53 41.56 41.53 41.50 41.44 41.38 41.28 41.19 41.09 41.00 40.91 40.78 40.66 40.53 40.44 40.31 40.22 40.12 40.03 39.94 39.84 39.78 39.69 39.59 39.50 39.41 39.31 39.19 38.97 38.81 38.69 38.53 38.41 38.28 38.12 37.91 37.69 37.41 37.09 36.75 36.38 36.00 35.53 34.91 34.06 33.16 32.19 31.25 30.59 30.19 29.69 29.19 28.66 28.09
39.31 39.44 39.66 39.91 39.94 39.97 40.12 40.38 40.50 40.62 40.75 40.84 40.94 41.03 41.09 41.16 41.22 41.28 41.34 41.38 41.44 41.47 41.50 41.53 41.56 41.59 41.59 41.59 41.53 41.47 41.38 41.31 41.22 41.12 41.03 40.94 40.81 40.72 40.59 40.47 40.38 40.28 40.19 40.09 40.00 39.91 39.81 39.72 39.66 39.56 39.44 39.34 39.19 39.06 38.91 38.78 38.66 38.53 38.38 38.16 37.94 37.69 37.44 37.12 36.81 36.47 36.03 35.53 34.94 34.12 33.19 32.19 31.31 30.62 30.09 29.56 29.00 28.44 27.88
39.19 39.31 39.44 39.78 39.97 40.00 40.00 40.28 40.47 40.62 40.75 40.84 40.97 41.06 41.12 41.19 41.28 41.31 41.38 41.44 41.47 41.50 41.56 41.59 41.59 41.62 41.62 41.62 41.56 41.50 41.44 41.34 41.25 41.19 41.09 41.00 40.91 40.78 40.69 40.56 40.44 40.34 40.25 40.16 40.06 39.97 39.88 39.78 39.69 39.62 39.53 39.41 39.31 39.16 39.00 38.91 38.78 38.62 38.44 38.22 38.00 37.78 37.50 37.22 36.97 36.66 36.25 35.72 35.06 34.47 33.62 32.59 31.53 30.78 30.09 29.44 28.84 28.25 27.66
39.06 39.19 39.31 39.47 39.94 40.03 40.03 40.09 40.44 40.59 40.75 40.88 40.97 41.06 41.16 41.25 41.31 41.38 41.44 41.47 41.53 41.56 41.59 41.62 41.66 41.66 41.66 41.66 41.62 41.56 41.47 41.41 41.31 41.22 41.16 41.06 40.97 40.88 40.78 40.66 40.53 40.44 40.31 40.22 40.12 40.03 39.94 39.84 39.78 39.72 39.59 39.50 39.38 39.25 39.12 39.00 38.84 38.69 38.50 38.31 38.09 37.88 37.59 37.41 37.22 37.00 36.69 36.16 35.38 34.94 34.41 33.34 31.94 31.03 30.12 29.34 28.66 28.03 27.44
38.94 39.06 39.19 39.38 39.62 40.03 40.06 40.09 40.28 40.59 40.75 40.88 41.00 41.09 41.19 41.28 41.34 41.41 41.47 41.50 41.56 41.59 41.62 41.66 41.66 41.69 41.69 41.66 41.62 41.59 41.53 41.44 41.38 41.31 41.22 41.12 41.06 40.97 40.84 40.75 40.62 40.53 40.41 40.28 40.19 40.09 40.00 39.97 39.91 39.78 39.69 39.56 39.44 39.34 39.22 39.09 38.94 38.78 38.62 38.44 38.22 38.00 37.75 37.59 37.50 37.41 37.31 37.03 35.97 35.50 35.06 34.34 32.78 31.34 30.09 29.19 28.47 27.81 27.22
38.81 38.94 39.06 39.25 39.44 39.88 40.12 40.19 40.22 40.53 40.75 40.91 41.03 41.12 41.22 41.31 41.38 41.44 41.50 41.56 41.59 41.62 41.66 41.69 41.69 41.69 41.69 41.69 41.66 41.62 41.56 41.50 41.44 41.38 41.28 41.22 41.12 41.03 40.94 40.81 40.72 40.59 40.47 40.34 40.22 40.16 40.16 40.06 39.97 39.84 39.75 39.62 39.50 39.41 39.28 39.16 39.03 38.88 38.72 38.53 38.34 38.16 37.94 37.81 37.81 37.84 37.94 38.03 37.84 36.12 35.62 35.16 33.81 31.78 29.84 28.84 28.19 27.56 26.97
38.69 38.78 38.94 39.12 39.34 39.59 40.12 40.25 40.31 40.41 40.75 40.91 41.03 41.16 41.25 41.34 41.41 41.47 41.53 41.56 41.62 41.66 41.66 41.69 41.69 41.69 41.69 41.69 41.66 41.62 41.56 41.53 41.47 41.41 41.34 41.25 41.19 41.09 40.97 40.88 40.75 40.62 40.50 40.38 40.28 40.25 40.19 40.16 40.03 39.88 39.75 39.69 39.59 39.50 39.38 39.25 39.12 39.00 38.84 38.69 38.50 38.31 38.16 38.03 38.03 38.19 38.28 38.28 38.16 37.53 36.03 35.28 34.34 32.66 30.19 28.34 27.91 27.31 26.69
38.53 38.66 38.81 39.00 39.22 39.50 39.81 40.34 40.41 40.47 40.62 40.94 41.06 41.19 41.28 41.38 41.44 41.50 41.56 41.59 41.62 41.66 41.69 41.69 41.69 41.69 41.69 41.69 41.66 41.59 41.56 41.53 41.47 41.44 41.38 41.28 41.22 41.12 41.00 40.91 40.78 40.66 40.47 40.38 40.31 40.28 40.22 40.16 40.00 39.91 39.81 39.75 39.66 39.56 39.47 39.38 39.25 39.12 38.97 38.81 38.66 38.50 38.34 38.22 38.19 38.25 38.28 38.28 38.25 37.97 36.34 35.12 34.22 33.03 30.53 28.50 27.78 27.12 26.47
38.41 38.53 38.66 38.88 39.09 39.38 39.72 40.19 40.50 40.56 40.62 40.88 41.09 41.22 41.31 41.41 41.47 41.53 41.56 41.62 41.62 41.66 41.69 41.69 41.69 41.69 41.66 41.66 41.62 41.59 41.56 41.50 41.47 41.44 41.38 41.31 41.22 41.12 41.00 40.91 40.75 40.50 40.47 40.41 40.34 40.31 40.19 40.06 40.00 39.94 39.88 39.81 39.72 39.66 39.56 39.47 39.34 39.22 39.09 38.97 38.81 38.66 38.50 38.38 38.31 38.28 38.28 38.28 38.31 38.19 37.69 35.00 33.94 32.41 30.47 28.75 27.78 27.00 26.25
38.22 38.38 38.53 38.72 38.97 39.28 39.62 40.00 40.50 40.66 40.72 40.78 41.12 41.25 41.34 41.44 41.50 41.53 41.59 41.62 41.62 41.66 41.66 41.66 41.66 41.66 41.62 41.62 41.59 41.53 41.50 41.47 41.44 41.41 41.38 41.28 41.22 41.12 41.00 40.75 40.50 40.50 40.47 40.44 40.38 40.19 40.12 40.06 40.00 39.97 39.91 39.84 39.78 39.72 39.62 39.53 39.44 39.34 39.22 39.09 38.94 38.81 38.66 38.53 38.41 38.31 38.25 38.31 38.38 38.38 38.16 36.94 33.47 32.03 30.31 28.84 27.75 26.84 26.03
38.03 38.19 38.34 38.59 38.84 39.19 39.56 39.97 40.31 40.72 40.81 40.88 41.00 41.28 41.38 41.44 41.50 41.56 41.59 41.62 41.62 41.62 41.62 41.62 41.62 41.59 41.59 41.56 41.53 41.50 41.47 41.44 41.41 41.38 41.31 41.25 41.19 41.03 40.66 40.53 40.50 40.50 40.47 40.38 40.19 40.12 40.09 40.06 40.00 39.97 39.94 39.88 39.81 39.78 39.72 39.62 39.53 39.44 39.34 39.22 39.09 38.94 38.81 38.66 38.53 38.41 38.19 38.34 38.41 38.44 38.38 37.34 33.72 32.06 30.31 28.84 27.66 26.66 25.78
37.84 37.97 38.19 38.41 38.69 39.03 39.47 39.88 40.25 40.62 40.91 40.97 41.03 41.22 41.38 41.47 41.50 41.56 41.56 41.59 41.59 41.59 41.59 41.59 41.56 41.56 41.53 41.50 41.47 41.44 41.41 41.38 41.34 41.31 41.28 41.19 40.94 40.56 40.53 40.53 40.53 40.50 40.34 40.19 40.09 40.06 40.03 40.00 39.97 39.94 39.94 39.91 39.88 39.81 39.75 39.69 39.62 39.56 39.44 39.34 39.22 39.09 38.97 38.84 38.75 38.69 38.56 38.34 38.44 38.50 38.47 38.12 36.44 32.50 30.50 28.81 27.53 26.44 25.50
37.59 37.75 37.94 38.19 38.47 38.84 39.31 39.75 40.19 40.53 40.91 41.06 41.12 41.19 41.38 41.44 41.50 41.53 41.56 41.56 41.56 41.56 41.56 41.53 41.50 41.47 41.44 41.41 41.38 41.34 41.31 41.28 41.25 41.22 41.16 40.78 40.56 40.56 40.56 40.53 40.50 40.34 40.19 40.06 39.97 39.94 39.94 39.91 39.91 39.91 39.91 39.91 39.88 39.84 39.81 39.75 39.72 39.62 39.56 39.44 39.34 39.22 39.09 39.03 39.00 38.97 38.81 38.59 38.44 38.50 38.53 38.28 36.50 32.91 30.62 28.75 27.28 26.16 25.16
37.34 37.50 37.66 37.88 38.19 38.59 39.09 39.59 40.03 40.41 40.75 41.12 41.19 41.19 41.22 41.44 41.47 41.50 41.50 41.53 41.50 41.50 41.47 41.44 41.44 41.38 41.34 41.31 41.28 41.25 41.22 41.19 41.16 41.00 40.62 40.59 40.59 40.56 40.56 40.50 40.34 40.16 40.00 39.88 39.81 39.78 39.78 39.78 39.81 39.84 39.84 39.88 39.88 39.88 39.84 39.81 39.78 39.72 39.62 39.53 39.44 39.31 39.22 39.12 39.06 38.97 38.88 38.78 38.66 38.50 38.50 38.34 36.44 33.03 30.56 28.50 26.94 25.75 24.75
37.03 37.16 37.31 37.56 37.88 38.31 38.84 39.34 39.81 40.22 40.62 40.97 41.19 41.16 41.16 41.31 41.44 41.44 41.47 41.44 41.44 41.41 41.41 41.38 41.31 41.28 41.25 41.22 41.19 41.12 41.09 41.06 40.78 40.59 40.59 40.59 40.59 40.59 40.50 40.34 40.12 39.94 39.78 39.66 39.56 39.56 39.56 39.62 39.66 39.72 39.78 39.81 39.84 39.88 39.84 39.84 39.81 39.78 39.72 39.62 39.53 39.38 39.28 39.19 39.12 39.06 39.00 38.91 38.81 38.66 38.47 38.34 36.78 33.00 30.31 28.09 26.44 25.25 24.28
36.66 36.81 36.97 37.19 37.56 38.06 38.62 39.16 39.62 40.09 40.47 40.84 41.12 41.16 41.12 41.12 41.34 41.38 41.38 41.38 41.34 41.31 41.28 41.25 41.22 41.19 41.12 41.09 41.06 41.00 40.91 40.62 40.59 40.59 40.59 40.59 40.62 40.47 40.31 40.12 39.88 39.66 39.47 39.34 39.28 39.28 39.31 39.38 39.47 39.56 39.66 39.75 39.81 39.84 39.88 39.84 39.84 39.81 39.78 39.72 39.62 39.47 39.38 39.28 39.25 39.19 39.12 39.06 38.97 38.84 38.56 37.91 37.22 32.91 29.88 27.41 25.78 24.66 23.72
36.31 36.44 36.62 36.91 37.31 37.84 38.44 39.00 39.47 39.94 40.34 40.75 40.97 41.12 41.09 41.06 41.09 41.28 41.28 41.28 41.25 41.22 41.19 41.16 41.09 41.06 41.00 40.97 40.91 40.72 40.56 40.56 40.59 40.59 40.59 40.53 40.44 40.28 40.09 39.84 39.59 39.34 39.12 38.97 38.91 38.91 39.00 39.12 39.25 39.41 39.53 39.69 39.78 39.84 39.88 39.88 39.88 39.84 39.84 39.81 39.78 39.72 39.53 39.44 39.34 39.28 39.25 39.22 39.16 39.06 38.72 38.06 37.62 33.00 29.03 26.41 24.94 23.97 23.12
35.94 36.06 36.31 36.69 37.12 37.66 38.22 38.81 39.28 39.75 40.22 40.59 40.91 41.00 41.03 41.00 40.97 41.12 41.19 41.16 41.12 41.09 41.06 41.03 40.97 40.94 40.88 40.78 40.59 40.56 40.56 40.56 40.59 40.53 40.44 40.34 40.22 40.03 39.81 39.56 39.25 38.94 38.69 38.50 38.44 38.50 38.62 38.81 39.00 39.19 39.41 39.62 39.75 39.84 39.88 39.88 39.88 39.88 39.88 39.88 39.88 39.88 39.72 39.53 39.44 39.38 39.34 39.34 39.38 39.34 38.91 38.47 38.22 34.78 26.19 25.19 24.03 23.25 22.50
35.50 35.75 36.03 36.44 36.91 37.44 37.97 38.56 39.03 39.50 40.00 40.47 40.81 40.91 40.97 40.94 40.91 40.88 41.06 41.06 41.03 41.00 40.94 40.91 40.84 40.78 40.66 40.53 40.56 40.56 40.56 40.53 40.41 40.31 40.25 40.12 40.00 39.78 39.53 39.22 38.84 38.50 38.22 38.00 37.94 38.03 38.16 38.38 38.69 38.97 39.28 39.62 39.78 39.84 39.88 39.88 39.88 39.88 39.88 39.88 39.88 39.88 39.84 39.56 39.38 39.28 39.34 39.47 39.56 39.34 38.97 38.56 35.84 31.19 26.81 24.06 23.28 22.59 21.91
