arlandasctiles/Tile12,5.asc
ncols 128
nrows 128
xllcorner 0
yllcorner 0
cellsize 2.0
NODATA_value  -9999
[rows 34 to 67 of 128, columns 0 to 76 of 128]
47.31 47.12 46.94 46.78 46.62 46.44 46.31 46.25 46.19 46.12 46.06 46.03 46.00 45.94 45.88 45.75 45.59 45.38 45.12 44.78 44.53 44.31 44.12 43.97 43.84 43.72 43.62 43.56 43.50 43.47 43.47 43.47 43.53 43.69 43.91 44.09 44.22 44.28 44.38 44.41 44.47 44.59 44.78 45.06 45.22 45.44 45.88 46.59 47.72 49.16 50.94 52.94 55.03 56.25 56.97 57.47 58.03 58.50 58.97 59.44 59.81 60.12 60.38 60.62 60.84 61.03 61.16 61.25 61.19 61.22 61.16 61.06 60.97 60.88 60.75 60.66 60.56
47.16 46.94 46.75 46.59 46.41 46.25 46.12 46.00 45.94 45.88 45.81 45.78 45.78 45.75 45.69 45.59 45.53 45.31 45.03 44.69 44.34 44.12 43.91 43.75 43.59 43.47 43.34 43.25 43.19 43.12 43.12 43.12 43.19 43.28 43.50 43.69 43.84 44.00 44.12 44.28 44.34 44.47 44.59 44.75 44.97 45.19 45.53 46.12 47.09 48.44 50.25 52.47 55.06 56.75 57.28 57.53 58.00 58.16 58.88 59.34 59.62 59.91 60.19 60.41 60.59 60.72 60.81 60.81 60.59 60.66 60.62 60.59 60.53 60.44 60.38 60.28 60.19
46.94 46.78 46.59 46.38 46.22 46.09 45.94 45.81 45.69 45.62 45.56 45.53 45.53 45.53 45.50 45.38 45.34 45.16 44.88 44.56 44.19 43.94 43.72 43.50 43.34 43.19 43.06 42.97 42.88 42.81 42.78 42.78 42.84 42.94 43.09 43.28 43.50 43.69 43.88 44.06 44.19 44.31 44.44 44.59 44.81 44.97 45.25 45.72 46.53 47.78 49.56 51.94 55.25 56.94 57.66 57.28 57.81 57.94 58.44 58.97 59.44 59.72 59.97 60.22 60.38 60.47 60.44 60.16 59.97 60.00 60.06 60.06 60.03 60.00 59.94 59.88 59.81
46.72 46.59 46.44 46.22 46.03 45.91 45.78 45.66 45.53 45.41 45.31 45.31 45.31 45.31 45.25 45.19 45.09 44.94 44.75 44.44 44.06 43.75 43.47 43.28 43.06 42.91 42.78 42.66 42.56 42.50 42.47 42.47 42.50 42.56 42.72 42.91 43.12 43.34 43.56 43.78 43.97 44.12 44.25 44.41 44.62 44.78 45.03 45.44 46.12 47.22 48.88 51.00 54.00 56.56 57.00 56.88 57.16 57.84 58.28 58.69 59.09 59.44 59.75 60.00 60.22 60.28 59.91 59.38 59.31 59.38 59.47 59.53 59.56 59.53 59.50 59.47 59.41
46.50 46.41 46.28 46.12 45.91 45.75 45.59 45.47 45.34 45.22 45.12 45.12 45.09 45.06 45.03 44.97 44.91 44.75 44.56 44.28 43.91 43.56 43.28 43.03 42.81 42.62 42.50 42.38 42.28 42.19 42.16 42.16 42.16 42.22 42.34 42.53 42.78 43.00 43.25 43.47 43.66 43.84 44.00 44.16 44.38 44.53 44.78 45.16 45.81 46.78 48.12 49.91 52.19 55.72 57.59 57.84 57.72 58.00 58.19 58.56 58.81 59.03 59.31 59.53 59.66 59.62 59.03 58.84 58.72 58.81 58.91 59.00 59.06 59.06 59.06 59.03 59.00
46.25 46.19 46.12 46.03 45.78 45.56 45.44 45.31 45.19 45.03 44.94 44.88 44.84 44.84 44.78 44.75 44.69 44.56 44.38 44.09 43.75 43.38 43.06 42.78 42.56 42.38 42.22 42.06 41.97 41.91 41.84 41.81 41.81 41.88 41.97 42.16 42.41 42.66 42.91 43.09 43.28 43.47 43.66 43.78 43.94 44.19 44.47 44.91 45.50 46.34 47.44 48.91 50.50 55.56 56.88 57.84 57.81 58.28 58.31 58.44 58.53 58.66 58.91 59.06 59.12 59.03 58.62 58.31 58.34 58.31 58.41 58.50 58.56 58.59 58.59 58.59 58.56
46.03 45.97 45.94 45.84 45.75 45.47 45.25 45.12 45.00 44.88 44.78 44.69 44.62 44.62 44.56 44.50 44.44 44.34 44.19 43.91 43.59 43.22 42.84 42.56 42.31 42.09 41.91 41.78 41.69 41.56 41.47 41.41 41.41 41.47 41.59 41.75 42.00 42.28 42.50 42.69 42.88 43.03 43.19 43.34 43.53 43.78 44.12 44.56 45.16 45.94 46.88 48.00 49.31 49.94 56.94 57.81 57.81 58.03 58.16 58.28 58.31 58.34 58.50 58.62 58.62 58.44 58.19 58.09 57.88 57.78 57.88 58.00 58.06 58.12 58.16 58.16 58.12
45.78 45.75 45.72 45.66 45.56 45.41 45.12 44.94 44.81 44.69 44.59 44.47 44.41 44.38 44.34 44.28 44.22 44.12 43.97 43.75 43.44 43.06 42.69 42.34 42.06 41.81 41.62 41.47 41.31 41.19 41.09 41.06 41.03 41.09 41.19 41.34 41.56 41.81 42.03 42.25 42.41 42.56 42.72 42.91 43.12 43.38 43.75 44.22 44.78 45.50 46.34 47.28 48.47 49.44 56.91 56.91 58.16 58.16 58.16 58.09 58.06 58.03 58.12 58.19 58.03 57.81 57.62 57.47 57.25 57.25 57.41 57.53 57.62 57.69 57.69 57.69 57.66
45.53 45.56 45.53 45.47 45.38 45.25 45.03 44.78 44.62 44.53 44.41 44.28 44.22 44.16 44.12 44.06 43.97 43.91 43.78 43.56 43.28 42.91 42.53 42.16 41.81 41.53 41.28 41.09 40.97 40.84 40.78 40.75 40.72 40.75 40.84 40.94 41.09 41.28 41.53 41.72 41.91 42.06 42.25 42.44 42.69 42.97 43.34 43.81 44.38 45.03 45.81 46.72 47.81 49.34 50.19 56.91 56.91 57.78 57.81 57.75 57.72 57.69 57.72 57.69 57.53 57.28 57.03 56.88 56.59 56.81 56.97 57.09 57.19 57.22 57.25 57.22 57.19
45.31 45.34 45.31 45.28 45.19 45.09 44.94 44.66 44.44 44.34 44.22 44.09 44.00 43.91 43.88 43.81 43.75 43.66 43.56 43.38 43.12 42.78 42.38 42.00 41.62 41.31 41.03 40.81 40.69 40.56 40.50 40.44 40.41 40.44 40.47 40.53 40.66 40.78 40.97 41.16 41.38 41.56 41.75 41.94 42.22 42.53 42.94 43.38 43.91 44.53 45.25 46.09 47.09 48.25 49.78 51.47 56.44 56.97 57.22 57.25 57.28 57.28 57.41 57.41 57.09 56.84 56.66 56.50 56.44 56.50 56.59 56.69 56.75 56.78 56.78 56.75 56.72
45.09 45.09 45.09 45.06 45.00 44.91 44.78 44.59 44.31 44.16 44.03 43.94 43.81 43.72 43.66 43.59 43.50 43.44 43.31 43.16 42.94 42.66 42.25 41.88 41.50 41.09 40.78 40.59 40.44 40.31 40.22 40.12 40.09 40.09 40.09 40.16 40.22 40.28 40.41 40.59 40.78 41.03 41.25 41.47 41.75 42.06 42.47 42.91 43.41 44.00 44.66 45.44 46.28 47.25 48.31 49.56 54.12 56.06 56.56 56.59 56.75 57.19 57.25 57.06 56.66 56.38 56.19 56.12 56.12 56.22 56.28 56.31 56.34 56.34 56.28 56.25 56.19
44.84 44.88 44.88 44.84 44.81 44.75 44.62 44.50 44.22 43.97 43.84 43.75 43.62 43.50 43.44 43.38 43.28 43.19 43.06 42.94 42.72 42.47 42.16 41.75 41.38 40.94 40.59 40.38 40.19 40.03 39.94 39.84 39.78 39.75 39.72 39.75 39.78 39.81 39.91 40.03 40.25 40.50 40.75 41.00 41.25 41.56 41.97 42.38 42.88 43.41 44.03 44.72 45.44 46.22 47.03 47.75 49.78 56.12 55.62 55.41 56.16 56.81 56.78 56.47 56.06 55.75 55.62 55.66 55.72 55.81 55.94 55.94 55.91 55.84 55.78 55.69 55.66
44.56 44.56 44.59 44.59 44.56 44.50 44.44 44.34 44.16 43.88 43.66 43.56 43.44 43.31 43.22 43.16 43.03 42.94 42.81 42.69 42.50 42.25 41.97 41.66 41.25 40.81 40.44 40.16 39.94 39.78 39.62 39.53 39.44 39.38 39.34 39.34 39.34 39.34 39.41 39.53 39.72 39.97 40.22 40.50 40.75 41.03 41.44 41.84 42.31 42.81 43.38 43.97 44.62 45.28 45.97 46.69 47.31 49.94 53.25 54.03 54.88 55.56 55.72 55.50 55.19 55.19 55.19 55.06 55.19 55.28 55.44 55.53 55.41 55.31 55.16 55.09 55.06
44.22 44.25 44.25 44.25 44.25 44.25 44.19 44.12 44.03 43.81 43.50 43.38 43.25 43.12 43.00 42.91 42.81 42.69 42.56 42.41 42.25 42.03 41.75 41.47 41.09 40.69 40.25 39.94 39.69 39.50 39.34 39.22 39.09 39.03 38.97 38.94 38.91 38.91 38.94 39.03 39.22 39.47 39.72 40.03 40.25 40.50 40.88 41.28 41.72 42.19 42.69 43.25 43.81 44.44 45.12 45.97 47.12 48.72 50.56 52.53 53.56 54.31 54.59 54.53 53.62 55.19 55.19 54.50 54.94 54.94 54.84 54.97 54.81 54.62 54.50 54.44 54.41
43.88 43.88 43.88 43.91 43.91 43.91 43.91 43.91 43.84 43.72 43.44 43.19 43.06 42.94 42.81 42.72 42.59 42.44 42.28 42.12 41.97 41.78 41.53 41.25 40.91 40.50 40.03 39.69 39.44 39.19 39.03 38.88 38.75 38.66 38.59 38.53 38.50 38.50 38.50 38.56 38.75 39.00 39.25 39.53 39.78 40.00 40.31 40.69 41.09 41.53 42.03 42.53 43.09 43.72 44.41 45.25 46.25 47.44 48.75 50.16 52.62 53.62 54.06 53.69 51.03 51.00 54.50 54.50 54.50 54.03 54.12 54.22 54.00 53.81 53.72 53.72 53.75
43.56 43.50 43.47 43.47 43.50 43.56 43.59 43.62 43.66 43.59 43.41 43.03 42.88 42.75 42.62 42.53 42.34 42.16 42.00 41.84 41.69 41.50 41.25 41.00 40.66 40.28 39.81 39.44 39.12 38.91 38.69 38.53 38.41 38.28 38.19 38.12 38.09 38.06 38.09 38.16 38.31 38.53 38.81 39.06 39.28 39.50 39.75 40.06 40.50 40.94 41.38 41.91 42.44 43.00 43.66 44.41 45.22 46.12 47.09 48.06 49.19 50.25 50.69 50.38 49.09 50.78 53.03 53.22 54.50 53.28 53.34 53.22 53.03 52.91 52.88 52.94 53.03
43.31 43.09 43.00 43.00 43.06 43.16 43.25 43.34 43.38 43.41 43.31 43.00 42.69 42.56 42.44 42.28 42.09 41.94 41.72 41.56 41.41 41.22 40.97 40.72 40.38 40.00 39.56 39.16 38.84 38.56 38.34 38.19 38.03 37.91 37.81 37.75 37.69 37.69 37.69 37.75 37.94 38.12 38.38 38.59 38.81 39.00 39.22 39.50 39.84 40.25 40.72 41.25 41.75 42.28 42.88 43.50 44.19 44.88 45.53 46.22 46.91 47.53 47.84 47.91 48.03 48.88 51.16 51.91 51.78 52.59 52.31 52.03 51.91 51.91 52.00 52.12 52.28
43.16 42.72 42.50 42.50 42.59 42.72 42.84 42.97 43.09 43.12 43.09 42.94 42.56 42.38 42.22 42.03 41.88 41.72 41.50 41.28 41.09 40.91 40.69 40.44 40.09 39.69 39.28 38.88 38.53 38.25 38.03 37.84 37.69 37.56 37.47 37.38 37.34 37.31 37.31 37.41 37.56 37.75 37.97 38.16 38.34 38.50 38.69 38.94 39.25 39.62 40.12 40.59 41.06 41.56 42.09 42.62 43.16 43.72 44.22 44.69 45.16 45.59 45.88 46.06 46.34 47.06 48.12 49.09 49.78 50.44 50.59 50.59 50.66 50.84 51.06 51.28 51.53
43.03 42.41 42.03 41.97 42.09 42.25 42.44 42.59 42.72 42.81 42.81 42.75 42.50 42.19 41.97 41.81 41.66 41.50 41.31 41.03 40.78 40.62 40.41 40.16 39.81 39.41 39.00 38.59 38.25 37.97 37.72 37.53 37.34 37.22 37.12 37.03 37.00 36.97 36.97 37.09 37.25 37.41 37.56 37.72 37.88 38.00 38.16 38.38 38.66 39.00 39.47 39.94 40.38 40.84 41.31 41.78 42.22 42.69 43.06 43.44 43.78 44.06 44.31 44.53 44.91 45.47 46.22 46.97 47.69 48.28 48.72 49.03 49.38 49.75 50.12 50.47 50.78
43.06 42.25 41.69 41.50 41.59 41.81 42.03 42.22 42.38 42.50 42.53 42.50 42.38 42.03 41.78 41.59 41.44 41.25 41.06 40.84 40.53 40.31 40.12 39.88 39.56 39.16 38.75 38.34 37.97 37.69 37.44 37.22 37.03 36.88 36.78 36.72 36.66 36.66 36.69 36.78 36.88 37.03 37.16 37.28 37.41 37.50 37.66 37.84 38.09 38.41 38.81 39.28 39.72 40.12 40.56 41.00 41.38 41.75 42.09 42.41 42.69 42.91 43.12 43.34 43.66 44.16 44.72 45.34 45.94 46.50 47.03 47.59 48.16 48.72 49.22 49.66 50.06
43.12 42.25 41.53 41.16 41.16 41.41 41.62 41.84 42.03 42.19 42.25 42.28 42.19 41.94 41.59 41.38 41.19 41.00 40.81 40.62 40.38 40.09 39.84 39.59 39.31 38.97 38.56 38.16 37.78 37.44 37.16 36.94 36.75 36.59 36.50 36.44 36.41 36.38 36.38 36.47 36.56 36.66 36.75 36.81 36.91 37.00 37.12 37.31 37.56 37.88 38.19 38.62 39.03 39.44 39.84 40.25 40.62 40.97 41.28 41.56 41.81 42.03 42.22 42.44 42.72 43.16 43.59 44.12 44.59 45.12 45.69 46.38 47.06 47.75 48.38 48.91 49.38
43.28 42.31 41.50 40.97 40.81 41.03 41.28 41.50 41.72 41.88 42.00 42.06 42.00 41.81 41.50 41.19 40.97 40.78 40.59 40.41 40.22 39.94 39.62 39.34 39.06 38.75 38.41 38.03 37.66 37.31 37.00 36.72 36.53 36.38 36.25 36.22 36.16 36.12 36.12 36.16 36.25 36.31 36.34 36.38 36.44 36.53 36.66 36.84 37.06 37.34 37.66 38.00 38.38 38.78 39.19 39.59 39.94 40.28 40.59 40.88 41.12 41.34 41.53 41.75 42.03 42.41 42.78 43.22 43.66 44.12 44.69 45.38 46.19 46.94 47.62 48.22 48.72
43.38 42.41 41.59 40.97 40.62 40.69 40.94 41.16 41.41 41.59 41.78 41.84 41.81 41.66 41.41 41.06 40.75 40.53 40.34 40.16 39.97 39.78 39.50 39.12 38.81 38.53 38.25 37.91 37.56 37.22 36.88 36.59 36.38 36.22 36.09 36.03 35.97 35.91 35.88 35.91 35.94 35.94 35.97 35.97 36.03 36.09 36.22 36.38 36.59 36.84 37.12 37.44 37.75 38.16 38.56 38.94 39.31 39.69 40.00 40.31 40.56 40.78 41.00 41.22 41.50 41.84 42.19 42.59 42.97 43.44 43.97 44.66 45.47 46.25 46.97 47.59 48.16
43.47 42.59 41.78 41.09 40.66 40.47 40.62 40.84 41.09 41.34 41.56 41.66 41.62 41.47 41.25 41.00 40.66 40.31 40.09 39.94 39.75 39.56 39.34 39.00 38.62 38.31 38.06 37.75 37.47 37.09 36.69 36.34 36.09 35.97 35.88 35.88 35.78 35.69 35.66 35.62 35.62 35.62 35.62 35.59 35.62 35.72 35.81 35.94 36.16 36.38 36.62 36.91 37.22 37.53 37.91 38.31 38.75 39.12 39.47 39.81 40.09 40.34 40.56 40.78 41.03 41.38 41.72 42.09 42.44 42.84 43.38 44.09 44.91 45.69 46.41 47.03 47.62
43.53 42.75 41.97 41.28 40.72 40.44 40.38 40.56 40.81 41.09 41.34 41.50 41.44 41.28 41.09 40.84 40.59 40.22 39.88 39.69 39.50 39.34 39.16 38.91 38.47 38.12 37.84 37.56 37.31 36.94 36.44 36.06 35.81 35.66 35.62 35.66 35.59 35.50 35.41 35.34 35.34 35.34 35.31 35.28 35.31 35.34 35.44 35.56 35.75 35.97 36.22 36.47 36.72 37.03 37.34 37.78 38.22 38.62 39.03 39.41 39.69 39.94 40.16 40.38 40.62 40.94 41.28 41.62 41.97 42.38 42.94 43.69 44.47 45.22 45.94 46.56 47.12
43.62 42.91 42.16 41.44 40.81 40.41 40.25 40.34 40.56 40.88 41.19 41.38 41.28 41.12 40.91 40.72 40.47 40.19 39.78 39.47 39.28 39.09 38.91 38.75 38.44 37.97 37.66 37.38 37.09 36.66 36.19 35.88 35.66 35.47 35.34 35.41 35.41 35.25 35.16 35.12 35.09 35.06 35.06 35.03 35.00 35.06 35.12 35.25 35.41 35.62 35.84 36.09 36.31 36.59 36.94 37.34 37.78 38.22 38.59 39.00 39.31 39.56 39.78 40.03 40.28 40.56 40.91 41.22 41.53 42.00 42.59 43.34 44.12 44.84 45.50 46.12 46.72
43.91 43.12 42.31 41.56 40.91 40.44 40.22 40.19 40.38 40.66 40.94 41.19 41.16 40.94 40.75 40.56 40.34 40.09 39.78 39.31 39.03 38.88 38.69 38.50 38.31 37.94 37.47 37.19 36.91 36.41 35.91 35.59 35.38 35.16 35.03 35.12 35.16 35.03 34.94 34.88 34.84 34.81 34.78 34.75 34.75 34.78 34.84 34.97 35.12 35.31 35.53 35.78 36.03 36.28 36.62 37.00 37.41 37.84 38.22 38.59 38.91 39.22 39.47 39.72 39.97 40.25 40.56 40.88 41.19 41.75 42.41 43.09 43.81 44.50 45.16 45.75 46.34
44.16 43.31 42.44 41.66 40.97 40.47 40.16 40.06 40.16 40.41 40.69 40.91 40.97 40.75 40.59 40.41 40.22 39.97 39.72 39.31 38.88 38.62 38.47 38.28 38.09 37.88 37.44 37.00 36.69 36.19 35.59 35.22 34.94 34.75 34.75 34.91 34.94 34.78 34.69 34.62 34.59 34.56 34.53 34.50 34.50 34.53 34.59 34.72 34.88 35.06 35.28 35.53 35.78 36.06 36.34 36.72 37.12 37.50 37.91 38.25 38.59 38.91 39.16 39.44 39.69 40.00 40.31 40.62 41.03 41.59 42.22 42.88 43.56 44.22 44.84 45.44 46.00
44.34 43.44 42.44 41.62 40.97 40.44 40.06 39.91 39.94 40.12 40.41 40.59 40.69 40.59 40.44 40.28 40.09 39.88 39.62 39.34 38.84 38.41 38.22 38.03 37.88 37.75 37.44 36.88 36.53 36.00 35.34 34.91 34.62 34.47 34.47 34.66 34.69 34.53 34.44 34.38 34.31 34.28 34.25 34.22 34.25 34.28 34.34 34.47 34.62 34.84 35.06 35.31 35.59 35.84 36.16 36.50 36.84 37.25 37.59 37.97 38.31 38.62 38.91 39.19 39.44 39.75 40.09 40.44 40.88 41.44 42.06 42.69 43.34 43.97 44.56 45.12 45.69
44.16 43.22 42.25 41.50 40.88 40.38 39.97 39.78 39.75 39.88 40.06 40.28 40.38 40.41 40.31 40.16 39.97 39.75 39.50 39.22 38.91 38.34 38.00 37.81 37.66 37.50 37.34 36.91 36.38 35.84 35.22 34.84 34.56 34.38 34.31 34.41 34.47 34.28 34.19 34.09 34.06 34.00 33.97 33.97 34.00 34.03 34.12 34.22 34.41 34.59 34.84 35.09 35.38 35.62 35.94 36.25 36.59 37.00 37.34 37.69 38.03 38.38 38.69 38.97 39.25 39.56 39.91 40.28 40.78 41.31 41.94 42.53 43.16 43.75 44.31 44.88 45.38
44.09 42.75 41.84 41.22 40.69 40.28 39.91 39.66 39.56 39.59 39.75 39.97 40.06 40.22 40.19 40.06 39.88 39.66 39.41 39.12 38.84 38.44 37.84 37.56 37.41 37.28 37.12 36.94 36.34 35.69 35.12 34.81 34.56 34.31 34.16 34.22 34.25 34.06 33.94 33.84 33.78 33.72 33.69 33.69 33.72 33.78 33.88 34.00 34.19 34.38 34.59 34.88 35.12 35.41 35.69 35.97 36.31 36.66 37.00 37.41 37.75 38.12 38.47 38.78 39.06 39.41 39.75 40.16 40.66 41.22 41.81 42.41 42.97 43.53 44.06 44.59 45.09
43.75 42.31 41.41 40.88 40.44 40.09 39.78 39.53 39.38 39.38 39.44 39.62 39.84 40.03 40.06 39.97 39.78 39.56 39.31 39.03 38.75 38.41 37.88 37.38 37.19 37.03 36.94 36.81 36.38 35.59 35.03 34.62 34.31 34.12 34.03 34.06 34.03 33.84 33.69 33.56 33.47 33.44 33.44 33.44 33.47 33.53 33.62 33.78 33.94 34.12 34.38 34.62 34.88 35.12 35.38 35.66 35.97 36.31 36.69 37.06 37.44 37.81 38.25 38.59 38.91 39.25 39.62 40.06 40.59 41.12 41.69 42.25 42.78 43.31 43.81 44.31 44.81
43.25 41.97 41.03 40.56 40.22 39.88 39.62 39.38 39.22 39.16 39.22 39.41 39.66 39.84 39.94 39.88 39.72 39.50 39.25 38.97 38.66 38.34 37.97 37.28 36.94 36.81 36.72 36.59 36.38 35.62 34.94 34.47 34.12 33.97 33.91 33.91 33.81 33.59 33.41 33.28 33.19 33.16 33.16 33.19 33.22 33.28 33.41 33.53 33.69 33.88 34.09 34.34 34.56 34.81 35.06 35.31 35.59 35.94 36.31 36.69 37.12 37.53 37.97 38.38 38.75 39.12 39.53 40.00 40.50 41.03 41.56 42.09 42.59 43.09 43.59 44.06 44.53
43.12 41.75 40.72 40.38 40.03 39.75 39.47 39.25 39.09 38.97 39.00 39.19 39.47 39.69 39.81 39.81 39.66 39.44 39.19 38.91 38.59 38.25 37.91 37.34 36.75 36.59 36.50 36.38 36.25 35.69 34.84 34.47 34.16 33.94 33.78 33.69 33.56 33.34 33.16 33.03 32.94 32.88 32.88 32.94 32.97 33.06 33.19 33.31 33.47 33.66 33.84 34.03 34.25 34.47 34.69 34.94 35.22 35.53 35.91 36.31 36.75 37.19 37.66 38.09 38.53 38.97 39.41 39.91 40.44 40.94 41.44 41.94 42.41 42.88 43.31 43.78 44.22
