arlandasctiles/Tile15,3.asc
ncols 128
nrows 128
xllcorner 0
yllcorner 0
cellsize 2.0
NODATA_value  -9999
[rows 0 to 28 of 128, columns 0 to 66 of 128]
-94.00 -94.19 -94.38 -94.56 -94.91 -95.09 -95.25 -95.44 -95.59 -95.72 -95.97 -96.09 -96.34 -96.50 -96.78 -96.88 -97.16 -97.00 -97.53 -97.00 -97.69 -97.25 -97.81 -97.06 -97.53 -97.22 -98.12 -97.12 -97.78 -97.38 -97.59 -97.94 -98.19 -98.56 -99.50 -99.78 -100.00 -99.47 -99.50 -99.72 -100.06 -100.69 -101.03 -101.22 -102.06 -102.03 -101.97 -101.97 -102.09 -102.41 -103.09 -103.91 -104.03 -103.84 -104.81 -105.12 -105.06 -105.25 -106.09 -106.19 -106.94 -107.25 -107.66 -108.00 -107.81 -107.97 -108.78
-94.19 -94.38 -94.56 -94.75 -95.12 -95.31 -95.47 -95.66 -95.81 -95.97 -96.19 -96.34 -96.59 -96.75 -97.00 -97.19 -97.38 -97.34 -97.62 -97.25 -98.03 -97.56 -98.09 -97.59 -97.56 -97.97 -98.41 -97.59 -98.09 -97.81 -98.00 -98.25 -98.53 -98.81 -99.25 -100.25 -100.47 -100.69 -100.09 -100.31 -100.56 -101.00 -101.56 -101.69 -102.56 -102.56 -102.97 -102.53 -102.59 -102.81 -103.12 -104.25 -104.50 -104.31 -104.81 -105.59 -105.91 -106.06 -106.41 -106.84 -107.09 -107.72 -108.03 -108.41 -108.81 -108.59 -108.97
-94.38 -94.56 -94.75 -94.94 -95.31 -95.50 -95.69 -95.88 -96.03 -96.22 -96.41 -96.59 -96.81 -97.00 -97.22 -97.41 -97.59 -97.59 -97.88 -97.59 -98.25 -97.84 -98.41 -97.78 -97.84 -98.22 -98.75 -98.03 -98.72 -98.31 -98.66 -98.81 -98.94 -99.25 -99.44 -100.72 -100.69 -101.16 -101.19 -101.00 -101.12 -101.44 -102.03 -102.03 -103.06 -102.78 -103.47 -103.22 -103.19 -103.34 -103.47 -104.03 -105.00 -105.19 -105.12 -105.88 -106.25 -106.56 -106.94 -107.31 -107.69 -108.06 -108.44 -108.81 -109.19 -109.62 -109.66
-94.75 -94.94 -95.12 -95.31 -95.50 -95.69 -95.91 -96.09 -96.25 -96.47 -96.62 -96.81 -97.03 -97.22 -97.44 -97.62 -97.62 -97.84 -98.09 -97.94 -98.47 -97.91 -98.72 -98.16 -98.06 -98.44 -99.06 -98.62 -99.28 -98.72 -99.09 -99.38 -99.53 -99.75 -99.97 -101.03 -101.25 -101.53 -101.78 -101.91 -101.88 -101.91 -102.59 -102.41 -103.47 -103.44 -103.81 -104.06 -103.78 -103.78 -103.84 -104.41 -105.31 -105.56 -105.56 -105.88 -106.53 -106.75 -107.09 -107.56 -108.00 -108.41 -108.78 -109.19 -109.59 -110.00 -110.41
-94.91 -95.09 -95.28 -95.47 -95.69 -95.88 -96.09 -96.28 -96.47 -96.66 -96.84 -97.03 -97.25 -97.44 -97.66 -97.84 -97.84 -98.09 -98.31 -98.25 -98.69 -98.19 -99.00 -98.56 -98.41 -98.66 -99.25 -99.28 -99.81 -99.22 -99.50 -99.91 -100.03 -100.19 -100.31 -100.84 -101.53 -101.84 -102.12 -102.44 -102.72 -102.56 -102.97 -102.94 -103.72 -103.94 -103.75 -104.47 -104.66 -104.25 -104.44 -104.66 -105.34 -106.00 -106.16 -106.28 -106.53 -107.09 -106.81 -107.41 -108.28 -108.66 -109.06 -109.50 -109.91 -110.31 -110.72
-95.06 -95.25 -95.44 -95.66 -95.84 -96.03 -96.25 -96.44 -96.66 -96.88 -97.06 -97.28 -97.47 -97.69 -97.88 -98.06 -98.06 -98.34 -98.53 -98.53 -98.91 -98.72 -99.22 -98.75 -98.81 -98.94 -99.56 -99.19 -100.22 -99.97 -100.12 -100.38 -100.78 -100.72 -100.72 -101.09 -101.47 -102.16 -102.44 -102.72 -103.06 -103.38 -103.59 -103.31 -103.59 -104.34 -104.38 -104.62 -105.06 -105.06 -105.06 -105.16 -105.62 -106.19 -106.59 -106.91 -106.84 -107.38 -107.78 -107.81 -108.34 -108.84 -109.34 -109.78 -110.22 -110.62 -111.03
-95.22 -95.41 -95.62 -95.81 -96.00 -96.22 -96.41 -96.62 -96.84 -97.03 -97.28 -97.47 -97.47 -97.69 -97.88 -98.06 -98.25 -98.56 -98.78 -98.78 -99.06 -99.06 -99.47 -98.94 -99.25 -99.50 -99.69 -100.03 -100.41 -100.88 -100.81 -100.91 -101.16 -101.53 -101.09 -101.47 -101.72 -102.28 -102.69 -102.97 -103.31 -103.56 -103.84 -104.06 -103.78 -104.66 -104.78 -105.09 -105.41 -105.69 -105.91 -105.59 -105.81 -106.47 -106.56 -107.25 -107.66 -107.78 -107.88 -108.44 -108.31 -109.06 -109.53 -110.03 -110.50 -110.94 -111.31
-95.38 -95.56 -95.78 -95.97 -96.19 -96.38 -96.59 -96.78 -97.00 -97.22 -97.44 -97.66 -97.66 -97.88 -98.06 -98.25 -98.44 -98.78 -99.00 -99.06 -99.25 -99.31 -99.78 -99.34 -99.72 -100.34 -99.97 -100.34 -100.53 -101.12 -101.44 -101.72 -101.41 -102.03 -101.44 -101.84 -102.12 -102.44 -102.91 -103.00 -103.56 -103.84 -104.09 -104.34 -104.56 -104.81 -105.03 -105.03 -105.69 -105.97 -106.22 -106.19 -106.09 -106.69 -106.75 -107.06 -108.03 -108.31 -108.22 -108.69 -108.94 -109.12 -109.81 -110.34 -110.59 -111.25 -111.62
-95.53 -95.72 -95.94 -96.12 -96.34 -96.53 -96.75 -96.94 -97.16 -97.38 -97.59 -97.81 -98.03 -98.25 -98.25 -98.44 -98.84 -99.03 -99.22 -99.34 -99.53 -99.62 -100.03 -99.78 -100.16 -100.78 -100.41 -100.84 -100.81 -101.31 -101.34 -102.00 -102.09 -102.41 -101.94 -102.22 -102.53 -102.75 -103.12 -103.41 -103.72 -104.12 -104.34 -104.59 -104.84 -105.09 -105.34 -105.16 -105.69 -106.34 -106.56 -106.81 -106.78 -106.69 -107.28 -107.50 -108.12 -108.78 -109.03 -109.06 -109.34 -109.53 -109.88 -110.69 -111.16 -111.47 -111.91
-95.69 -95.91 -96.09 -96.28 -96.50 -96.69 -96.91 -97.12 -97.31 -97.53 -97.75 -97.97 -98.19 -98.38 -98.59 -98.81 -99.00 -99.19 -99.38 -99.56 -99.75 -99.94 -100.28 -100.28 -100.69 -101.00 -101.00 -101.50 -101.22 -101.81 -101.56 -102.25 -102.38 -102.81 -102.53 -102.59 -102.91 -103.00 -103.38 -103.72 -103.94 -104.34 -104.59 -104.88 -105.12 -105.22 -105.69 -105.91 -105.72 -106.69 -106.91 -107.16 -107.38 -107.19 -107.69 -107.72 -108.41 -109.09 -109.41 -109.62 -109.53 -109.94 -110.12 -110.38 -111.12 -111.75 -112.09
-95.84 -96.06 -96.25 -96.47 -96.66 -96.88 -97.06 -97.28 -97.47 -97.69 -97.91 -98.09 -98.31 -98.53 -98.75 -98.94 -99.16 -99.34 -99.56 -99.75 -99.97 -100.19 -100.50 -100.69 -101.06 -101.31 -101.41 -101.84 -101.84 -102.16 -101.97 -102.53 -102.22 -103.03 -103.22 -102.94 -103.50 -103.41 -103.56 -103.88 -104.41 -104.16 -104.81 -105.12 -105.44 -105.69 -105.94 -106.22 -106.59 -106.94 -107.16 -107.44 -107.75 -107.94 -108.16 -108.31 -108.44 -109.19 -109.78 -110.03 -110.31 -110.16 -110.69 -110.69 -111.19 -111.78 -112.53
-96.00 -96.22 -96.41 -96.62 -96.81 -97.03 -97.22 -97.44 -97.62 -97.84 -98.06 -98.25 -98.47 -98.69 -98.91 -99.09 -99.31 -99.53 -99.72 -99.94 -100.19 -100.44 -100.69 -101.00 -101.31 -101.56 -101.78 -101.97 -102.34 -102.44 -102.44 -102.88 -102.62 -103.00 -103.84 -103.53 -103.91 -103.91 -104.00 -104.03 -104.81 -104.47 -104.69 -105.38 -105.72 -106.00 -106.25 -106.47 -106.41 -107.16 -107.38 -107.72 -108.12 -108.53 -108.91 -109.12 -108.88 -109.25 -110.00 -110.31 -110.72 -111.06 -111.12 -111.41 -111.56 -111.88 -112.44
-96.16 -96.38 -96.56 -96.78 -96.97 -97.19 -97.38 -97.59 -97.78 -98.00 -98.22 -98.41 -98.62 -98.84 -99.06 -99.25 -99.47 -99.69 -99.91 -100.12 -100.38 -100.62 -100.91 -101.19 -101.47 -101.75 -102.00 -102.22 -102.56 -102.72 -102.88 -103.19 -103.19 -103.31 -104.03 -104.19 -104.31 -104.38 -104.69 -104.44 -105.12 -105.03 -105.00 -105.19 -105.97 -106.31 -106.59 -106.84 -106.97 -107.47 -107.50 -107.69 -108.44 -108.84 -109.16 -109.50 -109.78 -109.62 -109.97 -110.31 -111.09 -111.44 -111.78 -112.06 -112.09 -112.38 -112.84
-96.31 -96.50 -96.72 -96.94 -97.12 -97.34 -97.53 -97.75 -97.94 -98.16 -98.38 -98.56 -98.78 -99.00 -99.22 -99.44 -99.66 -99.88 -100.09 -100.31 -100.56 -100.81 -101.06 -101.34 -101.59 -101.88 -102.12 -102.44 -102.69 -102.94 -103.12 -103.34 -103.56 -103.75 -104.22 -104.38 -104.69 -104.88 -105.16 -104.88 -105.09 -105.66 -105.28 -105.50 -105.88 -106.56 -106.91 -107.22 -107.50 -107.62 -108.09 -108.22 -108.50 -109.16 -109.47 -109.78 -110.09 -110.44 -110.66 -110.78 -111.34 -111.75 -112.06 -112.41 -112.75 -112.81 -113.06
-96.47 -96.66 -96.88 -97.09 -97.28 -97.50 -97.69 -97.91 -98.09 -98.31 -98.53 -98.75 -98.94 -99.16 -99.38 -99.59 -99.81 -100.03 -100.28 -100.50 -100.75 -100.97 -101.22 -101.50 -101.75 -102.00 -102.28 -102.53 -102.78 -103.06 -103.28 -103.66 -103.81 -104.09 -104.38 -104.56 -104.91 -105.25 -105.56 -105.50 -105.41 -106.03 -105.88 -105.81 -106.22 -106.38 -107.25 -107.56 -107.88 -108.16 -108.44 -108.72 -108.81 -109.41 -109.72 -110.03 -110.34 -110.66 -110.94 -111.03 -111.28 -112.03 -112.34 -112.69 -113.00 -113.38 -113.59
-96.62 -96.81 -97.03 -97.25 -97.44 -97.66 -97.84 -98.06 -98.28 -98.47 -98.69 -98.91 -99.12 -99.31 -99.53 -99.75 -100.00 -100.22 -100.44 -100.66 -100.91 -101.16 -101.41 -101.66 -101.91 -102.16 -102.41 -102.66 -102.94 -103.19 -103.44 -103.75 -104.00 -104.28 -104.59 -104.84 -105.06 -105.44 -105.62 -105.88 -106.06 -106.25 -106.47 -106.16 -106.56 -106.72 -107.22 -107.97 -108.22 -108.47 -108.59 -109.06 -109.28 -109.12 -109.97 -110.28 -110.59 -110.91 -111.22 -111.56 -111.91 -112.16 -112.56 -112.94 -113.28 -113.62 -113.97
-96.78 -96.97 -97.19 -97.41 -97.59 -97.81 -98.00 -98.22 -98.44 -98.62 -98.84 -99.06 -99.28 -99.50 -99.72 -99.94 -100.16 -100.38 -100.59 -100.84 -101.06 -101.31 -101.56 -101.81 -102.06 -102.31 -102.56 -102.81 -103.06 -103.34 -103.59 -103.88 -104.12 -104.41 -104.69 -105.00 -105.34 -105.59 -105.75 -106.06 -106.38 -106.50 -106.84 -106.94 -106.94 -107.16 -107.44 -108.25 -108.53 -108.91 -109.06 -109.34 -109.62 -109.88 -109.88 -110.53 -110.88 -111.12 -111.44 -111.78 -112.06 -112.16 -112.47 -113.19 -113.56 -113.88 -114.22
-96.94 -97.12 -97.34 -97.56 -97.75 -97.97 -98.16 -98.38 -98.59 -98.81 -99.00 -99.22 -99.44 -99.66 -99.88 -100.09 -100.31 -100.53 -100.78 -101.00 -101.25 -101.47 -101.72 -101.97 -102.22 -102.47 -102.72 -102.97 -103.22 -103.50 -103.75 -104.03 -104.28 -104.56 -104.84 -105.12 -105.44 -105.62 -105.91 -106.19 -106.47 -106.88 -107.06 -107.31 -107.56 -107.81 -107.81 -108.19 -108.81 -109.22 -109.34 -109.62 -109.94 -110.19 -110.50 -110.56 -111.12 -111.38 -111.62 -111.97 -112.38 -112.72 -112.91 -112.84 -113.78 -114.16 -114.44
-97.09 -97.31 -97.50 -97.72 -97.91 -98.12 -98.31 -98.53 -98.75 -98.97 -99.16 -99.38 -99.59 -99.81 -100.03 -100.25 -100.47 -100.72 -100.94 -101.16 -101.41 -101.62 -101.88 -102.12 -102.38 -102.62 -102.88 -103.12 -103.38 -103.62 -103.91 -104.16 -104.44 -104.69 -104.97 -105.25 -105.56 -105.84 -106.16 -106.47 -106.78 -107.09 -107.34 -107.59 -107.88 -108.16 -108.38 -108.41 -109.00 -109.38 -109.59 -109.88 -110.19 -110.44 -110.81 -111.06 -111.34 -111.69 -111.91 -111.97 -112.62 -113.00 -113.38 -113.66 -113.59 -114.38 -114.69
-97.25 -97.47 -97.66 -97.88 -98.06 -98.28 -98.50 -98.69 -98.91 -99.12 -99.34 -99.53 -99.75 -99.97 -100.19 -100.44 -100.66 -100.88 -101.09 -101.34 -101.56 -101.81 -102.03 -102.28 -102.53 -102.78 -103.03 -103.28 -103.53 -103.78 -104.03 -104.31 -104.56 -104.84 -105.12 -105.41 -105.69 -105.97 -106.25 -106.53 -106.81 -107.16 -107.41 -107.72 -108.06 -108.50 -108.69 -108.97 -109.28 -109.59 -109.88 -110.12 -110.47 -110.72 -111.06 -111.38 -111.53 -112.00 -112.25 -112.53 -112.84 -113.22 -113.59 -113.91 -114.25 -114.56 -114.91
-97.41 -97.62 -97.81 -98.03 -98.22 -98.44 -98.66 -98.84 -99.06 -99.28 -99.50 -99.72 -99.94 -100.16 -100.38 -100.59 -100.81 -101.03 -101.25 -101.50 -101.72 -101.97 -102.19 -102.44 -102.69 -102.94 -103.19 -103.44 -103.69 -103.94 -104.19 -104.47 -104.72 -105.00 -105.25 -105.53 -105.81 -106.09 -106.38 -106.66 -106.94 -107.25 -107.56 -107.88 -108.22 -108.50 -108.97 -109.25 -109.47 -109.81 -110.09 -110.44 -110.69 -111.00 -111.31 -111.62 -111.94 -112.16 -112.53 -112.81 -113.12 -113.41 -113.84 -114.09 -114.41 -114.72 -115.12
-97.59 -97.78 -98.00 -98.19 -98.41 -98.59 -98.81 -99.00 -99.22 -99.44 -99.66 -99.88 -100.09 -100.31 -100.53 -100.75 -100.97 -101.19 -101.44 -101.66 -101.88 -102.12 -102.34 -102.59 -102.84 -103.09 -103.31 -103.56 -103.84 -104.09 -104.34 -104.59 -104.88 -105.12 -105.41 -105.69 -105.97 -106.25 -106.53 -106.81 -107.09 -107.41 -107.72 -108.00 -108.34 -108.81 -109.12 -109.41 -109.75 -109.91 -110.19 -110.62 -110.97 -111.25 -111.56 -111.84 -112.16 -112.28 -112.78 -113.06 -113.41 -113.66 -114.00 -114.38 -114.69 -115.03 -115.38
-97.75 -97.97 -98.16 -98.34 -98.56 -98.75 -98.97 -99.19 -99.38 -99.59 -99.81 -100.03 -100.25 -100.47 -100.69 -100.91 -101.12 -101.34 -101.59 -101.81 -102.03 -102.28 -102.50 -102.75 -103.00 -103.25 -103.47 -103.72 -103.97 -104.25 -104.50 -104.75 -105.03 -105.28 -105.56 -105.84 -106.12 -106.38 -106.69 -106.97 -107.25 -107.56 -107.84 -108.16 -108.47 -108.84 -109.22 -109.53 -109.88 -110.19 -110.47 -110.78 -111.09 -111.41 -111.69 -112.03 -112.34 -112.50 -112.81 -113.12 -113.59 -113.75 -114.25 -114.53 -114.88 -115.25 -115.59
-97.94 -98.12 -98.31 -98.53 -98.72 -98.94 -99.12 -99.34 -99.56 -99.75 -99.97 -100.19 -100.41 -100.62 -100.84 -101.06 -101.28 -101.50 -101.75 -101.97 -102.19 -102.44 -102.66 -102.91 -103.16 -103.38 -103.62 -103.88 -104.12 -104.38 -104.66 -104.91 -105.16 -105.44 -105.72 -105.97 -106.25 -106.53 -106.81 -107.12 -107.41 -107.69 -108.00 -108.31 -108.62 -108.94 -109.25 -109.62 -109.97 -110.28 -110.59 -110.91 -111.22 -111.53 -111.84 -112.16 -112.47 -112.78 -113.09 -113.44 -113.75 -114.09 -114.25 -114.78 -114.91 -115.44 -115.56
-98.09 -98.28 -98.50 -98.69 -98.88 -99.09 -99.28 -99.50 -99.72 -99.94 -100.12 -100.34 -100.56 -100.78 -101.00 -101.22 -101.44 -101.69 -101.91 -102.12 -102.34 -102.59 -102.81 -103.06 -103.31 -103.53 -103.78 -104.03 -104.28 -104.53 -104.81 -105.06 -105.31 -105.59 -105.84 -106.12 -106.41 -106.69 -106.97 -107.25 -107.56 -107.84 -108.16 -108.44 -108.75 -109.06 -109.38 -109.72 -110.06 -110.38 -110.69 -111.00 -111.31 -111.62 -111.94 -112.28 -112.59 -112.91 -113.22 -113.56 -113.88 -114.22 -114.53 -114.75 -115.09 -115.41 -115.72
-98.28 -98.47 -98.66 -98.84 -99.06 -99.25 -99.47 -99.66 -99.88 -100.09 -100.31 -100.50 -100.72 -100.94 -101.16 -101.38 -101.62 -101.84 -102.06 -102.28 -102.53 -102.75 -102.97 -103.22 -103.47 -103.69 -103.94 -104.19 -104.44 -104.69 -104.94 -105.22 -105.47 -105.75 -106.00 -106.28 -106.56 -106.84 -107.12 -107.41 -107.69 -108.00 -108.28 -108.59 -108.91 -109.19 -109.53 -109.84 -110.16 -110.47 -110.81 -111.12 -111.44 -111.75 -112.06 -112.38 -112.69 -113.03 -113.34 -113.66 -114.00 -114.34 -114.66 -115.00 -115.38 -115.75 -115.88
-98.44 -98.62 -98.84 -99.03 -99.22 -99.44 -99.62 -99.84 -100.03 -100.25 -100.47 -100.69 -100.91 -101.12 -101.34 -101.56 -101.78 -102.00 -102.22 -102.44 -102.69 -102.91 -103.12 -103.38 -103.62 -103.84 -104.09 -104.34 -104.59 -104.84 -105.09 -105.34 -105.62 -105.88 -106.16 -106.44 -106.72 -107.00 -107.28 -107.56 -107.84 -108.16 -108.44 -108.75 -109.03 -109.34 -109.66 -109.97 -110.28 -110.59 -110.91 -111.22 -111.56 -111.88 -112.19 -112.50 -112.81 -113.16 -113.47 -113.78 -114.12 -114.47 -114.81 -115.16 -115.50 -115.84 -116.19
-98.62 -98.81 -99.00 -99.19 -99.41 -99.59 -99.81 -100.00 -100.22 -100.41 -100.62 -100.84 -101.06 -101.28 -101.50 -101.72 -101.94 -102.16 -102.38 -102.59 -102.84 -103.06 -103.28 -103.53 -103.78 -104.00 -104.25 -104.50 -104.75 -105.00 -105.25 -105.50 -105.78 -106.03 -106.31 -106.59 -106.84 -107.12 -107.41 -107.72 -108.00 -108.28 -108.59 -108.88 -109.19 -109.47 -109.78 -110.09 -110.41 -110.72 -111.03 -111.34 -111.69 -112.00 -112.31 -112.62 -112.94 -113.25 -113.59 -113.91 -114.22 -114.56 -114.91 -115.25 -115.59 -115.94 -116.25
-98.81 -99.00 -99.19 -99.38 -99.56 -99.78 -99.97 -100.19 -100.38 -100.59 -100.81 -101.00 -101.22 -101.44 -101.66 -101.88 -102.09 -102.31 -102.53 -102.78 -103.00 -103.22 -103.47 -103.69 -103.94 -104.16 -104.41 -104.66 -104.91 -105.16 -105.41 -105.66 -105.91 -106.19 -106.44 -106.72 -107.00 -107.28 -107.56 -107.84 -108.16 -108.44 -108.72 -109.03 -109.31 -109.62 -109.94 -110.25 -110.56 -110.88 -111.19 -111.50 -111.81 -112.12 -112.44 -112.75 -113.06 -113.38 -113.69 -114.03 -114.38 -114.75 -115.03 -115.34 -115.69 -116.03 -116.34
