arlandasctiles/Tile0,13.asc
ncols 128
nrows 128
xllcorner 0
yllcorner 0
cellsize 2.0
NODATA_value  -9999
[rows 0 to 31 of 128, columns 0 to 70 of 128]
-87.50 -87.50 -87.50 -87.50 -87.50 -87.50 -87.50 -87.50 -87.50 -87.50 -87.50 -87.50 -87.47 -87.47 -87.47 -87.47 -87.47 -87.44 -87.44 -87.44 -87.31 -87.12 -86.72 -86.84 -86.75 -86.53 -86.38 -86.19 -85.97 -85.72 -85.56 -85.28 -85.06 -84.78 -84.53 -84.31 -84.09 -83.88 -83.56 -83.16 -83.16 -83.00 -82.78 -82.56 -82.38 -82.22 -82.06 -81.91 -81.69 -81.34 -80.94 -80.59 -80.12 -79.84 -79.97 -79.91 -79.69 -79.53 -79.38 -79.19 -79.00 -78.84 -78.50 -78.31 -78.22 -78.06 -77.75 -77.47 -77.19 -77.00 -77.06
-87.56 -87.59 -87.56 -87.56 -87.56 -87.56 -87.56 -87.56 -87.56 -87.56 -87.56 -87.56 -87.56 -87.53 -87.53 -87.53 -87.53 -87.50 -87.50 -87.50 -87.25 -87.22 -87.06 -86.78 -86.78 -86.62 -86.47 -86.28 -86.06 -85.81 -85.66 -85.47 -85.25 -85.00 -84.66 -84.44 -84.09 -83.97 -83.78 -83.53 -83.31 -83.12 -82.91 -82.72 -82.53 -82.38 -82.22 -82.03 -81.75 -81.47 -81.31 -80.97 -80.56 -80.31 -80.31 -80.03 -79.81 -79.66 -79.41 -79.28 -79.16 -78.84 -78.72 -78.59 -78.41 -78.03 -77.91 -77.56 -77.50 -77.41 -77.22
-87.66 -87.66 -87.66 -87.66 -87.66 -87.66 -87.66 -87.66 -87.66 -87.66 -87.62 -87.62 -87.62 -87.59 -87.59 -87.59 -87.56 -87.56 -87.56 -87.53 -87.31 -87.25 -87.12 -87.06 -86.91 -86.78 -86.59 -86.38 -86.19 -85.97 -85.75 -85.47 -85.22 -84.91 -84.75 -84.56 -84.31 -84.06 -83.88 -83.69 -83.47 -83.25 -83.06 -82.84 -82.69 -82.50 -82.34 -82.19 -82.03 -81.81 -81.59 -81.28 -81.00 -80.81 -80.50 -80.22 -80.03 -79.78 -79.56 -79.34 -79.06 -78.81 -78.69 -78.66 -78.31 -78.19 -78.06 -77.88 -77.78 -77.56 -77.03
-87.72 -87.75 -87.75 -87.75 -87.75 -87.75 -87.75 -87.72 -87.72 -87.72 -87.72 -87.69 -87.69 -87.69 -87.66 -87.66 -87.62 -87.62 -87.59 -87.59 -87.34 -87.28 -87.19 -87.06 -86.88 -86.72 -86.75 -86.47 -86.25 -85.94 -85.84 -85.69 -85.50 -85.25 -85.12 -84.69 -84.50 -84.12 -83.97 -83.78 -83.59 -83.41 -83.19 -82.97 -82.81 -82.66 -82.53 -82.28 -82.03 -81.59 -81.34 -81.19 -80.97 -80.69 -80.47 -80.28 -80.00 -79.75 -79.53 -79.34 -79.34 -79.09 -78.97 -78.78 -78.69 -78.56 -78.41 -78.09 -77.88 -77.56 -77.25
-87.81 -87.81 -87.81 -87.81 -87.81 -87.81 -87.81 -87.81 -87.81 -87.81 -87.78 -87.78 -87.75 -87.75 -87.72 -87.72 -87.69 -87.69 -87.66 -87.62 -87.38 -87.31 -87.25 -87.12 -87.00 -86.84 -86.66 -86.62 -86.44 -86.25 -86.12 -85.78 -85.59 -85.38 -85.06 -84.44 -84.16 -84.28 -84.12 -83.94 -83.75 -83.53 -83.19 -83.12 -82.94 -82.78 -82.59 -82.19 -81.88 -81.81 -81.66 -81.44 -81.22 -80.97 -80.66 -80.47 -80.25 -80.03 -79.78 -79.50 -79.38 -79.03 -78.88 -78.81 -78.69 -78.53 -78.31 -78.12 -77.94 -77.84 -77.69
-87.88 -87.91 -87.91 -87.91 -87.91 -87.91 -87.91 -87.88 -87.88 -87.88 -87.84 -87.84 -87.81 -87.81 -87.78 -87.78 -87.75 -87.72 -87.72 -87.69 -87.44 -87.38 -87.31 -87.19 -87.09 -86.94 -86.78 -86.75 -86.47 -86.34 -86.12 -85.91 -85.69 -85.47 -85.12 -84.88 -84.72 -84.47 -84.28 -84.06 -83.91 -83.69 -83.50 -83.31 -83.12 -82.91 -82.75 -82.56 -82.38 -82.16 -81.94 -81.69 -81.34 -81.16 -80.81 -80.28 -79.94 -79.69 -79.38 -79.25 -79.16 -79.00 -79.09 -78.91 -78.81 -78.69 -78.47 -78.34 -78.19 -77.81 -77.78
-87.97 -87.97 -87.97 -87.97 -87.97 -87.97 -87.97 -87.97 -87.97 -87.94 -87.94 -87.91 -87.91 -87.88 -87.84 -87.84 -87.81 -87.78 -87.78 -87.75 -87.50 -87.44 -87.38 -87.28 -87.19 -87.06 -86.91 -86.72 -86.59 -86.56 -86.28 -86.00 -85.72 -85.56 -85.34 -85.09 -84.88 -84.62 -84.44 -84.22 -84.03 -83.81 -83.66 -83.47 -83.44 -83.19 -82.84 -82.66 -82.44 -82.19 -81.94 -81.62 -81.03 -80.62 -80.31 -80.00 -79.75 -79.53 -79.47 -79.34 -79.06 -79.22 -79.25 -79.12 -78.84 -78.72 -78.66 -78.47 -78.00 -78.03 -78.00
-88.00 -88.03 -88.03 -88.03 -88.03 -88.03 -88.03 -88.03 -88.03 -88.03 -88.00 -88.00 -87.97 -87.94 -87.94 -87.91 -87.88 -87.84 -87.84 -87.81 -87.56 -87.50 -87.44 -87.38 -87.28 -87.16 -87.00 -86.88 -86.72 -86.72 -86.34 -86.09 -85.81 -85.59 -85.41 -85.22 -85.00 -84.78 -84.56 -84.38 -84.16 -83.97 -83.78 -83.56 -83.38 -83.16 -82.97 -82.75 -82.56 -82.41 -82.09 -81.62 -81.16 -80.72 -80.31 -80.00 -79.75 -79.66 -79.50 -79.50 -79.44 -79.59 -79.22 -79.00 -78.97 -79.00 -78.66 -78.38 -78.34 -78.34 -78.19
-88.06 -88.06 -88.09 -88.09 -88.09 -88.09 -88.09 -88.09 -88.09 -88.09 -88.09 -88.06 -88.03 -88.03 -88.00 -87.97 -87.94 -87.94 -87.91 -87.69 -87.62 -87.56 -87.50 -87.44 -87.38 -87.28 -87.16 -87.00 -86.81 -86.78 -86.44 -85.91 -85.75 -85.56 -85.50 -85.34 -85.16 -84.94 -84.72 -84.50 -84.28 -84.09 -83.91 -83.69 -83.44 -83.19 -83.12 -83.00 -82.84 -82.38 -81.91 -81.66 -81.22 -80.72 -80.41 -80.16 -79.88 -79.72 -79.84 -80.12 -79.78 -79.47 -79.19 -79.06 -79.03 -79.09 -78.78 -78.69 -78.66 -78.47 -78.28
-88.09 -88.12 -88.12 -88.12 -88.12 -88.12 -88.12 -88.16 -88.16 -88.16 -87.97 -88.16 -88.12 -88.09 -88.06 -88.06 -88.03 -88.00 -87.97 -87.75 -87.69 -87.66 -87.59 -87.53 -87.44 -87.38 -87.25 -87.12 -86.97 -86.75 -86.62 -86.47 -86.25 -86.00 -85.75 -85.53 -85.31 -85.03 -84.88 -84.72 -84.56 -84.31 -84.03 -83.72 -83.53 -83.47 -83.34 -83.25 -82.75 -82.31 -81.81 -81.38 -81.16 -80.88 -80.53 -80.28 -80.06 -80.09 -80.31 -80.06 -79.56 -79.44 -79.25 -79.09 -79.16 -79.16 -79.06 -78.91 -78.72 -78.59 -78.47
-88.12 -88.12 -88.16 -88.16 -88.16 -88.16 -88.16 -88.16 -88.16 -88.16 -88.16 -88.16 -88.16 -88.16 -88.16 -88.12 -88.09 -88.06 -87.84 -87.81 -87.75 -87.72 -87.66 -87.59 -87.53 -87.44 -87.31 -87.16 -87.16 -86.94 -86.69 -86.53 -86.34 -86.12 -85.91 -85.66 -85.44 -85.25 -85.06 -84.97 -84.59 -84.34 -84.00 -83.94 -83.84 -83.72 -83.59 -83.38 -83.16 -82.47 -82.16 -81.78 -81.53 -81.12 -80.81 -80.50 -80.38 -80.88 -80.47 -80.09 -79.81 -79.47 -79.28 -79.06 -79.25 -79.34 -79.28 -79.16 -78.84 -78.69 -78.47
-88.16 -88.16 -88.16 -88.16 -88.16 -88.16 -88.16 -88.16 -88.16 -88.16 -88.16 -88.16 -88.16 -88.16 -88.16 -88.16 -87.97 -87.94 -87.91 -87.88 -87.84 -87.78 -87.72 -87.69 -87.59 -87.53 -87.41 -87.31 -87.09 -87.12 -86.88 -86.66 -86.47 -86.25 -86.03 -85.81 -85.59 -85.41 -85.19 -84.91 -84.53 -84.38 -84.34 -84.25 -84.16 -84.03 -83.69 -83.44 -83.00 -82.69 -82.34 -81.88 -81.44 -81.19 -80.97 -80.81 -81.31 -80.94 -80.28 -79.84 -79.44 -79.22 -79.12 -79.16 -79.62 -79.34 -79.34 -79.25 -79.12 -78.81 -78.75
-88.16 -88.16 -88.16 -88.16 -88.16 -88.16 -88.16 -88.16 -88.19 -88.19 -88.19 -88.19 -88.19 -88.19 -88.16 -88.16 -88.16 -87.97 -87.94 -87.94 -87.91 -87.84 -87.81 -87.75 -87.69 -87.59 -87.56 -87.41 -87.19 -87.16 -86.97 -86.78 -86.59 -86.34 -86.16 -85.78 -85.75 -85.56 -85.22 -84.88 -84.88 -84.72 -84.38 -84.44 -84.44 -84.03 -83.75 -83.44 -83.16 -82.81 -82.34 -82.03 -81.88 -82.03 -82.16 -81.84 -81.59 -80.53 -80.03 -79.84 -79.56 -79.41 -79.44 -79.50 -79.66 -79.56 -79.44 -79.34 -79.16 -78.81 -78.62
-88.16 -88.16 -88.16 -88.16 -88.16 -88.16 -88.19 -88.19 -88.19 -88.19 -88.19 -88.19 -88.19 -88.19 -88.19 -88.19 -88.19 -88.16 -88.16 -87.97 -87.94 -87.91 -87.88 -87.81 -87.75 -87.69 -87.56 -87.41 -87.34 -87.19 -87.12 -86.88 -86.72 -86.50 -86.34 -86.16 -85.94 -85.75 -85.56 -85.31 -85.00 -84.72 -84.78 -84.81 -84.53 -84.22 -83.94 -83.69 -83.38 -83.09 -82.88 -82.66 -82.44 -82.44 -81.78 -81.06 -80.47 -80.25 -79.91 -79.88 -79.81 -79.75 -79.88 -79.91 -79.81 -79.69 -79.56 -79.47 -79.16 -78.97 -78.81
-88.16 -88.16 -88.16 -88.16 -88.16 -88.19 -88.19 -88.19 -88.19 -88.19 -88.19 -88.19 -88.19 -88.19 -88.19 -88.19 -88.19 -88.19 -88.19 -88.16 -87.97 -87.94 -87.91 -87.88 -87.81 -87.75 -87.66 -87.56 -87.41 -87.38 -87.16 -87.03 -86.88 -86.72 -86.59 -86.50 -86.12 -85.84 -85.47 -85.19 -85.03 -85.12 -85.03 -85.00 -84.50 -84.22 -84.00 -83.81 -83.88 -83.91 -83.53 -83.19 -82.88 -82.38 -81.53 -81.03 -80.66 -80.25 -80.06 -80.22 -80.03 -80.09 -80.19 -80.03 -79.94 -79.81 -79.69 -79.59 -79.31 -79.22 -79.03
-88.16 -88.16 -88.16 -88.16 -88.19 -88.19 -88.19 -88.19 -88.19 -88.19 -88.19 -88.19 -88.19 -88.19 -88.19 -88.19 -88.19 -88.19 -88.19 -88.19 -88.19 -87.97 -87.94 -87.91 -87.84 -87.78 -87.69 -87.59 -87.47 -87.34 -87.25 -87.09 -87.00 -86.84 -86.75 -86.41 -86.09 -85.91 -85.81 -85.72 -85.69 -85.38 -85.19 -85.03 -85.06 -84.91 -84.78 -84.47 -83.94 -83.09 -82.69 -82.34 -81.91 -81.62 -81.31 -81.06 -80.78 -80.41 -80.19 -80.53 -80.09 -80.38 -80.25 -80.16 -80.06 -79.94 -79.81 -79.56 -79.44 -79.25 -79.00
-88.16 -88.16 -88.19 -88.19 -88.19 -88.19 -88.19 -88.19 -88.19 -88.19 -88.19 -88.19 -88.19 -88.19 -88.19 -88.19 -88.19 -88.19 -88.19 -88.19 -88.19 -88.19 -87.97 -87.94 -87.88 -87.84 -87.78 -87.75 -87.66 -87.50 -87.50 -87.31 -87.16 -86.91 -86.69 -86.38 -86.28 -86.19 -86.06 -85.97 -85.81 -85.66 -85.47 -84.97 -84.75 -84.56 -84.00 -83.31 -82.94 -82.81 -82.62 -82.25 -81.88 -81.69 -81.34 -81.03 -80.72 -80.38 -80.47 -80.69 -80.53 -80.50 -80.38 -80.28 -80.19 -80.09 -79.88 -79.69 -79.56 -79.34 -79.25
-88.19 -88.19 -88.19 -88.19 -88.19 -88.19 -88.19 -88.19 -88.19 -88.19 -88.19 -88.19 -88.19 -88.19 -88.19 -88.19 -88.19 -88.19 -88.19 -88.19 -88.19 -88.19 -88.19 -87.94 -87.91 -87.88 -87.84 -87.75 -87.66 -87.62 -87.50 -87.44 -87.31 -87.09 -86.91 -86.75 -86.66 -86.62 -86.25 -86.12 -85.94 -85.78 -85.56 -85.41 -85.19 -84.66 -84.28 -83.91 -83.50 -83.06 -82.69 -82.31 -81.84 -81.59 -81.38 -81.00 -80.72 -80.56 -80.91 -80.81 -80.75 -80.66 -80.53 -80.41 -80.31 -80.25 -79.94 -79.78 -79.59 -79.53 -79.31
-88.19 -88.19 -88.19 -88.19 -88.19 -88.19 -88.19 -88.19 -88.19 -88.19 -88.19 -88.19 -88.19 -88.19 -88.19 -88.19 -88.19 -88.19 -88.19 -88.19 -88.19 -88.19 -88.19 -88.19 -87.94 -87.94 -87.91 -87.88 -87.84 -87.81 -87.81 -87.66 -87.47 -87.31 -87.12 -86.94 -86.94 -86.62 -86.19 -86.06 -86.00 -85.56 -85.16 -84.94 -84.66 -84.44 -84.09 -83.88 -83.53 -83.12 -82.56 -82.25 -82.06 -81.78 -81.50 -81.19 -80.91 -81.09 -81.12 -81.03 -80.91 -80.78 -80.66 -80.53 -80.44 -80.38 -80.12 -79.94 -79.75 -79.66 -79.38
-88.19 -88.19 -88.19 -88.19 -88.19 -88.19 -88.19 -88.19 -88.19 -88.19 -88.19 -88.19 -88.19 -88.19 -88.19 -88.19 -88.19 -88.19 -88.19 -88.19 -88.19 -88.19 -88.19 -88.19 -88.19 -87.97 -87.94 -87.91 -87.91 -87.72 -87.56 -87.56 -87.41 -87.28 -87.22 -87.09 -86.72 -86.41 -86.25 -86.34 -86.28 -86.03 -85.78 -85.41 -85.16 -84.75 -84.44 -84.09 -83.53 -83.12 -82.91 -82.44 -82.12 -81.88 -81.81 -81.38 -81.16 -81.38 -81.28 -81.16 -81.03 -80.91 -80.78 -80.69 -80.47 -80.34 -80.22 -80.00 -79.81 -79.62 -79.44
-88.19 -88.19 -88.19 -88.19 -88.19 -88.19 -88.19 -88.19 -88.19 -88.19 -88.19 -88.19 -88.19 -88.19 -88.19 -88.19 -88.19 -88.19 -88.19 -88.19 -88.19 -88.19 -88.19 -88.19 -88.19 -88.19 -87.97 -87.94 -87.91 -87.91 -87.78 -87.66 -87.69 -87.59 -87.44 -86.81 -86.50 -86.41 -86.81 -86.69 -85.94 -85.47 -85.16 -85.06 -85.09 -85.03 -84.84 -84.47 -83.88 -83.47 -82.94 -82.44 -82.16 -82.12 -81.75 -81.62 -81.56 -81.56 -81.44 -81.31 -81.19 -81.03 -80.94 -80.78 -80.75 -80.44 -80.12 -79.94 -79.78 -79.69 -79.72
-88.19 -88.19 -88.19 -88.19 -88.19 -88.19 -88.19 -88.19 -88.19 -88.19 -88.19 -88.19 -88.19 -88.19 -88.19 -88.19 -88.19 -88.19 -88.19 -88.19 -88.19 -88.19 -88.19 -88.19 -88.19 -88.19 -88.19 -88.19 -87.97 -87.94 -87.91 -87.88 -87.72 -87.44 -87.00 -86.69 -87.00 -87.12 -86.94 -86.44 -86.03 -85.66 -85.66 -85.94 -85.41 -85.12 -84.75 -84.19 -83.72 -83.22 -82.78 -82.44 -82.44 -82.25 -82.12 -82.09 -81.94 -81.75 -81.62 -81.47 -81.34 -81.19 -81.06 -80.84 -80.75 -80.41 -80.25 -79.88 -80.06 -80.03 -79.88
-88.19 -88.19 -88.19 -88.19 -88.19 -88.19 -88.19 -88.19 -88.19 -88.19 -88.19 -88.19 -88.19 -88.19 -88.19 -88.19 -88.19 -88.19 -88.19 -88.19 -88.19 -88.19 -88.19 -88.19 -88.19 -88.19 -88.19 -88.19 -88.19 -87.97 -87.94 -88.03 -87.69 -87.53 -87.59 -87.62 -87.28 -87.16 -86.69 -86.62 -86.59 -86.53 -86.31 -85.25 -84.94 -85.06 -84.91 -84.44 -83.88 -83.41 -83.06 -82.81 -82.97 -82.75 -82.59 -82.28 -82.03 -81.91 -81.78 -81.66 -81.50 -81.31 -81.06 -80.81 -80.94 -80.56 -80.41 -80.25 -80.25 -80.19 -79.97
-88.19 -88.22 -88.22 -88.22 -88.22 -88.22 -88.22 -88.19 -88.19 -88.19 -88.19 -88.19 -88.19 -88.19 -88.19 -88.19 -88.19 -88.19 -88.19 -88.19 -88.19 -88.19 -88.19 -88.19 -88.19 -88.19 -88.19 -88.19 -88.19 -88.19 -88.03 -88.00 -88.00 -87.78 -87.66 -87.66 -87.47 -87.34 -87.06 -86.81 -86.69 -86.53 -86.31 -86.25 -85.97 -85.75 -85.38 -85.00 -84.59 -84.28 -84.06 -83.66 -83.09 -82.47 -82.53 -82.28 -82.00 -82.09 -81.97 -81.84 -81.72 -81.22 -80.88 -80.72 -81.22 -80.75 -80.69 -80.53 -80.47 -80.34 -80.16
-88.22 -88.22 -88.22 -88.22 -88.22 -88.22 -88.22 -88.22 -88.22 -88.22 -88.22 -88.22 -88.22 -88.19 -88.19 -88.19 -88.19 -88.19 -88.19 -88.19 -88.19 -88.19 -88.19 -88.19 -88.19 -88.19 -88.19 -88.19 -88.19 -88.19 -88.19 -87.97 -88.03 -87.81 -87.75 -87.47 -87.34 -86.97 -86.50 -86.41 -86.31 -85.94 -85.75 -85.38 -85.16 -85.06 -85.00 -85.00 -84.84 -84.47 -83.81 -83.00 -82.59 -82.50 -82.81 -82.53 -82.47 -82.34 -82.16 -82.03 -81.88 -81.31 -80.97 -81.03 -81.34 -81.22 -80.84 -80.72 -80.69 -80.44 -80.34
-88.22 -88.22 -88.22 -88.22 -88.22 -88.22 -88.22 -88.22 -88.22 -88.22 -88.22 -88.22 -88.22 -88.22 -88.22 -88.19 -88.19 -88.19 -88.19 -88.19 -88.19 -88.19 -88.19 -88.19 -88.19 -88.19 -88.19 -88.19 -88.19 -88.19 -88.16 -88.09 -87.91 -87.69 -87.53 -87.75 -87.38 -86.97 -86.66 -86.28 -86.16 -85.94 -85.75 -85.56 -86.16 -85.81 -85.53 -85.19 -84.66 -84.03 -83.62 -83.25 -82.91 -83.09 -83.03 -82.84 -82.69 -82.50 -82.34 -82.25 -81.78 -81.53 -81.31 -81.59 -81.41 -81.06 -80.94 -81.00 -80.91 -80.72 -80.22
-88.22 -88.22 -88.22 -88.22 -88.22 -88.22 -88.22 -88.22 -88.22 -88.22 -88.22 -88.22 -88.22 -88.22 -88.22 -88.22 -88.22 -88.19 -88.19 -88.19 -88.19 -88.19 -88.19 -88.19 -88.19 -88.19 -88.19 -88.19 -88.19 -88.19 -88.19 -88.19 -88.03 -87.88 -87.94 -87.94 -87.91 -87.91 -87.81 -87.66 -87.47 -87.28 -86.84 -86.53 -85.59 -85.06 -84.91 -84.75 -84.47 -84.19 -83.78 -83.38 -83.38 -83.38 -83.19 -83.03 -82.88 -82.66 -82.47 -82.41 -82.00 -81.91 -81.62 -81.84 -81.44 -81.50 -81.34 -81.12 -80.75 -80.44 -80.28
-88.22 -88.22 -88.22 -88.22 -88.22 -88.22 -88.22 -88.22 -88.22 -88.22 -88.22 -88.22 -88.22 -88.22 -88.22 -88.22 -88.22 -88.22 -88.22 -88.19 -88.19 -88.19 -88.19 -88.19 -88.19 -88.19 -88.19 -88.19 -88.19 -88.22 -88.19 -88.19 -88.22 -88.00 -88.00 -87.91 -87.88 -87.47 -86.91 -86.41 -86.31 -86.19 -86.03 -85.94 -85.50 -85.34 -85.09 -85.03 -84.91 -84.59 -84.31 -84.16 -83.88 -83.56 -83.34 -83.22 -83.06 -82.47 -82.66 -82.53 -82.41 -82.28 -82.25 -81.94 -81.84 -81.66 -81.19 -81.38 -80.88 -80.69 -80.34
-88.22 -88.22 -88.22 -88.22 -88.22 -88.22 -88.22 -88.22 -88.22 -88.22 -88.22 -88.22 -88.22 -88.22 -88.22 -88.22 -88.22 -88.22 -88.22 -88.22 -88.22 -88.22 -88.22 -88.22 -88.22 -88.22 -88.22 -88.22 -88.22 -88.22 -88.22 -88.22 -88.22 -88.16 -87.78 -87.53 -87.31 -87.12 -87.06 -86.84 -86.47 -86.34 -86.22 -85.78 -85.44 -85.47 -85.34 -85.12 -84.94 -84.75 -84.50 -84.25 -84.00 -83.59 -83.50 -83.41 -83.25 -83.00 -82.84 -82.69 -82.53 -82.16 -82.06 -81.94 -81.78 -81.41 -81.19 -81.59 -80.97 -80.78 -80.56
-88.22 -88.25 -88.25 -88.25 -88.25 -88.25 -88.25 -88.22 -88.22 -88.22 -88.22 -88.22 -88.22 -88.22 -88.22 -88.22 -88.22 -88.22 -88.22 -88.22 -88.22 -88.22 -88.22 -88.22 -88.22 -88.22 -88.22 -88.22 -88.22 -88.22 -88.22 -88.22 -88.19 -88.09 -88.06 -87.78 -87.34 -87.03 -86.84 -86.53 -86.53 -86.44 -86.25 -86.12 -85.91 -85.69 -85.50 -85.22 -84.97 -84.75 -84.53 -84.03 -84.16 -83.50 -83.75 -83.59 -83.41 -83.06 -83.00 -82.81 -82.62 -82.50 -82.44 -82.12 -81.81 -81.44 -81.31 -81.75 -81.06 -81.19 -81.06
-88.25 -88.25 -88.25 -88.25 -88.25 -88.25 -88.25 -88.25 -88.25 -88.25 -88.25 -88.25 -88.22 -88.22 -88.22 -88.22 -88.22 -88.22 -88.22 -88.22 -88.22 -88.22 -88.22 -88.22 -88.22 -88.22 -88.22 -88.22 -88.22 -88.22 -88.22 -88.22 -88.22 -88.22 -88.03 -87.69 -87.44 -87.19 -87.34 -87.16 -86.91 -86.31 -86.12 -86.16 -85.84 -85.84 -85.56 -85.09 -84.75 -84.50 -84.66 -84.47 -84.38 -84.19 -84.00 -83.81 -83.66 -83.41 -83.19 -82.78 -82.88 -82.81 -82.34 -81.94 -81.81 -81.66 -81.72 -82.03 -81.72 -81.50 -81.09
-88.25 -88.25 -88.25 -88.25 -88.25 -88.25 -88.25 -88.25 -88.25 -88.25 -88.25 -88.25 -88.25 -88.25 -88.25 -88.22 -88.22 -88.22 -88.22 -88.22 -88.22 -88.22 -88.22 -88.22 -88.22 -88.22 -88.22 -88.22 -88.22 -88.22 -88.22 -88.22 -88.22 -88.03 -88.03 -88.00 -87.84 -87.66 -87.44 -87.25 -86.72 -86.19 -86.31 -86.41 -86.28 -86.06 -85.81 -85.53 -85.41 -85.16 -84.94 -84.75 -84.53 -84.34 -84.16 -84.00 -83.84 -83.22 -83.34 -83.25 -83.16 -82.50 -82.19 -82.38 -82.12 -82.03 -82.09 -82.03 -81.75 -81.19 -80.91
