arlandasctiles/Tile0,14.asc
ncols 128
nrows 128
xllcorner 0
yllcorner 0
cellsize 2.0
NODATA_value  -9999
[rows 32 to 63 of 128, columns 0 to 70 of 128]
-81.28 -81.31 -81.28 -81.28 -81.25 -81.22 -81.19 -81.16 -81.16 -81.12 -81.09 -81.09 -81.06 -81.06 -81.06 -81.03 -81.03 -81.03 -81.03 -81.03 -80.88 -80.78 -80.78 -80.81 -80.78 -80.75 -80.44 -80.16 -80.09 -80.09 -79.97 -79.88 -79.81 -79.69 -79.47 -79.34 -79.22 -79.06 -78.91 -78.72 -78.47 -78.22 -77.97 -77.78 -77.66 -77.56 -77.44 -77.28 -77.03 -76.75 -76.56 -76.50 -76.50 -76.44 -76.31 -76.16 -76.00 -75.78 -75.53 -75.25 -74.97 -74.72 -74.56 -74.38 -74.16 -73.91 -73.66 -73.50 -73.41 -73.19 -73.00
-81.28 -81.28 -81.28 -81.25 -81.22 -81.19 -81.16 -81.16 -81.12 -81.12 -81.09 -81.09 -81.06 -81.06 -81.03 -81.03 -81.03 -81.03 -81.00 -81.00 -80.97 -80.97 -80.97 -80.94 -80.84 -80.78 -80.66 -80.53 -80.41 -80.28 -80.16 -80.03 -79.84 -79.56 -79.47 -79.31 -79.12 -78.97 -78.81 -78.66 -78.50 -78.28 -78.09 -77.94 -77.81 -77.66 -77.38 -77.03 -76.69 -76.41 -76.22 -76.22 -76.28 -76.31 -76.25 -76.16 -76.00 -75.78 -75.53 -75.25 -75.00 -74.75 -74.53 -74.31 -74.03 -73.72 -73.44 -73.25 -73.12 -72.94 -72.78
-81.25 -81.25 -81.25 -81.22 -81.19 -81.16 -81.16 -81.12 -81.12 -81.09 -81.09 -81.06 -81.06 -81.03 -81.03 -81.03 -81.03 -81.00 -81.00 -81.06 -80.97 -81.00 -80.97 -80.94 -80.78 -80.59 -80.44 -80.44 -80.41 -80.34 -80.22 -80.06 -79.91 -79.69 -79.31 -79.00 -78.81 -78.66 -78.50 -78.41 -78.31 -78.19 -78.06 -77.94 -77.78 -77.56 -77.22 -76.81 -76.47 -76.19 -76.03 -76.03 -76.06 -76.12 -76.09 -76.03 -75.91 -75.72 -75.53 -75.31 -75.09 -74.88 -74.62 -74.31 -73.97 -73.66 -73.34 -73.09 -72.91 -72.75 -72.59
-81.22 -81.22 -81.22 -81.19 -81.16 -81.16 -81.12 -81.12 -81.09 -81.09 -81.06 -81.06 -81.03 -81.03 -81.03 -81.03 -81.00 -81.00 -81.00 -81.00 -81.00 -81.00 -80.97 -80.91 -80.84 -80.81 -80.72 -80.62 -80.50 -80.44 -80.28 -80.06 -79.88 -79.59 -79.31 -79.09 -78.84 -78.62 -78.44 -78.25 -78.03 -77.88 -77.78 -77.72 -77.62 -77.44 -77.12 -76.78 -76.41 -76.12 -76.00 -75.97 -76.00 -76.03 -76.03 -75.97 -75.88 -75.75 -75.59 -75.41 -75.19 -74.94 -74.66 -74.34 -74.00 -73.69 -73.38 -73.09 -72.88 -72.69 -72.50
-81.22 -81.22 -81.19 -81.16 -81.16 -81.12 -81.09 -81.09 -81.09 -81.06 -81.06 -81.03 -81.03 -81.03 -81.03 -81.00 -81.00 -81.00 -81.00 -81.00 -81.00 -81.00 -81.00 -80.97 -80.97 -80.91 -80.78 -80.62 -80.50 -80.31 -80.06 -79.88 -79.75 -79.50 -79.28 -79.06 -78.88 -78.72 -78.50 -78.22 -77.94 -77.72 -77.53 -77.47 -77.44 -77.31 -77.09 -76.78 -76.47 -76.25 -76.16 -76.09 -76.09 -76.09 -76.09 -76.03 -75.91 -75.78 -75.62 -75.44 -75.19 -74.94 -74.69 -74.38 -74.06 -73.75 -73.44 -73.19 -72.94 -72.72 -72.53
-81.22 -81.22 -81.19 -81.16 -81.12 -81.12 -81.09 -81.09 -81.06 -81.06 -81.03 -81.03 -81.03 -81.03 -81.00 -81.00 -81.00 -81.00 -81.00 -81.00 -81.00 -81.00 -81.00 -81.00 -80.97 -80.88 -80.66 -80.44 -80.38 -80.25 -80.09 -79.97 -79.75 -79.53 -79.34 -79.19 -79.03 -78.84 -78.56 -78.28 -78.00 -77.75 -77.53 -77.41 -77.31 -77.19 -77.03 -76.78 -76.56 -76.44 -76.38 -76.34 -76.31 -76.28 -76.22 -76.09 -75.97 -75.84 -75.72 -75.53 -75.28 -74.97 -74.66 -74.31 -74.00 -73.72 -73.44 -73.16 -72.91 -72.72 -72.53
-81.22 -81.22 -81.19 -81.16 -81.12 -81.09 -81.09 -81.06 -81.06 -81.03 -81.03 -81.03 -81.03 -81.03 -81.00 -81.00 -81.00 -81.00 -81.00 -81.00 -81.00 -81.00 -81.00 -81.00 -80.97 -80.81 -80.75 -80.53 -80.56 -80.41 -80.31 -80.12 -79.91 -79.69 -79.56 -79.41 -79.06 -78.84 -78.62 -78.41 -78.16 -77.91 -77.69 -77.47 -77.28 -77.12 -76.97 -76.84 -76.75 -76.69 -76.66 -76.59 -76.53 -76.44 -76.31 -76.19 -76.06 -75.97 -75.81 -75.59 -75.31 -74.97 -74.62 -74.25 -73.91 -73.59 -73.28 -73.00 -72.75 -72.56 -72.41
-81.25 -81.25 -81.19 -81.16 -81.12 -81.09 -81.09 -81.06 -81.06 -81.03 -81.03 -81.03 -81.03 -81.00 -81.00 -81.00 -81.00 -81.00 -81.00 -81.00 -81.00 -81.00 -81.00 -81.00 -80.97 -81.00 -80.91 -80.81 -80.72 -80.62 -80.28 -80.06 -79.91 -79.75 -79.78 -79.53 -79.22 -79.00 -78.84 -78.62 -78.38 -78.12 -77.91 -77.66 -77.41 -77.22 -77.12 -77.09 -77.03 -76.97 -76.88 -76.78 -76.66 -76.50 -76.38 -76.25 -76.12 -76.03 -75.88 -75.66 -75.38 -75.06 -74.72 -74.34 -73.94 -73.56 -73.22 -72.91 -72.69 -72.47 -72.34
-81.28 -81.25 -81.22 -81.16 -81.12 -81.12 -81.09 -81.06 -81.06 -81.03 -81.03 -81.03 -81.03 -81.03 -81.00 -81.00 -81.00 -81.00 -81.00 -81.00 -81.00 -81.00 -81.00 -81.00 -81.00 -80.97 -80.94 -80.94 -80.84 -80.69 -80.38 -80.12 -80.06 -79.94 -79.97 -79.72 -79.50 -79.34 -79.16 -78.91 -78.62 -78.38 -78.12 -77.91 -77.69 -77.53 -77.47 -77.38 -77.28 -77.16 -77.00 -76.84 -76.69 -76.53 -76.41 -76.25 -76.12 -76.03 -75.88 -75.69 -75.47 -75.22 -74.88 -74.50 -74.06 -73.62 -73.28 -73.00 -72.78 -72.59 -72.44
-81.28 -81.28 -81.22 -81.19 -81.16 -81.12 -81.09 -81.09 -81.06 -81.06 -81.03 -81.03 -81.03 -81.03 -81.03 -81.00 -81.00 -81.00 -81.00 -81.00 -81.00 -81.00 -81.00 -81.00 -81.00 -80.97 -80.94 -80.91 -80.84 -80.78 -80.53 -80.38 -80.31 -80.22 -80.12 -79.97 -79.78 -79.59 -79.41 -79.12 -78.88 -78.66 -78.47 -78.28 -78.09 -77.91 -77.75 -77.59 -77.41 -77.22 -77.03 -76.84 -76.69 -76.53 -76.38 -76.25 -76.09 -75.97 -75.84 -75.66 -75.44 -75.19 -74.84 -74.50 -74.12 -73.72 -73.38 -73.16 -72.91 -72.72 -72.50
-81.31 -81.31 -81.25 -81.22 -81.16 -81.16 -81.12 -81.09 -81.09 -81.06 -81.06 -81.03 -81.03 -81.03 -81.03 -81.03 -81.00 -81.00 -81.00 -81.00 -81.00 -81.00 -81.00 -81.00 -81.00 -80.97 -80.94 -80.91 -80.88 -80.81 -80.75 -80.62 -80.53 -80.41 -80.28 -80.09 -79.91 -79.75 -79.56 -79.34 -79.12 -78.94 -78.78 -78.56 -78.34 -78.12 -77.88 -77.66 -77.44 -77.22 -77.00 -76.78 -76.59 -76.41 -76.28 -76.16 -76.00 -75.91 -75.78 -75.56 -75.28 -75.00 -74.66 -74.31 -74.00 -73.72 -73.47 -73.25 -73.00 -72.72 -72.50
-81.34 -81.34 -81.28 -81.22 -81.19 -81.16 -81.12 -81.12 -81.09 -81.09 -81.06 -81.06 -81.06 -81.03 -81.03 -81.03 -81.03 -81.00 -81.00 -81.00 -81.00 -81.00 -81.00 -81.00 -80.97 -80.97 -80.94 -80.91 -80.88 -80.84 -80.81 -80.72 -80.56 -80.47 -80.34 -80.16 -79.97 -79.81 -79.62 -79.47 -79.28 -79.09 -78.91 -78.69 -78.41 -78.12 -77.84 -77.59 -77.34 -77.12 -76.88 -76.62 -76.38 -76.22 -76.09 -75.97 -75.88 -75.78 -75.69 -75.50 -75.22 -74.91 -74.53 -74.12 -73.81 -73.53 -73.31 -73.12 -72.91 -72.75 -72.59
-81.34 -81.34 -81.31 -81.25 -81.22 -81.19 -81.16 -81.12 -81.12 -81.09 -81.09 -81.06 -81.06 -81.06 -81.03 -81.03 -81.03 -81.03 -81.00 -81.00 -81.00 -81.00 -81.00 -81.00 -80.97 -80.94 -80.94 -80.91 -80.88 -80.84 -80.81 -80.72 -80.56 -80.47 -80.38 -80.22 -80.06 -79.91 -79.72 -79.53 -79.34 -79.16 -78.94 -78.69 -78.41 -78.06 -77.75 -77.50 -77.25 -77.03 -76.78 -76.50 -76.25 -76.03 -75.88 -75.75 -75.69 -75.62 -75.56 -75.41 -75.16 -74.88 -74.53 -74.16 -73.81 -73.50 -73.28 -73.09 -72.97 -72.88 -72.75
-81.38 -81.38 -81.34 -81.28 -81.25 -81.22 -81.19 -81.16 -81.12 -81.12 -81.09 -81.09 -81.06 -81.06 -81.06 -81.03 -81.03 -81.03 -81.03 -81.03 -81.00 -81.00 -81.00 -80.97 -80.97 -80.94 -80.91 -80.91 -80.88 -80.84 -80.81 -80.72 -80.56 -80.47 -80.38 -80.28 -80.16 -80.00 -79.81 -79.62 -79.41 -79.16 -78.94 -78.69 -78.38 -78.06 -77.75 -77.47 -77.22 -76.97 -76.72 -76.47 -76.19 -75.94 -75.75 -75.59 -75.47 -75.41 -75.34 -75.25 -75.00 -74.72 -74.44 -74.19 -73.91 -73.69 -73.47 -73.31 -73.16 -73.00 -72.78
-81.41 -81.41 -81.38 -81.31 -81.28 -81.25 -81.22 -81.19 -81.16 -81.12 -81.12 -81.09 -81.09 -81.06 -81.06 -81.06 -81.03 -81.03 -81.03 -81.03 -81.03 -81.00 -81.00 -80.97 -80.97 -80.94 -80.91 -80.91 -80.88 -80.84 -80.81 -80.72 -80.59 -80.50 -80.41 -80.31 -80.19 -80.03 -79.88 -79.66 -79.44 -79.19 -78.91 -78.66 -78.34 -78.00 -77.69 -77.41 -77.12 -76.91 -76.66 -76.41 -76.19 -75.97 -75.75 -75.56 -75.38 -75.22 -75.12 -75.03 -74.88 -74.62 -74.34 -74.12 -73.94 -73.78 -73.59 -73.41 -73.22 -73.00 -72.75
-81.41 -81.44 -81.41 -81.34 -81.31 -81.28 -81.25 -81.22 -81.19 -81.16 -81.16 -81.12 -81.09 -81.09 -81.06 -81.06 -81.06 -81.03 -81.03 -81.03 -81.03 -81.00 -81.00 -80.97 -80.97 -80.94 -80.91 -80.91 -80.88 -80.84 -80.81 -80.75 -80.59 -80.50 -80.41 -80.34 -80.22 -80.09 -79.91 -79.72 -79.47 -79.19 -78.91 -78.59 -78.28 -77.94 -77.59 -77.31 -77.06 -76.81 -76.59 -76.38 -76.19 -75.97 -75.78 -75.59 -75.38 -75.16 -75.00 -74.84 -74.72 -74.56 -74.31 -74.09 -73.91 -73.75 -73.56 -73.38 -73.19 -72.97 -72.72
-81.44 -81.47 -81.44 -81.38 -81.34 -81.31 -81.28 -81.25 -81.22 -81.19 -81.16 -81.16 -81.12 -81.09 -81.09 -81.06 -81.06 -81.06 -81.03 -81.03 -81.03 -81.03 -81.00 -80.97 -80.97 -80.94 -80.91 -80.91 -80.88 -80.84 -80.81 -80.75 -80.59 -80.50 -80.44 -80.34 -80.25 -80.09 -79.94 -79.75 -79.47 -79.19 -78.88 -78.56 -78.22 -77.91 -77.59 -77.28 -77.00 -76.75 -76.53 -76.31 -76.12 -75.91 -75.72 -75.53 -75.34 -75.16 -74.97 -74.75 -74.56 -74.41 -74.22 -74.03 -73.81 -73.66 -73.47 -73.31 -73.16 -72.91 -72.62
-81.47 -81.53 -81.47 -81.41 -81.34 -81.31 -81.28 -81.25 -81.25 -81.22 -81.19 -81.16 -81.16 -81.12 -81.09 -81.09 -81.06 -81.06 -81.06 -81.03 -81.03 -81.03 -81.00 -81.00 -80.97 -80.94 -80.91 -80.91 -80.88 -80.84 -80.81 -80.75 -80.62 -80.53 -80.44 -80.38 -80.25 -80.09 -79.94 -79.72 -79.47 -79.19 -78.84 -78.50 -78.16 -77.84 -77.56 -77.25 -76.97 -76.72 -76.47 -76.28 -76.09 -75.88 -75.69 -75.53 -75.34 -75.12 -74.84 -74.59 -74.34 -74.19 -74.03 -73.84 -73.69 -73.50 -73.34 -73.22 -73.09 -72.91 -72.56
-81.53 -81.56 -81.50 -81.44 -81.38 -81.34 -81.31 -81.28 -81.25 -81.22 -81.22 -81.19 -81.16 -81.12 -81.12 -81.09 -81.09 -81.06 -81.06 -81.06 -81.06 -81.03 -81.03 -81.00 -80.97 -80.94 -80.94 -80.91 -80.88 -80.88 -80.84 -80.78 -80.72 -80.59 -80.50 -80.41 -80.28 -80.09 -79.91 -79.69 -79.47 -79.16 -78.78 -78.34 -77.97 -77.62 -77.34 -77.06 -76.81 -76.56 -76.38 -76.19 -76.00 -75.84 -75.69 -75.50 -75.34 -75.09 -74.78 -74.50 -74.25 -74.03 -73.84 -73.69 -73.53 -73.38 -73.25 -73.12 -73.03 -72.91 -72.66
-81.56 -81.62 -81.53 -81.47 -81.44 -81.38 -81.34 -81.31 -81.28 -81.25 -81.22 -81.22 -81.19 -81.16 -81.12 -81.12 -81.09 -81.09 -81.06 -81.06 -81.06 -81.06 -81.03 -81.00 -81.00 -80.97 -80.94 -80.91 -80.91 -80.88 -80.84 -80.81 -80.75 -80.62 -80.53 -80.44 -80.25 -80.06 -79.84 -79.62 -79.38 -79.12 -78.75 -78.31 -77.88 -77.47 -77.19 -76.91 -76.66 -76.41 -76.22 -76.06 -75.91 -75.78 -75.66 -75.47 -75.28 -75.06 -74.78 -74.53 -74.28 -74.03 -73.78 -73.62 -73.50 -73.34 -73.22 -73.09 -73.00 -72.88 -72.69
-81.62 -81.66 -81.56 -81.50 -81.47 -81.41 -81.38 -81.34 -81.31 -81.28 -81.25 -81.22 -81.22 -81.19 -81.16 -81.12 -81.12 -81.09 -81.09 -81.09 -81.06 -81.06 -81.03 -81.03 -81.00 -80.97 -80.94 -80.94 -80.91 -80.88 -80.88 -80.84 -80.78 -80.66 -80.56 -80.44 -80.25 -80.00 -79.72 -79.47 -79.22 -79.00 -78.75 -78.44 -78.03 -77.62 -77.28 -77.00 -76.72 -76.44 -76.22 -76.06 -75.91 -75.75 -75.59 -75.38 -75.16 -74.91 -74.66 -74.41 -74.16 -73.94 -73.72 -73.56 -73.44 -73.28 -73.09 -72.94 -72.81 -72.69 -72.59
-81.69 -81.69 -81.62 -81.56 -81.50 -81.47 -81.41 -81.38 -81.34 -81.31 -81.28 -81.25 -81.22 -81.19 -81.16 -81.16 -81.12 -81.12 -81.09 -81.09 -81.09 -81.06 -81.06 -81.03 -81.03 -81.00 -80.97 -80.94 -80.94 -80.91 -80.88 -80.84 -80.78 -80.66 -80.56 -80.44 -80.25 -79.97 -79.59 -79.25 -78.94 -78.75 -78.59 -78.41 -78.16 -77.78 -77.44 -77.16 -76.91 -76.62 -76.38 -76.16 -75.94 -75.72 -75.50 -75.22 -74.94 -74.66 -74.41 -74.16 -73.94 -73.75 -73.53 -73.38 -73.25 -73.09 -72.88 -72.66 -72.44 -72.31 -72.22
-81.72 -81.72 -81.66 -81.59 -81.53 -81.50 -81.44 -81.41 -81.38 -81.34 -81.31 -81.28 -81.25 -81.22 -81.19 -81.16 -81.16 -81.12 -81.12 -81.12 -81.09 -81.09 -81.09 -81.06 -81.03 -81.00 -81.00 -80.97 -80.94 -80.91 -80.91 -80.88 -80.81 -80.66 -80.56 -80.44 -80.22 -79.88 -79.44 -79.00 -78.62 -78.38 -78.22 -78.09 -77.97 -77.72 -77.38 -77.12 -76.91 -76.69 -76.44 -76.19 -75.97 -75.72 -75.44 -75.16 -74.81 -74.53 -74.28 -74.09 -73.88 -73.66 -73.44 -73.25 -73.06 -72.88 -72.66 -72.41 -72.12 -71.91 -71.81
-81.72 -81.75 -81.72 -81.66 -81.59 -81.53 -81.50 -81.44 -81.41 -81.38 -81.34 -81.31 -81.28 -81.25 -81.22 -81.19 -81.16 -81.16 -81.12 -81.12 -81.12 -81.09 -81.09 -81.09 -81.06 -81.03 -81.00 -81.00 -80.97 -80.94 -80.91 -80.88 -80.81 -80.69 -80.56 -80.38 -80.12 -79.72 -79.25 -78.78 -78.31 -77.97 -77.72 -77.62 -77.56 -77.47 -77.25 -77.03 -76.78 -76.53 -76.31 -76.12 -75.97 -75.75 -75.50 -75.22 -74.91 -74.59 -74.34 -74.16 -73.94 -73.69 -73.47 -73.22 -73.00 -72.78 -72.53 -72.28 -72.03 -71.81 -71.69
-81.75 -81.78 -81.75 -81.69 -81.62 -81.56 -81.53 -81.50 -81.44 -81.41 -81.38 -81.34 -81.31 -81.25 -81.25 -81.22 -81.19 -81.16 -81.16 -81.16 -81.12 -81.12 -81.12 -81.09 -81.09 -81.06 -81.03 -81.00 -81.00 -80.97 -80.94 -80.91 -80.84 -80.69 -80.56 -80.34 -80.00 -79.56 -79.09 -78.59 -78.09 -77.66 -77.34 -77.16 -77.09 -77.09 -77.03 -76.88 -76.59 -76.25 -76.00 -75.88 -75.84 -75.75 -75.56 -75.31 -75.03 -74.78 -74.53 -74.31 -74.06 -73.81 -73.59 -73.38 -73.16 -72.91 -72.69 -72.44 -72.22 -71.97 -71.72
-81.75 -81.78 -81.78 -81.75 -81.66 -81.59 -81.56 -81.53 -81.50 -81.44 -81.41 -81.38 -81.34 -81.28 -81.25 -81.25 -81.22 -81.19 -81.19 -81.16 -81.16 -81.16 -81.12 -81.12 -81.09 -81.09 -81.06 -81.03 -81.00 -81.00 -80.97 -80.94 -80.84 -80.72 -80.56 -80.31 -79.91 -79.47 -79.00 -78.53 -78.03 -77.53 -77.12 -76.88 -76.75 -76.69 -76.66 -76.53 -76.31 -76.03 -75.72 -75.56 -75.53 -75.56 -75.50 -75.28 -75.03 -74.81 -74.59 -74.38 -74.19 -74.00 -73.81 -73.59 -73.38 -73.12 -72.88 -72.66 -72.41 -72.03 -71.69
-81.78 -81.84 -81.81 -81.81 -81.72 -81.66 -81.59 -81.56 -81.53 -81.50 -81.44 -81.41 -81.38 -81.31 -81.28 -81.28 -81.25 -81.22 -81.22 -81.19 -81.19 -81.16 -81.16 -81.12 -81.12 -81.09 -81.09 -81.06 -81.03 -81.00 -81.00 -80.94 -80.81 -80.69 -80.50 -80.22 -79.81 -79.41 -78.97 -78.50 -78.00 -77.47 -77.00 -76.69 -76.53 -76.41 -76.28 -76.16 -76.00 -75.81 -75.53 -75.28 -75.22 -75.25 -75.25 -75.12 -74.97 -74.75 -74.53 -74.34 -74.19 -74.06 -73.91 -73.69 -73.41 -73.12 -72.88 -72.62 -72.31 -71.94 -71.56
-81.81 -81.88 -81.88 -81.84 -81.75 -81.69 -81.66 -81.62 -81.56 -81.53 -81.47 -81.44 -81.41 -81.38 -81.34 -81.31 -81.28 -81.25 -81.22 -81.22 -81.22 -81.19 -81.19 -81.16 -81.16 -81.12 -81.12 -81.09 -81.06 -81.03 -81.00 -80.94 -80.81 -80.66 -80.28 -79.88 -79.50 -79.22 -78.91 -78.53 -78.00 -77.44 -76.97 -76.62 -76.41 -76.22 -76.00 -75.81 -75.59 -75.44 -75.31 -75.12 -74.97 -74.94 -74.91 -74.84 -74.78 -74.66 -74.50 -74.31 -74.16 -73.97 -73.78 -73.56 -73.31 -73.06 -72.81 -72.56 -72.25 -71.91 -71.62
-81.88 -81.94 -81.91 -81.88 -81.81 -81.75 -81.69 -81.66 -81.62 -81.56 -81.53 -81.47 -81.44 -81.41 -81.38 -81.34 -81.31 -81.28 -81.28 -81.25 -81.25 -81.22 -81.22 -81.19 -81.19 -81.16 -81.12 -81.12 -81.09 -81.06 -81.03 -80.97 -80.81 -80.53 -80.09 -79.59 -79.22 -78.97 -78.75 -78.44 -78.00 -77.50 -77.06 -76.72 -76.41 -76.12 -75.84 -75.56 -75.31 -75.12 -75.06 -75.00 -74.88 -74.78 -74.62 -74.50 -74.47 -74.44 -74.41 -74.25 -74.00 -73.78 -73.53 -73.31 -73.06 -72.81 -72.59 -72.44 -72.25 -72.00 -71.81
-81.91 -82.00 -81.94 -81.91 -81.88 -81.81 -81.75 -81.69 -81.66 -81.62 -81.56 -81.53 -81.47 -81.44 -81.41 -81.38 -81.34 -81.31 -81.31 -81.28 -81.28 -81.25 -81.25 -81.22 -81.19 -81.19 -81.16 -81.16 -81.12 -81.09 -81.06 -80.94 -80.72 -80.34 -79.94 -79.50 -79.16 -78.91 -78.69 -78.34 -77.94 -77.53 -77.19 -76.81 -76.47 -76.12 -75.75 -75.41 -75.12 -74.94 -74.88 -74.84 -74.81 -74.72 -74.50 -74.28 -74.16 -74.16 -74.16 -74.03 -73.78 -73.53 -73.25 -73.00 -72.72 -72.47 -72.25 -72.12 -72.03 -71.97 -71.84
-81.97 -82.03 -82.00 -81.94 -81.91 -81.84 -81.78 -81.75 -81.69 -81.66 -81.62 -81.56 -81.50 -81.47 -81.44 -81.41 -81.38 -81.38 -81.34 -81.31 -81.31 -81.28 -81.28 -81.25 -81.22 -81.22 -81.19 -81.16 -81.16 -81.12 -81.06 -80.94 -80.66 -80.28 -79.91 -79.59 -79.31 -79.03 -78.69 -78.28 -77.88 -77.50 -77.16 -76.84 -76.47 -76.12 -75.72 -75.38 -75.09 -74.91 -74.84 -74.84 -74.81 -74.72 -74.50 -74.22 -74.03 -73.91 -73.88 -73.78 -73.56 -73.28 -73.00 -72.72 -72.44 -72.22 -72.03 -71.88 -71.78 -71.72 -71.66
-82.03 -82.09 -82.03 -82.00 -81.94 -81.91 -81.84 -81.78 -81.75 -81.69 -81.66 -81.59 -81.56 -81.53 -81.50 -81.47 -81.44 -81.41 -81.38 -81.38 -81.34 -81.31 -81.31 -81.28 -81.25 -81.25 -81.22 -81.19 -81.16 -81.12 -81.03 -80.91 -80.72 -80.44 -80.09 -79.81 -79.50 -79.12 -78.75 -78.31 -77.88 -77.50 -77.16 -76.88 -76.56 -76.25 -75.88 -75.50 -75.22 -75.06 -75.03 -75.03 -74.94 -74.81 -74.53 -74.25 -74.00 -73.81 -73.72 -73.56 -73.38 -73.09 -72.81 -72.50 -72.22 -72.03 -71.88 -71.72 -71.59 -71.47 -71.38
