arlandasctiles/Tile13,12.asc
ncols 128
nrows 128
xllcorner 0
yllcorner 0
cellsize 2.0
NODATA_value  -9999
[rows 33 to 65 of 128, columns 0 to 73 of 128]
-1.44 -1.28 -1.12 -0.97 -0.84 -0.72 -0.56 -0.44 -0.34 -0.22 -0.12 -0.03 0.06 0.12 0.16 0.22 0.25 0.22 0.22 0.16 0.12 0.06 0.00 -0.06 -0.16 -0.25 -0.34 -0.47 -0.59 -0.75 -0.88 -1.03 -1.22 -1.44 -1.69 -1.97 -2.28 -2.59 -2.94 -3.31 -3.69 -4.12 -4.59 -5.06 -5.50 -5.97 -6.44 -6.91 -7.44 -8.00 -8.59 -9.22 -9.88 -10.56 -11.31 -12.12 -12.91 -13.78 -14.66 -15.47 -16.41 -17.44 -18.44 -19.34 -20.31 -21.09 -21.84 -22.69 -23.53 -24.31 -25.28 -25.88 -26.94 -27.75
-1.62 -1.44 -1.28 -1.16 -1.00 -0.84 -0.72 -0.59 -0.44 -0.34 -0.22 -0.12 -0.03 0.06 0.12 0.16 0.22 0.22 0.22 0.19 0.16 0.12 0.06 0.00 -0.06 -0.16 -0.25 -0.34 -0.47 -0.59 -0.75 -0.91 -1.06 -1.28 -1.53 -1.78 -2.06 -2.38 -2.72 -3.09 -3.47 -3.91 -4.31 -4.72 -5.12 -5.56 -6.03 -6.50 -7.03 -7.59 -8.16 -8.78 -9.41 -10.09 -10.81 -11.62 -12.44 -13.22 -14.06 -14.94 -15.88 -16.84 -17.84 -18.97 -19.72 -20.47 -21.22 -22.06 -22.97 -23.84 -24.66 -25.66 -26.69 -27.19
-1.81 -1.66 -1.47 -1.31 -1.16 -1.03 -0.88 -0.72 -0.59 -0.47 -0.34 -0.22 -0.12 -0.03 0.03 0.09 0.16 0.19 0.22 0.19 0.19 0.16 0.09 0.06 0.00 -0.06 -0.16 -0.25 -0.38 -0.47 -0.62 -0.75 -0.94 -1.12 -1.38 -1.62 -1.91 -2.19 -2.53 -2.88 -3.25 -3.62 -4.00 -4.38 -4.78 -5.22 -5.66 -6.16 -6.66 -7.19 -7.75 -8.34 -9.00 -9.66 -10.38 -11.16 -12.00 -12.78 -13.62 -14.53 -15.47 -16.50 -17.50 -18.28 -19.06 -19.78 -20.62 -21.62 -22.44 -23.38 -24.56 -25.56 -26.09 -25.88
-2.03 -1.84 -1.69 -1.53 -1.34 -1.19 -1.03 -0.88 -0.75 -0.59 -0.47 -0.34 -0.25 -0.12 -0.03 0.03 0.09 0.16 0.19 0.19 0.19 0.16 0.12 0.09 0.06 0.00 -0.06 -0.16 -0.25 -0.38 -0.50 -0.62 -0.81 -1.00 -1.22 -1.47 -1.75 -2.03 -2.34 -2.69 -3.00 -3.34 -3.69 -4.06 -4.47 -4.91 -5.34 -5.81 -6.31 -6.84 -7.41 -7.97 -8.59 -9.25 -9.97 -10.75 -11.56 -12.41 -13.22 -14.09 -15.00 -15.94 -16.78 -17.56 -18.41 -19.22 -20.22 -21.09 -22.06 -23.25 -24.16 -24.78 -25.00 -25.41
-2.25 -2.06 -1.91 -1.75 -1.56 -1.38 -1.22 -1.06 -0.91 -0.75 -0.62 -0.50 -0.38 -0.25 -0.16 -0.06 0.03 0.09 0.12 0.16 0.19 0.19 0.16 0.12 0.09 0.06 0.00 -0.06 -0.16 -0.28 -0.38 -0.53 -0.69 -0.91 -1.09 -1.34 -1.59 -1.88 -2.16 -2.47 -2.75 -3.09 -3.44 -3.81 -4.22 -4.62 -5.06 -5.50 -6.00 -6.50 -7.03 -7.62 -8.22 -8.88 -9.56 -10.31 -11.09 -11.94 -12.69 -13.53 -14.38 -15.22 -16.16 -17.06 -18.00 -18.97 -19.81 -20.72 -21.84 -22.81 -23.41 -23.72 -24.22 -24.75
-2.50 -2.31 -2.16 -1.97 -1.78 -1.59 -1.44 -1.25 -1.09 -0.94 -0.78 -0.62 -0.50 -0.38 -0.25 -0.16 -0.06 0.00 0.06 0.12 0.16 0.16 0.16 0.16 0.12 0.09 0.06 0.00 -0.09 -0.19 -0.31 -0.44 -0.59 -0.78 -1.00 -1.22 -1.44 -1.69 -1.97 -2.25 -2.56 -2.88 -3.22 -3.56 -3.94 -4.34 -4.78 -5.22 -5.69 -6.19 -6.72 -7.28 -7.88 -8.50 -9.19 -9.88 -10.62 -11.41 -12.22 -13.00 -13.78 -14.69 -15.69 -16.59 -17.56 -18.41 -19.47 -20.59 -21.38 -21.91 -22.41 -23.03 -23.72 -24.47
-2.75 -2.59 -2.41 -2.19 -2.00 -1.81 -1.66 -1.47 -1.28 -1.12 -0.97 -0.81 -0.66 -0.53 -0.41 -0.28 -0.19 -0.09 0.00 0.06 0.09 0.12 0.16 0.16 0.16 0.12 0.09 0.03 -0.03 -0.12 -0.25 -0.38 -0.53 -0.69 -0.88 -1.06 -1.31 -1.53 -1.78 -2.06 -2.34 -2.66 -3.00 -3.34 -3.72 -4.09 -4.50 -4.94 -5.41 -5.91 -6.41 -6.97 -7.53 -8.16 -8.81 -9.50 -10.19 -10.97 -11.78 -12.53 -13.38 -14.28 -15.16 -16.16 -17.16 -18.19 -19.12 -19.72 -20.31 -21.16 -21.88 -22.59 -23.66 -24.31
-3.03 -2.84 -2.66 -2.47 -2.25 -2.06 -1.88 -1.69 -1.50 -1.31 -1.16 -1.00 -0.84 -0.69 -0.56 -0.41 -0.31 -0.19 -0.09 -0.03 0.03 0.09 0.12 0.12 0.12 0.12 0.09 0.06 0.00 -0.09 -0.19 -0.31 -0.44 -0.59 -0.75 -0.94 -1.16 -1.38 -1.62 -1.91 -2.19 -2.47 -2.81 -3.12 -3.50 -3.88 -4.28 -4.69 -5.16 -5.62 -6.12 -6.66 -7.25 -7.84 -8.47 -9.12 -9.84 -10.59 -11.41 -12.25 -13.09 -13.94 -14.91 -15.91 -16.72 -17.50 -18.19 -18.97 -19.91 -20.78 -21.47 -22.56 -23.34 -23.91
-3.34 -3.16 -2.94 -2.72 -2.53 -2.31 -2.12 -1.94 -1.75 -1.56 -1.38 -1.19 -1.03 -0.88 -0.72 -0.56 -0.44 -0.31 -0.22 -0.12 -0.03 0.03 0.06 0.09 0.09 0.09 0.09 0.06 0.03 -0.03 -0.12 -0.22 -0.34 -0.50 -0.66 -0.84 -1.03 -1.25 -1.47 -1.75 -2.00 -2.31 -2.62 -2.94 -3.31 -3.66 -4.06 -4.47 -4.91 -5.38 -5.88 -6.41 -6.97 -7.56 -8.19 -8.84 -9.56 -10.31 -11.12 -12.03 -12.84 -13.75 -14.62 -15.41 -16.03 -16.81 -17.66 -18.56 -19.47 -20.38 -21.41 -22.25 -22.91 -23.56
-3.66 -3.44 -3.25 -3.03 -2.81 -2.59 -2.38 -2.19 -2.00 -1.78 -1.59 -1.41 -1.25 -1.06 -0.91 -0.72 -0.59 -0.47 -0.34 -0.22 -0.12 -0.06 0.00 0.03 0.06 0.09 0.09 0.06 0.03 0.00 -0.09 -0.19 -0.28 -0.41 -0.56 -0.72 -0.91 -1.12 -1.34 -1.59 -1.84 -2.12 -2.44 -2.78 -3.09 -3.47 -3.84 -4.28 -4.69 -5.16 -5.66 -6.19 -6.75 -7.34 -7.97 -8.62 -9.34 -10.09 -10.91 -11.78 -12.56 -13.31 -14.00 -14.72 -15.47 -16.38 -17.28 -18.22 -19.06 -20.09 -21.06 -21.72 -22.16 -22.59
-3.97 -3.78 -3.56 -3.34 -3.12 -2.88 -2.69 -2.47 -2.25 -2.06 -1.84 -1.66 -1.47 -1.28 -1.09 -0.91 -0.75 -0.62 -0.47 -0.34 -0.25 -0.16 -0.06 0.00 0.03 0.06 0.06 0.06 0.03 0.00 -0.03 -0.12 -0.22 -0.34 -0.47 -0.62 -0.81 -1.00 -1.22 -1.44 -1.72 -1.97 -2.28 -2.59 -2.94 -3.28 -3.69 -4.09 -4.53 -4.97 -5.47 -6.00 -6.56 -7.16 -7.81 -8.47 -9.19 -9.94 -10.72 -11.53 -12.25 -12.94 -13.66 -14.38 -15.22 -16.16 -16.91 -17.78 -18.91 -19.81 -20.50 -20.75 -21.50 -22.16
-4.28 -4.09 -3.88 -3.66 -3.44 -3.19 -2.97 -2.75 -2.53 -2.34 -2.12 -1.91 -1.69 -1.50 -1.28 -1.12 -0.94 -0.78 -0.62 -0.50 -0.38 -0.25 -0.16 -0.09 -0.03 0.03 0.03 0.06 0.06 0.03 0.00 -0.06 -0.16 -0.25 -0.38 -0.53 -0.69 -0.88 -1.09 -1.31 -1.56 -1.84 -2.12 -2.44 -2.78 -3.12 -3.53 -3.94 -4.38 -4.81 -5.31 -5.84 -6.44 -7.03 -7.66 -8.34 -9.03 -9.78 -10.53 -11.28 -12.09 -12.78 -13.44 -14.22 -15.03 -15.72 -16.59 -17.59 -18.56 -19.06 -19.50 -20.22 -21.00 -21.28
-4.59 -4.41 -4.22 -4.00 -3.75 -3.53 -3.31 -3.06 -2.84 -2.62 -2.41 -2.19 -1.94 -1.72 -1.53 -1.31 -1.16 -0.97 -0.78 -0.66 -0.50 -0.38 -0.28 -0.16 -0.09 -0.03 0.00 0.03 0.03 0.03 0.00 -0.03 -0.09 -0.19 -0.28 -0.44 -0.59 -0.75 -0.97 -1.19 -1.44 -1.69 -2.00 -2.31 -2.62 -3.00 -3.38 -3.78 -4.22 -4.69 -5.19 -5.72 -6.31 -6.91 -7.53 -8.22 -8.91 -9.62 -10.34 -11.09 -11.84 -12.50 -13.19 -14.03 -14.84 -15.81 -16.59 -17.34 -17.75 -18.34 -18.88 -19.47 -19.97 -20.84
-4.84 -4.75 -4.53 -4.34 -4.12 -3.88 -3.66 -3.44 -3.19 -2.97 -2.72 -2.47 -2.22 -2.00 -1.78 -1.56 -1.38 -1.16 -0.97 -0.81 -0.66 -0.50 -0.38 -0.28 -0.19 -0.09 -0.03 0.00 0.03 0.03 0.03 0.00 -0.03 -0.12 -0.22 -0.34 -0.50 -0.66 -0.84 -1.06 -1.31 -1.56 -1.84 -2.16 -2.50 -2.88 -3.25 -3.66 -4.09 -4.56 -5.09 -5.62 -6.19 -6.81 -7.44 -8.09 -8.78 -9.47 -10.19 -10.91 -11.66 -12.47 -13.22 -13.88 -14.53 -15.31 -15.88 -16.34 -17.09 -17.69 -18.19 -18.72 -19.50 -20.72
-5.16 -5.00 -4.91 -4.69 -4.47 -4.25 -4.03 -3.78 -3.56 -3.28 -3.00 -2.75 -2.50 -2.28 -2.03 -1.81 -1.59 -1.38 -1.19 -1.00 -0.84 -0.66 -0.50 -0.38 -0.28 -0.19 -0.12 -0.06 -0.03 0.00 0.00 0.00 -0.03 -0.06 -0.16 -0.25 -0.41 -0.56 -0.75 -0.97 -1.19 -1.44 -1.75 -2.03 -2.38 -2.75 -3.12 -3.53 -4.00 -4.47 -4.97 -5.53 -6.09 -6.69 -7.31 -7.97 -8.66 -9.34 -10.06 -10.78 -11.56 -12.38 -13.00 -13.62 -14.31 -14.97 -15.44 -16.12 -16.62 -17.12 -17.62 -18.47 -19.75 -20.28
-5.44 -5.28 -5.12 -4.94 -4.81 -4.62 -4.38 -4.16 -3.91 -3.62 -3.34 -3.09 -2.81 -2.59 -2.34 -2.06 -1.84 -1.62 -1.44 -1.22 -1.00 -0.81 -0.66 -0.50 -0.41 -0.28 -0.22 -0.16 -0.09 -0.06 -0.03 0.00 -0.03 -0.03 -0.09 -0.19 -0.31 -0.47 -0.62 -0.84 -1.06 -1.34 -1.62 -1.94 -2.25 -2.62 -3.00 -3.44 -3.88 -4.38 -4.88 -5.41 -6.00 -6.59 -7.22 -7.84 -8.50 -9.19 -9.88 -10.59 -11.31 -12.00 -12.59 -13.16 -13.75 -14.25 -14.81 -15.47 -16.06 -16.81 -17.56 -18.66 -19.31 -19.84
-5.75 -5.59 -5.44 -5.28 -5.09 -4.97 -4.75 -4.53 -4.28 -3.97 -3.69 -3.44 -3.16 -2.91 -2.62 -2.34 -2.12 -1.91 -1.69 -1.41 -1.19 -0.97 -0.81 -0.66 -0.53 -0.41 -0.31 -0.25 -0.19 -0.12 -0.06 -0.06 -0.03 -0.03 -0.06 -0.09 -0.22 -0.38 -0.53 -0.75 -0.97 -1.22 -1.50 -1.81 -2.16 -2.50 -2.91 -3.31 -3.78 -4.25 -4.78 -5.31 -5.88 -6.47 -7.06 -7.69 -8.34 -8.97 -9.62 -10.28 -10.91 -11.50 -12.09 -12.69 -13.25 -13.84 -14.78 -15.78 -16.50 -17.12 -17.72 -18.34 -18.88 -18.97
-6.00 -5.88 -5.78 -5.59 -5.44 -5.25 -5.03 -4.91 -4.66 -4.38 -4.09 -3.81 -3.53 -3.22 -2.94 -2.69 -2.47 -2.19 -1.88 -1.62 -1.38 -1.16 -1.00 -0.81 -0.69 -0.56 -0.44 -0.34 -0.28 -0.19 -0.16 -0.09 -0.06 -0.06 -0.06 -0.06 -0.12 -0.28 -0.44 -0.62 -0.84 -1.12 -1.41 -1.69 -2.03 -2.41 -2.78 -3.22 -3.66 -4.16 -4.66 -5.19 -5.75 -6.34 -6.94 -7.53 -8.12 -8.75 -9.34 -9.94 -10.50 -11.09 -11.75 -12.44 -13.16 -13.91 -14.62 -15.09 -15.47 -16.44 -17.44 -17.84 -17.75 -18.22
-6.25 -6.16 -6.03 -5.94 -5.75 -5.56 -5.38 -5.19 -5.03 -4.75 -4.50 -4.19 -3.88 -3.56 -3.28 -3.09 -2.78 -2.44 -2.12 -1.84 -1.59 -1.38 -1.19 -1.00 -0.84 -0.72 -0.59 -0.47 -0.38 -0.28 -0.22 -0.16 -0.12 -0.09 -0.06 -0.06 -0.09 -0.19 -0.34 -0.53 -0.75 -1.00 -1.28 -1.59 -1.91 -2.28 -2.66 -3.09 -3.53 -4.03 -4.53 -5.06 -5.62 -6.19 -6.75 -7.34 -7.91 -8.50 -9.06 -9.62 -10.19 -10.81 -11.50 -12.25 -12.84 -13.38 -13.94 -14.69 -15.78 -16.44 -16.84 -16.75 -17.12 -17.78
-6.44 -6.38 -6.28 -6.19 -6.03 -5.91 -5.72 -5.53 -5.31 -5.16 -4.88 -4.59 -4.25 -3.97 -3.75 -3.44 -3.06 -2.72 -2.41 -2.09 -1.84 -1.59 -1.38 -1.19 -1.03 -0.88 -0.72 -0.59 -0.50 -0.41 -0.31 -0.25 -0.19 -0.12 -0.09 -0.06 -0.06 -0.12 -0.25 -0.44 -0.66 -0.88 -1.16 -1.47 -1.78 -2.16 -2.53 -2.97 -3.41 -3.88 -4.41 -4.91 -5.47 -6.03 -6.59 -7.16 -7.72 -8.25 -8.81 -9.38 -9.94 -10.53 -11.22 -11.91 -12.47 -13.06 -13.97 -14.91 -15.47 -15.22 -15.59 -16.12 -16.69 -18.09
-6.62 -6.56 -6.50 -6.41 -6.31 -6.19 -6.06 -5.84 -5.66 -5.41 -5.25 -4.97 -4.69 -4.41 -4.09 -3.78 -3.34 -3.00 -2.69 -2.38 -2.09 -1.81 -1.59 -1.41 -1.22 -1.06 -0.91 -0.75 -0.62 -0.50 -0.41 -0.31 -0.25 -0.19 -0.12 -0.09 -0.06 -0.06 -0.16 -0.34 -0.53 -0.78 -1.03 -1.34 -1.66 -2.03 -2.41 -2.81 -3.28 -3.75 -4.25 -4.75 -5.31 -5.84 -6.41 -6.94 -7.50 -8.03 -8.56 -9.12 -9.66 -10.28 -10.94 -11.66 -12.41 -13.28 -13.94 -14.06 -14.31 -14.50 -15.00 -15.78 -17.03 -17.56
-6.78 -6.75 -6.69 -6.62 -6.53 -6.44 -6.31 -6.19 -5.97 -5.75 -5.53 -5.28 -5.06 -4.78 -4.47 -4.06 -3.69 -3.34 -3.00 -2.69 -2.38 -2.06 -1.84 -1.62 -1.41 -1.22 -1.06 -0.91 -0.75 -0.62 -0.53 -0.41 -0.31 -0.25 -0.16 -0.12 -0.06 -0.06 -0.09 -0.25 -0.44 -0.66 -0.94 -1.22 -1.53 -1.88 -2.28 -2.69 -3.12 -3.59 -4.09 -4.59 -5.12 -5.69 -6.22 -6.75 -7.28 -7.81 -8.31 -8.84 -9.38 -10.00 -10.66 -11.34 -12.16 -12.69 -12.78 -13.12 -13.53 -14.00 -15.22 -16.06 -16.62 -16.56
-6.91 -6.88 -6.84 -6.81 -6.75 -6.66 -6.56 -6.44 -6.28 -6.09 -5.88 -5.62 -5.38 -5.16 -4.84 -4.44 -4.06 -3.72 -3.34 -3.00 -2.66 -2.34 -2.09 -1.84 -1.62 -1.44 -1.22 -1.06 -0.91 -0.78 -0.66 -0.50 -0.41 -0.31 -0.22 -0.16 -0.09 -0.06 -0.03 -0.16 -0.34 -0.56 -0.81 -1.09 -1.41 -1.75 -2.12 -2.53 -2.97 -3.44 -3.94 -4.44 -4.97 -5.50 -6.03 -6.56 -7.06 -7.56 -8.06 -8.56 -9.09 -9.72 -10.38 -11.03 -11.72 -12.00 -12.22 -12.81 -13.66 -14.47 -15.12 -15.41 -15.56 -15.84
-7.00 -7.00 -6.97 -6.94 -6.91 -6.84 -6.75 -6.66 -6.53 -6.38 -6.22 -5.97 -5.72 -5.44 -5.22 -4.84 -4.47 -4.09 -3.72 -3.34 -2.97 -2.62 -2.34 -2.09 -1.84 -1.62 -1.41 -1.25 -1.09 -0.91 -0.75 -0.62 -0.50 -0.38 -0.28 -0.19 -0.12 -0.06 -0.03 -0.06 -0.22 -0.44 -0.69 -0.97 -1.28 -1.59 -1.97 -2.38 -2.81 -3.28 -3.75 -4.28 -4.78 -5.31 -5.84 -6.34 -6.84 -7.31 -7.81 -8.31 -8.88 -9.47 -10.12 -10.81 -11.31 -11.66 -12.56 -13.03 -13.62 -14.00 -14.12 -14.44 -14.97 -15.50
-7.22 -7.22 -7.06 -7.06 -7.03 -7.00 -6.94 -6.84 -6.75 -6.62 -6.47 -6.31 -6.06 -5.81 -5.53 -5.25 -4.91 -4.50 -4.09 -3.69 -3.31 -2.94 -2.62 -2.31 -2.06 -1.84 -1.62 -1.44 -1.25 -1.03 -0.88 -0.72 -0.59 -0.47 -0.34 -0.25 -0.16 -0.09 -0.06 -0.03 -0.12 -0.34 -0.56 -0.84 -1.12 -1.47 -1.84 -2.25 -2.66 -3.12 -3.59 -4.09 -4.62 -5.12 -5.62 -6.12 -6.62 -7.09 -7.59 -8.09 -8.66 -9.28 -9.91 -10.50 -11.03 -11.91 -12.38 -12.62 -12.75 -13.22 -13.62 -14.25 -14.72 -15.25
-7.22 -7.25 -7.28 -7.12 -7.12 -7.12 -7.09 -7.03 -6.94 -6.84 -6.72 -6.56 -6.41 -6.12 -5.88 -5.56 -5.28 -4.91 -4.47 -4.06 -3.66 -3.25 -2.88 -2.56 -2.31 -2.09 -1.84 -1.62 -1.38 -1.16 -1.00 -0.81 -0.69 -0.56 -0.44 -0.34 -0.25 -0.16 -0.09 -0.06 -0.09 -0.25 -0.47 -0.72 -1.00 -1.34 -1.72 -2.09 -2.53 -2.97 -3.44 -3.94 -4.44 -4.97 -5.47 -5.94 -6.44 -6.91 -7.41 -7.94 -8.53 -9.16 -9.75 -10.31 -10.94 -11.53 -11.81 -11.94 -12.31 -12.75 -13.38 -13.84 -14.25 -14.66
-7.22 -7.25 -7.31 -7.34 -7.19 -7.19 -7.19 -7.16 -7.09 -7.00 -6.91 -6.78 -6.62 -6.44 -6.19 -5.91 -5.56 -5.28 -4.88 -4.47 -4.03 -3.59 -3.19 -2.88 -2.62 -2.31 -2.06 -1.75 -1.53 -1.31 -1.12 -0.94 -0.81 -0.66 -0.53 -0.44 -0.34 -0.25 -0.19 -0.16 -0.12 -0.19 -0.38 -0.62 -0.91 -1.22 -1.59 -1.97 -2.41 -2.84 -3.31 -3.81 -4.31 -4.81 -5.28 -5.78 -6.25 -6.75 -7.25 -7.81 -8.41 -9.03 -9.59 -10.16 -10.78 -11.09 -11.19 -11.59 -12.12 -12.69 -12.94 -13.38 -14.00 -14.84
-7.16 -7.22 -7.28 -7.34 -7.38 -7.41 -7.25 -7.25 -7.22 -7.16 -7.09 -6.97 -6.84 -6.69 -6.47 -6.22 -5.91 -5.56 -5.25 -4.84 -4.41 -3.94 -3.56 -3.22 -2.88 -2.56 -2.19 -1.91 -1.66 -1.47 -1.28 -1.09 -0.94 -0.78 -0.66 -0.53 -0.44 -0.34 -0.28 -0.22 -0.22 -0.22 -0.31 -0.53 -0.81 -1.12 -1.50 -1.88 -2.28 -2.75 -3.19 -3.69 -4.19 -4.66 -5.16 -5.62 -6.12 -6.62 -7.16 -7.72 -8.34 -8.94 -9.50 -10.09 -10.47 -10.47 -10.84 -11.38 -11.75 -12.25 -12.97 -13.66 -14.34 -14.69
-7.12 -7.19 -7.22 -7.28 -7.34 -7.41 -7.44 -7.28 -7.28 -7.25 -7.22 -7.16 -7.03 -6.91 -6.72 -6.50 -6.22 -5.88 -5.53 -5.22 -4.81 -4.41 -3.97 -3.53 -3.12 -2.69 -2.38 -2.09 -1.84 -1.62 -1.44 -1.25 -1.09 -0.94 -0.78 -0.66 -0.53 -0.44 -0.38 -0.31 -0.28 -0.28 -0.31 -0.47 -0.75 -1.06 -1.41 -1.78 -2.22 -2.66 -3.12 -3.59 -4.06 -4.56 -5.03 -5.53 -6.00 -6.53 -7.06 -7.66 -8.28 -8.88 -9.44 -9.81 -9.84 -10.06 -10.47 -10.97 -11.53 -12.38 -13.00 -13.25 -13.62 -14.06
-7.09 -7.12 -7.16 -7.22 -7.28 -7.34 -7.41 -7.47 -7.31 -7.34 -7.31 -7.28 -7.19 -7.06 -6.91 -6.72 -6.53 -6.19 -5.84 -5.47 -5.16 -4.72 -4.31 -3.81 -3.28 -2.91 -2.56 -2.28 -2.00 -1.81 -1.59 -1.41 -1.22 -1.06 -0.91 -0.78 -0.66 -0.53 -0.47 -0.41 -0.38 -0.34 -0.38 -0.47 -0.72 -1.03 -1.38 -1.75 -2.16 -2.59 -3.06 -3.53 -4.00 -4.50 -4.97 -5.47 -5.97 -6.50 -7.06 -7.69 -8.31 -8.91 -9.28 -9.41 -9.59 -10.00 -10.47 -11.09 -11.88 -12.44 -12.91 -13.47 -13.91 -14.41
-7.12 -7.16 -7.19 -7.22 -7.25 -7.28 -7.38 -7.44 -7.50 -7.38 -7.38 -7.34 -7.31 -7.22 -7.09 -6.91 -6.69 -6.47 -6.12 -5.78 -5.50 -5.06 -4.62 -4.06 -3.56 -3.16 -2.78 -2.47 -2.22 -2.00 -1.78 -1.59 -1.38 -1.22 -1.03 -0.88 -0.75 -0.66 -0.56 -0.50 -0.47 -0.44 -0.44 -0.50 -0.72 -1.00 -1.34 -1.72 -2.12 -2.56 -3.03 -3.50 -3.97 -4.47 -4.94 -5.47 -5.97 -6.50 -7.09 -7.69 -8.28 -8.72 -9.03 -9.50 -9.84 -10.31 -10.84 -11.38 -11.78 -12.16 -12.44 -12.84 -13.38 -13.91
-7.12 -7.19 -7.22 -7.25 -7.28 -7.31 -7.34 -7.38 -7.47 -7.53 -7.41 -7.41 -7.38 -7.31 -7.22 -7.06 -6.88 -6.66 -6.41 -6.06 -5.69 -5.38 -4.88 -4.38 -3.88 -3.44 -3.03 -2.72 -2.47 -2.22 -1.97 -1.75 -1.56 -1.34 -1.19 -1.03 -0.88 -0.78 -0.69 -0.62 -0.56 -0.53 -0.53 -0.56 -0.75 -1.03 -1.38 -1.75 -2.16 -2.56 -3.03 -3.50 -4.00 -4.53 -5.03 -5.56 -6.06 -6.59 -7.12 -7.72 -8.34 -8.91 -9.22 -9.44 -9.53 -9.84 -10.19 -10.62 -11.22 -11.78 -12.62 -13.12 -13.44 -13.56
-7.16 -7.19 -7.25 -7.28 -7.31 -7.31 -7.34 -7.38 -7.41 -7.50 -7.56 -7.44 -7.44 -7.41 -7.31 -7.22 -7.06 -6.84 -6.62 -6.31 -5.97 -5.69 -5.19 -4.69 -4.22 -3.78 -3.34 -3.00 -2.72 -2.44 -2.19 -1.94 -1.72 -1.50 -1.31 -1.16 -1.03 -0.91 -0.81 -0.72 -0.69 -0.66 -0.62 -0.66 -0.81 -1.09 -1.44 -1.78 -2.19 -2.62 -3.06 -3.53 -4.00 -4.47 -5.00 -5.53 -6.09 -6.69 -7.28 -7.84 -8.38 -8.78 -9.09 -9.38 -9.75 -10.16 -10.50 -10.91 -11.19 -11.69 -12.03 -12.31 -12.66 -13.09
