arlandasctiles/Tile11,13.asc
ncols 128
nrows 128
xllcorner 0
yllcorner 0
cellsize 2.0
NODATA_value  -9999
[rows 96 to 127 of 128, columns 0 to 72 of 128]
-4.91 -4.78 -4.50 -4.31 -4.22 -4.12 -3.88 -3.78 -3.66 -3.47 -3.25 -3.09 -2.91 -2.75 -2.59 -2.44 -2.25 -2.09 -1.94 -1.78 -1.66 -1.47 -1.34 -1.22 -1.09 -0.97 -0.88 -0.75 -0.66 -0.59 -0.53 -0.47 -0.41 -0.38 -0.34 -0.31 -0.31 -0.31 -0.28 -0.31 -0.31 -0.31 -0.31 -0.31 -0.31 -0.31 -0.31 -0.28 -0.28 -0.25 -0.22 -0.19 -0.09 -0.03 0.03 0.09 0.12 0.12 0.12 0.12 0.12 0.12 0.12 0.12 0.16 0.16 0.16 0.16 0.16 0.12 0.12 0.12 0.12
-4.53 -4.38 -4.19 -3.94 -3.81 -3.72 -3.53 -3.41 -3.28 -3.12 -2.91 -2.75 -2.56 -2.44 -2.28 -2.09 -1.94 -1.78 -1.62 -1.50 -1.38 -1.22 -1.06 -0.97 -0.84 -0.72 -0.62 -0.53 -0.47 -0.38 -0.31 -0.28 -0.25 -0.19 -0.19 -0.16 -0.16 -0.09 -0.03 0.03 0.09 0.06 0.03 -0.03 -0.09 -0.12 -0.19 -0.19 -0.16 -0.12 -0.09 -0.03 0.06 0.12 0.16 0.16 0.16 0.16 0.16 0.19 0.19 0.25 0.28 0.28 0.28 0.28 0.31 0.31 0.25 0.19 0.12 0.12 0.12
-4.06 -3.97 -3.81 -3.66 -3.44 -3.34 -3.22 -3.06 -2.94 -2.78 -2.59 -2.41 -2.25 -2.09 -1.94 -1.81 -1.66 -1.50 -1.34 -1.22 -1.09 -0.97 -0.84 -0.72 -0.62 -0.50 -0.41 -0.34 -0.25 -0.19 -0.16 -0.09 -0.06 -0.03 0.06 0.22 0.44 0.59 0.72 0.78 0.84 0.81 0.75 0.69 0.62 0.53 0.41 0.28 0.16 0.09 0.03 0.09 0.16 0.16 0.16 0.16 0.16 0.16 0.16 0.16 0.25 0.34 0.44 0.44 0.44 0.44 0.44 0.44 0.34 0.22 0.12 0.12 0.12
-3.66 -3.53 -3.47 -3.31 -3.06 -3.00 -2.88 -2.72 -2.59 -2.44 -2.28 -2.12 -1.94 -1.78 -1.66 -1.50 -1.38 -1.22 -1.09 -0.97 -0.84 -0.72 -0.59 -0.50 -0.41 -0.31 -0.22 -0.16 -0.09 -0.03 0.03 0.09 0.31 0.53 0.75 0.97 1.12 1.19 1.22 1.19 1.16 1.16 1.12 1.09 1.09 1.06 1.03 0.97 0.88 0.75 0.62 0.41 0.25 0.16 0.16 0.16 0.16 0.16 0.16 0.19 0.31 0.47 0.59 0.62 0.66 0.72 0.78 0.81 0.66 0.44 0.19 0.12 0.12
-3.31 -3.16 -3.06 -2.97 -2.81 -2.66 -2.53 -2.41 -2.25 -2.09 -1.97 -1.81 -1.66 -1.50 -1.38 -1.25 -1.09 -0.97 -0.84 -0.72 -0.59 -0.50 -0.38 -0.28 -0.19 -0.09 -0.03 0.03 0.09 0.25 0.50 0.78 1.03 1.22 1.28 1.28 1.25 1.25 1.22 1.19 1.16 1.16 1.12 1.09 1.09 1.09 1.12 1.16 1.19 1.22 1.22 0.91 0.56 0.28 0.16 0.19 0.16 0.22 0.31 0.44 0.78 1.09 1.28 1.34 1.44 1.50 1.56 1.59 1.44 1.06 0.59 0.31 0.16
-2.94 -2.81 -2.69 -2.56 -2.47 -2.34 -2.22 -2.09 -1.94 -1.78 -1.66 -1.53 -1.41 -1.22 -1.09 -0.97 -0.84 -0.72 -0.59 -0.50 -0.38 -0.28 -0.19 -0.09 0.00 0.06 0.16 0.41 0.69 0.97 1.22 1.34 1.38 1.34 1.31 1.31 1.28 1.28 1.28 1.25 1.25 1.22 1.22 1.22 1.22 1.25 1.28 1.28 1.28 1.28 1.22 1.19 0.94 0.66 0.47 0.41 0.44 0.56 0.81 1.22 1.62 1.88 1.91 1.94 1.91 1.91 1.88 1.88 1.84 1.66 1.25 0.84 0.59
-2.59 -2.47 -2.34 -2.22 -2.12 -2.03 -1.91 -1.78 -1.66 -1.50 -1.38 -1.25 -1.12 -1.00 -0.84 -0.72 -0.62 -0.50 -0.38 -0.28 -0.16 -0.06 0.03 0.09 0.25 0.56 0.88 1.16 1.38 1.47 1.44 1.41 1.38 1.41 1.41 1.41 1.38 1.38 1.34 1.34 1.31 1.31 1.31 1.31 1.34 1.34 1.38 1.38 1.38 1.38 1.34 1.28 1.22 1.12 1.00 0.97 1.09 1.38 1.66 1.94 1.94 1.97 1.94 1.97 2.00 2.00 1.97 1.94 1.88 1.75 1.72 1.66 1.44
-2.25 -2.16 -2.03 -1.91 -1.81 -1.72 -1.59 -1.47 -1.34 -1.22 -1.09 -0.97 -0.88 -0.75 -0.59 -0.50 -0.38 -0.28 -0.16 -0.06 0.03 0.12 0.34 0.69 1.03 1.31 1.50 1.56 1.50 1.50 1.50 1.50 1.50 1.50 1.50 1.50 1.47 1.47 1.47 1.44 1.44 1.41 1.44 1.44 1.44 1.44 1.47 1.47 1.47 1.47 1.47 1.47 1.50 1.50 1.50 1.56 1.69 1.84 1.91 1.94 1.97 2.03 2.09 2.09 2.12 2.09 2.06 2.03 2.00 1.91 1.84 1.81 1.84
-1.91 -1.84 -1.75 -1.62 -1.50 -1.44 -1.31 -1.22 -1.09 -0.97 -0.84 -0.72 -0.62 -0.50 -0.38 -0.28 -0.19 -0.06 0.03 0.12 0.41 0.78 1.16 1.44 1.59 1.62 1.59 1.56 1.59 1.62 1.62 1.62 1.62 1.59 1.59 1.59 1.59 1.62 1.62 1.62 1.59 1.59 1.59 1.56 1.56 1.56 1.56 1.59 1.59 1.59 1.66 1.69 1.72 1.72 1.75 1.81 1.88 2.00 2.09 2.12 2.16 2.19 2.22 2.22 2.22 2.22 2.19 2.16 2.12 2.09 2.03 2.00 1.97
-1.62 -1.56 -1.47 -1.34 -1.25 -1.16 -1.06 -0.94 -0.84 -0.72 -0.59 -0.50 -0.38 -0.28 -0.19 -0.06 0.03 0.12 0.41 0.81 1.22 1.53 1.66 1.66 1.62 1.66 1.69 1.72 1.78 1.78 1.81 1.81 1.78 1.75 1.75 1.75 1.78 1.81 1.81 1.81 1.81 1.78 1.75 1.75 1.72 1.69 1.69 1.69 1.75 1.81 1.84 1.91 1.94 1.97 2.00 2.06 2.12 2.19 2.25 2.31 2.31 2.34 2.34 2.34 2.38 2.34 2.34 2.31 2.28 2.25 2.22 2.19 2.16
-1.34 -1.28 -1.19 -1.09 -1.00 -0.91 -0.81 -0.69 -0.59 -0.50 -0.38 -0.25 -0.12 -0.06 0.00 0.09 0.31 0.72 1.19 1.53 1.69 1.69 1.69 1.72 1.75 1.78 1.88 1.94 2.00 2.03 2.03 2.03 2.00 1.97 1.97 1.97 2.00 2.03 2.03 2.03 2.03 2.00 1.97 1.94 1.88 1.84 1.81 1.88 1.94 2.00 2.06 2.12 2.16 2.19 2.25 2.28 2.34 2.41 2.44 2.47 2.50 2.50 2.53 2.53 2.53 2.50 2.50 2.47 2.44 2.41 2.38 2.34 2.34
-1.06 -1.00 -0.94 -0.84 -0.75 -0.66 -0.56 -0.47 -0.38 -0.28 -0.16 -0.06 -0.03 0.00 0.06 0.34 0.88 1.41 1.62 1.69 1.66 1.72 1.78 1.81 1.88 1.97 2.09 2.19 2.25 2.28 2.28 2.28 2.25 2.25 2.22 2.25 2.25 2.25 2.28 2.28 2.25 2.22 2.16 2.12 2.06 2.00 2.00 2.03 2.12 2.22 2.28 2.31 2.38 2.44 2.47 2.53 2.56 2.62 2.66 2.69 2.69 2.72 2.72 2.69 2.69 2.69 2.66 2.62 2.59 2.56 2.53 2.53 2.53
-0.84 -0.75 -0.69 -0.62 -0.47 -0.34 -0.19 -0.12 -0.09 -0.06 -0.03 0.00 -0.03 -0.06 0.06 0.50 1.09 1.59 1.62 1.66 1.75 1.78 1.84 1.91 2.06 2.19 2.31 2.41 2.50 2.53 2.56 2.56 2.53 2.53 2.53 2.50 2.50 2.50 2.50 2.50 2.50 2.44 2.38 2.31 2.22 2.16 2.19 2.22 2.31 2.41 2.50 2.56 2.59 2.66 2.72 2.75 2.81 2.84 2.88 2.91 2.91 2.91 2.91 2.91 2.88 2.84 2.84 2.81 2.75 2.72 2.72 2.72 2.72
-0.59 -0.53 -0.47 -0.34 -0.22 -0.12 -0.06 -0.06 -0.06 -0.03 -0.03 -0.03 -0.06 -0.06 -0.06 0.50 1.03 1.59 1.59 1.72 1.78 1.84 1.91 2.06 2.22 2.38 2.50 2.66 2.75 2.81 2.84 2.84 2.84 2.81 2.81 2.78 2.75 2.75 2.75 2.75 2.72 2.66 2.56 2.47 2.38 2.31 2.34 2.41 2.50 2.62 2.69 2.78 2.84 2.88 2.94 2.97 3.03 3.06 3.09 3.12 3.12 3.12 3.12 3.09 3.09 3.06 3.03 2.97 2.91 2.88 2.88 2.91 2.94
-0.41 -0.31 -0.25 -0.16 -0.06 -0.06 -0.06 -0.06 -0.06 -0.06 -0.06 -0.03 0.03 -0.06 0.16 0.62 1.12 1.53 1.66 1.75 1.84 1.91 2.03 2.22 2.38 2.56 2.72 2.88 3.00 3.09 3.16 3.16 3.16 3.12 3.06 3.03 3.03 3.00 3.00 3.00 2.94 2.91 2.81 2.66 2.53 2.44 2.47 2.53 2.66 2.81 2.94 3.00 3.06 3.12 3.16 3.22 3.25 3.28 3.34 3.34 3.34 3.38 3.34 3.34 3.31 3.25 3.22 3.12 3.06 3.03 3.03 3.09 3.16
-0.19 -0.12 -0.06 0.00 0.00 -0.06 -0.06 -0.06 -0.06 -0.06 -0.06 -0.06 0.19 0.31 0.62 0.94 1.34 1.56 1.69 1.81 1.91 2.00 2.12 2.34 2.56 2.75 2.91 3.09 3.28 3.34 3.38 3.41 3.44 3.44 3.41 3.31 3.34 3.38 3.34 3.31 3.28 3.22 3.12 2.97 2.84 2.72 2.69 2.72 2.81 3.00 3.16 3.25 3.28 3.31 3.38 3.44 3.50 3.56 3.56 3.59 3.59 3.59 3.59 3.56 3.53 3.47 3.44 3.34 3.28 3.22 3.25 3.31 3.44
0.00 0.06 0.12 0.12 0.06 -0.03 -0.06 -0.06 -0.06 -0.06 -0.06 0.06 0.47 0.75 1.16 1.31 1.47 1.62 1.75 1.88 1.97 2.09 2.25 2.47 2.69 2.91 3.09 3.31 3.47 3.56 3.59 3.66 3.72 3.69 3.72 3.72 3.69 3.66 3.59 3.59 3.56 3.53 3.41 3.28 3.12 3.03 3.00 3.00 3.09 3.25 3.38 3.50 3.56 3.62 3.69 3.72 3.75 3.78 3.81 3.81 3.81 3.84 3.88 3.97 3.94 3.88 3.75 3.66 3.53 3.44 3.47 3.56 3.62
0.19 0.22 0.28 0.28 0.22 0.09 0.03 0.00 0.00 0.03 0.19 0.50 1.03 1.44 1.50 1.50 1.59 1.75 1.88 1.97 2.09 2.19 2.38 2.59 2.81 3.06 3.25 3.47 3.66 3.78 3.81 3.88 3.94 4.00 4.00 4.00 3.94 3.88 3.84 3.84 3.84 3.78 3.66 3.53 3.41 3.34 3.31 3.38 3.50 3.66 3.78 3.91 4.00 4.03 4.09 4.16 4.19 4.19 4.19 4.19 4.22 4.25 4.31 4.34 4.34 4.25 4.09 3.97 3.81 3.72 3.66 3.75 3.81
0.34 0.38 0.44 0.50 0.47 0.53 0.50 0.50 0.53 0.66 0.91 1.28 1.50 1.69 1.66 1.75 1.91 2.06 2.19 2.31 2.38 2.44 2.53 2.72 2.94 3.19 3.41 3.62 3.84 4.03 4.16 4.22 4.22 4.22 4.22 4.19 4.12 4.06 4.06 4.06 4.06 4.03 3.97 3.91 3.84 3.78 3.75 3.81 3.94 4.09 4.22 4.31 4.38 4.44 4.50 4.56 4.59 4.59 4.59 4.59 4.66 4.69 4.72 4.75 4.72 4.59 4.44 4.25 4.12 3.97 3.91 3.94 3.97
0.47 0.53 0.62 0.84 1.16 1.47 1.56 1.47 1.53 1.56 1.72 1.81 1.81 1.91 2.03 2.16 2.28 2.44 2.53 2.66 2.72 2.75 2.84 2.94 3.09 3.28 3.50 3.78 4.03 4.25 4.38 4.44 4.44 4.44 4.47 4.47 4.41 4.34 4.38 4.41 4.41 4.41 4.38 4.34 4.28 4.22 4.22 4.28 4.44 4.59 4.72 4.84 4.91 5.00 5.06 5.16 5.22 5.25 5.28 5.31 5.38 5.47 5.47 5.44 5.34 5.22 5.03 4.81 4.62 4.44 4.34 4.34 4.25
0.69 0.94 1.25 1.56 1.84 1.97 1.84 1.84 1.81 1.88 1.88 1.91 2.00 2.09 2.22 2.34 2.50 2.66 2.84 3.06 3.09 3.09 3.12 3.19 3.28 3.47 3.72 4.00 4.25 4.44 4.53 4.59 4.62 4.66 4.66 4.66 4.62 4.62 4.66 4.72 4.75 4.75 4.78 4.75 4.75 4.72 4.75 4.84 5.03 5.19 5.34 5.47 5.59 5.69 5.78 5.88 5.94 6.00 6.03 6.06 6.12 6.16 6.12 6.06 6.00 5.81 5.62 5.34 5.03 4.72 4.56 4.53 4.50
1.38 1.69 1.91 2.00 1.97 1.97 1.97 1.97 1.97 2.00 2.03 2.09 2.19 2.31 2.44 2.56 2.72 2.88 3.03 3.25 3.41 3.50 3.53 3.56 3.62 3.72 3.91 4.16 4.38 4.56 4.69 4.75 4.81 4.84 4.84 4.84 4.84 4.88 4.97 5.03 5.09 5.16 5.19 5.22 5.25 5.28 5.34 5.47 5.62 5.84 6.03 6.19 6.34 6.44 6.56 6.62 6.72 6.78 6.78 6.84 6.84 6.88 6.81 6.72 6.59 6.41 6.16 5.81 5.28 4.88 4.62 4.56 4.53
1.97 2.00 2.00 1.97 1.97 1.97 2.00 2.03 2.06 2.09 2.19 2.28 2.38 2.50 2.62 2.78 2.94 3.09 3.25 3.44 3.69 3.81 3.91 3.94 3.97 4.00 4.09 4.28 4.50 4.69 4.78 4.88 4.94 5.00 5.03 5.03 5.09 5.19 5.28 5.38 5.47 5.56 5.66 5.75 5.84 5.94 6.03 6.16 6.34 6.53 6.75 6.94 7.09 7.25 7.34 7.41 7.47 7.56 7.59 7.59 7.59 7.56 7.47 7.34 7.22 7.00 6.72 6.25 5.62 5.16 4.88 4.62 4.53
2.00 2.00 2.00 2.00 2.03 2.06 2.12 2.19 2.22 2.28 2.41 2.50 2.62 2.72 2.84 2.97 3.12 3.31 3.47 3.69 3.91 4.09 4.25 4.31 4.28 4.25 4.28 4.41 4.59 4.75 4.88 4.97 5.06 5.12 5.19 5.28 5.41 5.50 5.62 5.75 5.91 6.06 6.19 6.34 6.50 6.66 6.78 6.94 7.16 7.34 7.56 7.75 7.94 8.09 8.19 8.31 8.38 8.41 8.44 8.41 8.34 8.25 8.12 7.97 7.75 7.47 7.12 6.56 5.94 5.53 5.12 4.75 4.34
2.00 2.03 2.03 2.06 2.12 2.22 2.31 2.38 2.44 2.50 2.62 2.75 2.84 2.97 3.06 3.19 3.34 3.50 3.69 3.91 4.16 4.34 4.56 4.66 4.59 4.53 4.47 4.56 4.72 4.84 4.97 5.06 5.19 5.28 5.41 5.56 5.69 5.84 6.00 6.19 6.41 6.62 6.84 7.03 7.22 7.41 7.59 7.78 8.00 8.25 8.47 8.69 8.88 9.06 9.19 9.28 9.31 9.31 9.28 9.22 9.09 8.97 8.78 8.53 8.22 7.78 7.31 6.72 6.16 5.66 5.09 4.47 3.72
2.06 2.09 2.12 2.19 2.31 2.44 2.53 2.59 2.66 2.72 2.84 2.97 3.06 3.19 3.31 3.41 3.56 3.72 3.91 4.12 4.38 4.59 4.88 4.94 4.88 4.78 4.69 4.72 4.88 4.97 5.09 5.22 5.34 5.47 5.62 5.78 5.97 6.19 6.41 6.66 6.97 7.25 7.56 7.81 8.03 8.25 8.44 8.69 8.94 9.19 9.44 9.69 9.91 10.06 10.19 10.25 10.25 10.22 10.19 10.09 9.91 9.75 9.44 9.06 8.59 8.03 7.41 6.78 6.19 5.62 4.88 4.47 4.12
2.12 2.19 2.25 2.38 2.50 2.62 2.75 2.81 2.91 2.94 3.00 3.19 3.28 3.41 3.53 3.62 3.75 3.94 4.16 4.38 4.62 4.84 5.12 5.16 5.06 4.97 4.88 4.94 5.03 5.16 5.25 5.34 5.47 5.62 5.78 6.00 6.25 6.50 6.84 7.19 7.56 7.97 8.34 8.69 8.94 9.16 9.38 9.62 9.91 10.19 10.47 10.72 10.94 11.12 11.19 11.25 11.25 11.22 11.12 11.00 10.81 10.53 10.16 9.59 8.91 8.19 7.38 6.59 6.00 5.59 5.12 4.69 4.41
2.25 2.31 2.41 2.56 2.69 2.84 2.94 3.06 3.16 3.19 3.22 3.38 3.50 3.59 3.72 3.84 3.97 4.16 4.38 4.59 4.84 5.09 5.34 5.28 5.22 5.12 5.06 5.09 5.19 5.28 5.38 5.50 5.59 5.75 5.94 6.19 6.50 6.84 7.25 7.72 8.25 8.78 9.28 9.69 9.94 10.16 10.38 10.62 10.91 11.22 11.53 11.81 12.03 12.16 12.25 12.25 12.22 12.12 12.06 11.88 11.66 11.31 10.75 10.09 9.25 8.41 7.47 6.59 6.25 5.81 5.38 5.00 4.66
2.41 2.44 2.56 2.72 2.88 3.03 3.16 3.28 3.34 3.41 3.44 3.53 3.72 3.84 3.97 4.09 4.22 4.34 4.56 4.81 5.06 5.38 5.41 5.38 5.31 5.22 5.22 5.28 5.34 5.44 5.50 5.59 5.72 5.88 6.09 6.38 6.72 7.16 7.66 8.28 8.97 9.72 10.41 10.91 11.16 11.28 11.47 11.75 12.06 12.38 12.69 12.94 13.09 13.19 13.25 13.22 13.19 13.09 12.97 12.78 12.50 12.06 11.41 10.59 9.66 8.75 7.78 6.91 6.50 6.09 5.78 5.38 4.97
2.62 2.66 2.75 2.91 3.06 3.22 3.38 3.50 3.56 3.62 3.69 3.78 3.88 4.03 4.12 4.28 4.41 4.53 4.75 5.00 5.28 5.38 5.44 5.44 5.38 5.34 5.38 5.44 5.50 5.53 5.59 5.69 5.78 5.97 6.22 6.53 6.94 7.47 8.09 8.81 9.75 10.91 11.94 12.50 12.66 12.69 12.81 13.03 13.34 13.62 13.91 14.06 14.22 14.28 14.28 14.25 14.16 14.00 13.84 13.62 13.31 12.78 12.06 11.19 10.19 9.19 8.19 7.19 6.81 6.66 6.28 5.78 5.56
2.84 2.88 2.97 3.12 3.28 3.41 3.56 3.75 3.88 3.94 4.00 4.06 4.09 4.16 4.31 4.47 4.59 4.72 4.91 5.09 5.25 5.38 5.44 5.47 5.44 5.47 5.56 5.59 5.62 5.66 5.69 5.75 5.84 6.03 6.31 6.69 7.19 7.81 8.53 9.44 10.81 12.41 13.62 14.41 14.53 14.38 14.28 14.44 14.62 14.91 15.09 15.25 15.34 15.38 15.31 15.25 15.09 14.94 14.72 14.44 14.09 13.53 12.78 11.84 10.81 9.72 8.66 7.91 7.41 7.19 6.97 6.56 6.94
3.06 3.12 3.22 3.38 3.50 3.66 3.84 4.03 4.16 4.25 4.31 4.34 4.31 4.31 4.38 4.50 4.62 4.75 4.88 5.06 5.19 5.34 5.44 5.50 5.59 5.69 5.75 5.78 5.78 5.75 5.75 5.78 5.91 6.09 6.41 6.88 7.47 8.19 9.00 10.09 11.84 13.41 14.75 15.75 16.12 15.88 15.72 15.81 15.97 16.19 16.31 16.44 16.50 16.44 16.38 16.25 16.06 15.84 15.56 15.25 14.88 14.34 13.62 12.66 11.56 10.28 9.03 8.44 8.00 7.81 7.59 8.06 8.50
