arlandasctiles/Tile6,13.asc
ncols 128
nrows 128
xllcorner 0
yllcorner 0
cellsize 2.0
NODATA_value  -9999
[rows 70 to 104 of 128, columns 0 to 78 of 128]
10.75 10.84 10.66 10.28 9.91 9.62 9.44 9.31 9.12 8.78 8.34 8.00 7.66 7.44 7.28 7.16 7.06 6.94 6.84 6.81 6.84 6.91 7.03 7.16 7.31 7.44 7.56 7.72 7.84 7.97 8.09 8.22 8.38 8.53 8.69 8.84 9.03 9.19 9.38 9.56 9.72 9.91 10.09 10.25 10.44 10.62 10.81 10.97 11.12 11.25 11.38 11.47 11.59 11.66 11.75 11.78 11.81 11.84 11.81 11.72 11.53 11.25 10.81 10.22 9.62 9.16 8.75 8.44 8.22 8.16 8.25 8.31 8.34 8.44 8.75 9.28 9.72 10.41 11.25
11.12 11.34 11.12 10.75 10.34 10.09 9.91 9.75 9.41 9.00 8.56 8.22 8.03 7.91 7.78 7.66 7.56 7.47 7.41 7.38 7.41 7.47 7.53 7.62 7.75 7.84 7.97 8.09 8.22 8.38 8.50 8.62 8.75 8.91 9.06 9.22 9.41 9.56 9.75 9.94 10.09 10.28 10.47 10.66 10.84 11.03 11.22 11.38 11.53 11.66 11.78 11.88 11.97 12.06 12.12 12.16 12.16 12.16 12.09 12.00 11.78 11.50 11.12 10.69 10.25 9.81 9.41 9.06 8.84 8.78 8.91 8.94 8.91 8.88 9.09 9.62 10.09 10.62 11.34
11.44 11.66 11.56 11.22 10.84 10.62 10.44 10.16 9.81 9.31 8.88 8.59 8.47 8.38 8.25 8.16 8.09 8.00 7.97 7.94 7.94 7.97 8.00 8.06 8.16 8.25 8.34 8.47 8.59 8.75 8.88 9.00 9.12 9.28 9.44 9.59 9.78 9.94 10.12 10.31 10.50 10.69 10.88 11.06 11.25 11.47 11.62 11.81 11.94 12.06 12.19 12.28 12.34 12.44 12.47 12.50 12.50 12.47 12.38 12.22 12.03 11.75 11.44 11.09 10.69 10.34 10.00 9.72 9.47 9.38 9.53 9.56 9.44 9.34 9.44 10.00 10.53 11.03 11.62
11.72 11.94 11.97 11.62 11.34 11.16 10.94 10.66 10.25 9.69 9.28 9.09 8.97 8.88 8.78 8.69 8.59 8.53 8.47 8.44 8.44 8.44 8.47 8.50 8.56 8.66 8.75 8.84 8.97 9.09 9.22 9.34 9.50 9.62 9.78 9.97 10.12 10.31 10.50 10.69 10.88 11.06 11.25 11.47 11.66 11.88 12.06 12.22 12.38 12.47 12.59 12.66 12.72 12.78 12.81 12.81 12.81 12.72 12.62 12.47 12.25 12.03 11.75 11.44 11.12 10.81 10.53 10.28 10.09 10.00 10.19 10.22 9.91 9.69 9.78 10.25 10.81 11.44 11.91
12.03 12.25 12.31 12.12 11.94 11.78 11.56 11.22 10.78 10.22 9.84 9.66 9.53 9.41 9.31 9.22 9.12 9.03 8.97 8.94 8.91 8.88 8.88 8.91 8.97 9.03 9.12 9.25 9.34 9.47 9.59 9.72 9.88 10.00 10.16 10.31 10.50 10.66 10.84 11.03 11.25 11.44 11.66 11.88 12.06 12.28 12.47 12.62 12.75 12.88 12.97 13.03 13.09 13.12 13.16 13.12 13.06 13.00 12.88 12.72 12.50 12.28 12.03 11.78 11.50 11.25 11.00 10.81 10.66 10.56 10.69 10.78 10.44 10.03 10.16 10.62 11.12 11.75 12.19
12.41 12.59 12.72 12.59 12.50 12.38 12.19 11.84 11.34 10.84 10.50 10.28 10.12 9.97 9.84 9.72 9.62 9.53 9.47 9.41 9.38 9.34 9.34 9.38 9.41 9.47 9.53 9.62 9.72 9.81 9.94 10.06 10.19 10.34 10.50 10.66 10.84 11.03 11.22 11.41 11.62 11.81 12.03 12.25 12.47 12.69 12.88 13.03 13.16 13.25 13.34 13.41 13.44 13.47 13.44 13.41 13.34 13.22 13.09 12.94 12.75 12.56 12.34 12.09 11.88 11.62 11.41 11.25 11.09 11.03 11.12 11.12 10.84 10.53 10.53 10.88 11.50 12.00 12.44
12.78 12.97 13.16 13.09 13.00 12.91 12.81 12.56 12.03 11.56 11.19 10.94 10.72 10.56 10.41 10.25 10.16 10.03 9.94 9.88 9.81 9.78 9.78 9.78 9.78 9.84 9.91 9.97 10.06 10.16 10.28 10.41 10.56 10.69 10.84 11.03 11.19 11.38 11.56 11.78 11.97 12.19 12.41 12.62 12.84 13.06 13.25 13.41 13.53 13.62 13.69 13.75 13.78 13.78 13.75 13.69 13.59 13.47 13.34 13.19 13.00 12.81 12.62 12.41 12.19 11.97 11.78 11.62 11.50 11.44 11.47 11.47 11.31 11.03 10.91 11.12 11.78 12.31 12.69
13.19 13.41 13.56 13.53 13.47 13.44 13.44 13.25 12.78 12.31 11.91 11.59 11.34 11.12 10.97 10.81 10.66 10.53 10.44 10.34 10.25 10.22 10.19 10.16 10.19 10.22 10.25 10.31 10.41 10.50 10.62 10.75 10.88 11.03 11.19 11.38 11.56 11.75 11.94 12.16 12.34 12.56 12.78 13.00 13.22 13.41 13.59 13.78 13.88 13.97 14.03 14.06 14.09 14.06 14.03 13.94 13.84 13.72 13.59 13.44 13.28 13.09 12.91 12.69 12.50 12.28 12.09 11.94 11.81 11.75 11.78 11.91 11.91 11.59 11.31 11.50 11.94 12.38 12.66
13.66 13.84 13.97 13.94 13.91 13.97 14.00 13.88 13.53 13.03 12.62 12.25 11.97 11.72 11.50 11.31 11.16 11.03 10.88 10.78 10.69 10.62 10.59 10.56 10.56 10.56 10.59 10.66 10.75 10.84 10.94 11.09 11.22 11.38 11.56 11.75 11.94 12.12 12.34 12.53 12.75 12.97 13.16 13.38 13.56 13.75 13.94 14.09 14.22 14.28 14.34 14.38 14.38 14.34 14.31 14.22 14.09 13.97 13.84 13.69 13.53 13.34 13.16 12.97 12.78 12.59 12.41 12.22 12.09 12.03 12.00 12.19 12.31 12.03 11.81 11.72 12.09 12.34 12.47
14.16 14.38 14.44 14.38 14.34 14.41 14.50 14.47 14.22 13.69 13.28 12.88 12.56 12.28 12.06 11.84 11.66 11.50 11.34 11.22 11.12 11.03 10.97 10.94 10.91 10.91 10.94 11.00 11.06 11.16 11.28 11.44 11.59 11.78 11.97 12.16 12.34 12.56 12.75 12.97 13.19 13.38 13.59 13.78 13.94 14.09 14.25 14.41 14.50 14.59 14.62 14.66 14.66 14.62 14.56 14.47 14.34 14.22 14.09 13.94 13.75 13.59 13.41 13.22 13.03 12.84 12.66 12.47 12.34 12.28 12.22 12.41 12.59 12.50 12.16 12.03 12.28 12.50 12.44
14.56 14.78 14.91 14.84 14.81 14.88 14.94 14.97 14.78 14.31 13.91 13.50 13.16 12.84 12.59 12.38 12.16 11.97 11.78 11.66 11.53 11.44 11.34 11.28 11.25 11.25 11.28 11.31 11.41 11.50 11.66 11.81 11.97 12.16 12.34 12.56 12.75 12.97 13.19 13.41 13.62 13.81 14.00 14.19 14.34 14.50 14.62 14.72 14.84 14.88 14.91 14.94 14.91 14.88 14.81 14.72 14.59 14.47 14.31 14.16 14.00 13.84 13.66 13.47 13.28 13.06 12.91 12.75 12.59 12.50 12.38 12.56 12.81 12.81 12.50 12.34 12.50 12.88 12.81
14.88 15.12 15.28 15.38 15.28 15.31 15.38 15.41 15.28 14.88 14.47 14.09 13.72 13.41 13.12 12.88 12.62 12.41 12.22 12.06 11.94 11.81 11.72 11.62 11.59 11.56 11.59 11.66 11.72 11.84 12.00 12.16 12.34 12.53 12.75 12.97 13.19 13.41 13.62 13.84 14.06 14.25 14.44 14.59 14.75 14.88 14.97 15.06 15.16 15.19 15.22 15.19 15.19 15.12 15.06 14.97 14.84 14.72 14.56 14.41 14.25 14.06 13.88 13.69 13.50 13.31 13.12 13.00 12.84 12.72 12.62 12.84 13.12 12.97 12.75 12.66 12.88 13.19 13.38
15.16 15.44 15.62 15.78 15.78 15.75 15.78 15.81 15.72 15.38 15.03 14.66 14.28 13.94 13.66 13.38 13.09 12.88 12.66 12.47 12.31 12.19 12.06 11.97 11.91 11.91 11.91 11.97 12.06 12.19 12.34 12.53 12.72 12.97 13.19 13.44 13.66 13.91 14.12 14.31 14.50 14.69 14.84 15.00 15.12 15.25 15.34 15.41 15.47 15.50 15.50 15.50 15.44 15.38 15.28 15.19 15.06 14.94 14.78 14.62 14.47 14.28 14.09 13.91 13.72 13.53 13.38 13.25 13.09 12.97 12.94 13.16 13.50 13.34 13.12 13.09 13.25 13.56 13.88
15.38 15.69 15.94 16.12 16.28 16.25 16.22 16.19 16.12 15.88 15.53 15.19 14.81 14.47 14.16 13.84 13.56 13.31 13.09 12.88 12.69 12.53 12.41 12.31 12.25 12.22 12.25 12.31 12.41 12.53 12.72 12.91 13.16 13.41 13.66 13.91 14.19 14.44 14.66 14.84 15.00 15.16 15.28 15.41 15.50 15.59 15.69 15.72 15.78 15.81 15.78 15.75 15.72 15.62 15.53 15.44 15.31 15.19 15.06 14.91 14.72 14.56 14.38 14.16 13.97 13.81 13.62 13.50 13.38 13.28 13.25 13.50 13.84 13.72 13.59 13.59 13.62 13.91 14.16
15.59 15.94 16.22 16.44 16.62 16.72 16.66 16.59 16.56 16.34 16.03 15.69 15.34 15.00 14.66 14.31 14.03 13.75 13.50 13.28 13.06 12.88 12.75 12.62 12.56 12.53 12.56 12.62 12.75 12.91 13.09 13.31 13.59 13.88 14.16 14.44 14.72 15.00 15.22 15.41 15.53 15.62 15.72 15.81 15.91 15.97 16.03 16.06 16.09 16.09 16.09 16.06 16.00 15.94 15.84 15.75 15.62 15.50 15.34 15.22 15.03 14.88 14.69 14.47 14.28 14.12 13.94 13.78 13.66 13.56 13.56 13.81 14.03 14.03 13.97 14.00 14.03 14.19 14.41
15.81 16.16 16.50 16.78 17.00 17.16 17.12 17.06 17.00 16.81 16.53 16.19 15.84 15.47 15.12 14.81 14.50 14.19 13.91 13.66 13.44 13.25 13.09 12.97 12.91 12.88 12.91 12.97 13.09 13.25 13.50 13.75 14.03 14.34 14.69 15.03 15.34 15.62 15.84 16.00 16.12 16.19 16.22 16.25 16.31 16.34 16.41 16.44 16.47 16.47 16.44 16.38 16.31 16.25 16.16 16.06 15.94 15.81 15.69 15.56 15.41 15.22 15.03 14.84 14.66 14.47 14.28 14.09 13.91 13.81 13.81 13.97 14.12 14.19 14.19 14.19 14.31 14.34 14.56
16.00 16.41 16.78 17.09 17.38 17.59 17.66 17.56 17.47 17.28 17.00 16.66 16.31 15.94 15.59 15.28 14.94 14.62 14.34 14.09 13.84 13.62 13.47 13.34 13.25 13.22 13.28 13.34 13.47 13.69 13.91 14.22 14.53 14.88 15.25 15.62 16.00 16.28 16.50 16.66 16.75 16.78 16.78 16.75 16.75 16.78 16.81 16.84 16.88 16.84 16.78 16.72 16.66 16.56 16.47 16.38 16.28 16.19 16.06 15.94 15.78 15.62 15.47 15.28 15.06 14.88 14.66 14.41 14.22 14.06 14.03 14.16 14.28 14.28 14.34 14.41 14.41 14.47 14.69
16.22 16.62 17.03 17.41 17.75 18.00 18.16 18.09 17.97 17.75 17.44 17.12 16.75 16.41 16.06 15.72 15.41 15.09 14.78 14.53 14.28 14.06 13.88 13.75 13.66 13.62 13.69 13.78 13.94 14.12 14.38 14.72 15.06 15.44 15.84 16.25 16.62 16.94 17.16 17.31 17.38 17.38 17.34 17.28 17.25 17.22 17.22 17.28 17.25 17.22 17.16 17.06 17.00 16.91 16.81 16.75 16.66 16.53 16.44 16.34 16.22 16.09 15.94 15.75 15.56 15.31 15.06 14.78 14.53 14.31 14.25 14.38 14.41 14.44 14.44 14.53 14.56 14.62 14.88
16.41 16.88 17.31 17.72 18.09 18.44 18.66 18.66 18.47 18.19 17.88 17.53 17.19 16.84 16.50 16.16 15.84 15.53 15.22 14.97 14.72 14.50 14.31 14.19 14.09 14.09 14.16 14.25 14.44 14.62 14.94 15.25 15.62 16.00 16.41 16.84 17.22 17.56 17.78 17.94 18.00 17.97 17.91 17.84 17.75 17.69 17.69 17.69 17.62 17.56 17.50 17.41 17.34 17.25 17.16 17.09 17.00 16.91 16.84 16.75 16.66 16.53 16.41 16.28 16.09 15.81 15.53 15.22 14.91 14.59 14.59 14.78 14.84 14.78 14.72 14.72 14.72 14.81 14.94
16.56 17.06 17.56 18.00 18.44 18.78 19.06 19.09 18.94 18.62 18.28 17.94 17.59 17.25 16.91 16.56 16.25 15.94 15.66 15.38 15.12 14.91 14.75 14.62 14.56 14.56 14.62 14.78 14.97 15.19 15.50 15.84 16.22 16.59 17.03 17.44 17.78 18.09 18.34 18.50 18.53 18.53 18.47 18.34 18.28 18.19 18.12 18.09 18.00 17.91 17.81 17.75 17.66 17.59 17.50 17.44 17.38 17.28 17.22 17.16 17.06 17.00 16.91 16.78 16.62 16.34 16.00 15.66 15.28 14.94 15.03 15.22 15.28 15.22 15.12 15.09 15.09 15.06 15.16
16.72 17.25 17.75 18.25 18.69 19.09 19.34 19.41 19.25 18.94 18.62 18.28 17.97 17.62 17.31 16.97 16.66 16.34 16.06 15.78 15.53 15.34 15.16 15.03 15.00 15.03 15.16 15.31 15.53 15.78 16.12 16.47 16.81 17.19 17.59 17.97 18.28 18.56 18.78 18.94 19.03 19.00 18.94 18.84 18.78 18.69 18.56 18.44 18.34 18.22 18.12 18.06 17.97 17.91 17.84 17.78 17.72 17.66 17.59 17.56 17.50 17.44 17.38 17.28 17.12 16.88 16.50 16.12 15.69 15.41 15.53 15.66 15.72 15.72 15.62 15.62 15.66 15.69 15.91
16.81 17.38 17.91 18.44 18.91 19.28 19.44 19.53 19.44 19.19 18.91 18.62 18.31 18.00 17.69 17.38 17.03 16.75 16.47 16.19 15.94 15.75 15.56 15.47 15.44 15.53 15.66 15.84 16.09 16.38 16.69 17.03 17.34 17.69 18.06 18.41 18.66 18.91 19.12 19.31 19.38 19.38 19.28 19.25 19.19 19.09 18.91 18.78 18.62 18.53 18.44 18.34 18.28 18.22 18.16 18.12 18.06 18.03 17.97 17.94 17.91 17.88 17.81 17.72 17.59 17.38 17.00 16.59 16.16 15.88 15.88 16.06 16.16 16.22 16.12 16.19 16.38 16.66 17.19
16.88 17.44 18.00 18.53 18.97 19.22 19.44 19.53 19.50 19.38 19.16 18.91 18.62 18.34 18.03 17.72 17.44 17.12 16.84 16.56 16.34 16.12 15.97 15.88 15.88 16.00 16.16 16.38 16.62 16.94 17.25 17.56 17.84 18.12 18.44 18.72 18.97 19.16 19.38 19.53 19.59 19.59 19.56 19.56 19.50 19.41 19.19 19.03 18.91 18.78 18.69 18.62 18.56 18.50 18.47 18.44 18.41 18.38 18.34 18.31 18.31 18.28 18.25 18.16 18.03 17.81 17.47 17.03 16.59 16.22 16.06 16.28 16.53 16.69 16.72 16.81 17.09 17.50 17.97
16.88 17.38 17.91 18.41 18.81 19.09 19.31 19.47 19.53 19.50 19.34 19.16 18.94 18.66 18.38 18.09 17.78 17.50 17.22 16.94 16.72 16.50 16.34 16.28 16.31 16.44 16.59 16.84 17.12 17.47 17.78 18.06 18.28 18.50 18.72 18.94 19.12 19.31 19.50 19.62 19.69 19.75 19.75 19.75 19.72 19.56 19.38 19.22 19.09 19.00 18.94 18.88 18.84 18.78 18.75 18.75 18.72 18.69 18.69 18.69 18.69 18.66 18.62 18.56 18.44 18.22 17.88 17.47 17.00 16.56 16.28 16.50 16.84 17.09 17.25 17.41 17.69 18.12 18.16
16.84 17.34 17.81 18.25 18.66 18.97 19.25 19.44 19.56 19.59 19.56 19.41 19.22 18.97 18.72 18.44 18.16 17.88 17.59 17.31 17.06 16.88 16.72 16.69 16.75 16.88 17.06 17.31 17.62 17.94 18.22 18.47 18.62 18.78 18.94 19.09 19.25 19.38 19.53 19.66 19.72 19.78 19.84 19.84 19.78 19.66 19.47 19.38 19.28 19.19 19.16 19.09 19.06 19.06 19.03 19.03 19.03 19.03 19.03 19.03 19.03 19.03 19.00 18.94 18.81 18.56 18.25 17.84 17.38 16.88 16.50 16.75 17.12 17.44 17.91 18.19 18.25 18.22 18.19
16.81 17.31 17.78 18.19 18.56 18.91 19.22 19.47 19.66 19.75 19.75 19.66 19.47 19.28 19.03 18.78 18.50 18.22 17.94 17.66 17.44 17.22 17.12 17.09 17.19 17.38 17.59 17.88 18.16 18.44 18.69 18.91 19.03 19.09 19.16 19.22 19.28 19.38 19.50 19.62 19.69 19.75 19.81 19.81 19.78 19.66 19.53 19.44 19.38 19.34 19.31 19.31 19.31 19.31 19.31 19.31 19.31 19.31 19.31 19.34 19.34 19.34 19.34 19.25 19.09 18.88 18.59 18.19 17.69 17.22 16.84 17.00 17.66 18.22 18.34 18.31 18.25 18.22 18.19
16.91 17.34 17.78 18.19 18.53 18.88 19.19 19.50 19.78 19.91 19.94 19.88 19.75 19.59 19.38 19.12 18.84 18.56 18.28 18.00 17.78 17.59 17.53 17.56 17.69 17.94 18.22 18.53 18.84 19.09 19.31 19.47 19.53 19.53 19.50 19.47 19.47 19.47 19.53 19.59 19.62 19.66 19.69 19.72 19.66 19.59 19.53 19.47 19.47 19.47 19.47 19.50 19.50 19.53 19.53 19.56 19.56 19.59 19.62 19.62 19.66 19.66 19.62 19.50 19.34 19.16 18.84 18.47 18.00 17.53 17.50 18.16 18.41 18.38 18.34 18.31 18.28 18.25 18.22
17.09 17.50 17.88 18.25 18.56 18.91 19.22 19.53 19.88 20.09 20.12 20.09 20.00 19.88 19.69 19.47 19.19 18.91 18.62 18.34 18.12 18.00 17.97 18.03 18.25 18.56 18.91 19.25 19.56 19.81 20.00 20.09 20.09 20.00 19.91 19.81 19.75 19.69 19.66 19.62 19.56 19.56 19.53 19.56 19.56 19.50 19.47 19.47 19.50 19.53 19.59 19.66 19.69 19.75 19.78 19.81 19.84 19.88 19.88 19.91 19.91 19.88 19.81 19.69 19.53 19.34 19.06 18.69 18.31 18.34 18.50 18.47 18.44 18.41 18.34 18.31 18.28 18.25 18.22
17.34 17.66 18.00 18.34 18.66 18.94 19.25 19.53 19.84 20.25 20.28 20.28 20.22 20.16 20.00 19.78 19.53 19.25 18.94 18.69 18.50 18.38 18.38 18.56 18.81 19.16 19.53 19.88 20.22 20.50 20.69 20.72 20.66 20.53 20.41 20.28 20.16 20.06 19.91 19.78 19.62 19.50 19.44 19.41 19.38 19.38 19.38 19.41 19.50 19.59 19.69 19.78 19.88 19.94 20.00 20.06 20.09 20.09 20.12 20.12 20.09 20.03 19.94 19.81 19.66 19.44 18.62 18.59 18.47 18.50 18.50 18.47 18.44 18.41 18.38 18.34 18.31 18.28 18.25
17.62 17.91 18.19 18.47 18.75 19.00 19.28 19.53 19.81 20.16 20.31 20.34 20.38 20.38 20.31 20.16 19.88 19.56 19.28 19.00 18.81 18.75 18.81 19.03 19.34 19.72 20.12 20.47 20.84 21.12 21.28 21.34 21.25 21.12 20.97 20.81 20.66 20.44 20.25 20.00 19.78 19.56 19.41 19.28 19.22 19.22 19.25 19.34 19.47 19.62 19.78 19.91 20.03 20.12 20.22 20.28 20.31 20.31 20.31 20.28 20.22 20.12 20.00 19.84 19.62 18.84 18.47 18.47 18.47 18.47 18.50 18.50 18.44 18.41 18.38 18.34 18.31 18.28 18.25
18.00 18.22 18.44 18.66 18.84 19.06 19.31 19.53 19.78 20.03 20.25 20.34 20.44 20.56 20.62 20.50 20.25 19.91 19.59 19.31 19.12 19.09 19.22 19.47 19.84 20.22 20.62 21.00 21.38 21.66 21.78 21.81 21.78 21.69 21.50 21.31 21.09 20.84 20.56 20.25 19.94 19.66 19.44 19.22 19.09 19.09 19.16 19.28 19.44 19.62 19.81 20.00 20.19 20.31 20.44 20.47 20.50 20.47 20.44 20.34 20.25 20.09 19.94 19.41 18.44 18.44 18.47 18.47 18.47 18.47 18.50 18.50 18.47 18.44 18.41 18.38 18.34 18.31 18.28
18.41 18.56 18.69 18.84 19.00 19.16 19.34 19.53 19.75 19.94 20.12 20.22 20.41 20.72 20.94 20.88 20.56 20.19 19.88 19.56 19.44 19.44 19.59 19.88 20.25 20.62 21.06 21.44 21.81 22.06 22.16 22.19 22.16 22.09 21.97 21.72 21.47 21.19 20.88 20.50 20.12 19.75 19.47 19.22 19.03 19.00 19.09 19.22 19.41 19.59 19.84 20.06 20.31 20.47 20.59 20.62 20.62 20.56 20.44 20.31 20.16 19.97 19.12 18.47 18.47 18.44 18.47 18.47 18.47 18.47 18.47 18.50 18.47 18.44 18.41 18.38 18.34 18.59 19.06
18.91 18.91 18.97 19.03 19.12 19.25 19.38 19.53 19.72 19.91 20.09 20.25 20.50 20.91 21.22 21.22 20.88 20.47 20.12 19.88 19.78 19.78 19.94 20.19 20.53 20.91 21.31 21.72 22.03 22.31 22.38 22.44 22.41 22.34 22.22 21.97 21.75 21.47 21.16 20.72 20.25 19.81 19.53 19.25 19.06 19.00 19.06 19.19 19.34 19.53 19.75 20.06 20.34 20.56 20.69 20.72 20.66 20.53 20.38 20.16 19.97 18.84 18.50 18.50 18.47 18.44 18.44 18.47 18.47 18.47 18.47 18.50 18.50 18.47 18.38 18.34 18.59 18.84 19.12
19.44 19.28 19.25 19.25 19.28 19.34 19.41 19.53 19.69 19.91 20.19 20.44 20.72 21.03 21.22 21.19 20.97 20.62 20.34 20.12 20.03 20.06 20.22 20.44 20.75 21.09 21.47 21.81 22.09 22.34 22.44 22.47 22.47 22.41 22.28 22.06 21.88 21.62 21.28 20.84 20.31 19.91 19.56 19.31 19.12 19.03 19.09 19.19 19.31 19.47 19.62 19.91 20.19 20.44 20.59 20.59 20.47 20.28 20.09 19.88 19.03 18.53 18.53 18.50 18.50 18.47 18.44 18.47 18.47 18.47 18.47 18.47 18.06 17.56 17.91 18.25 18.41 18.69 18.97
19.88 19.62 19.56 19.50 19.44 19.44 19.44 19.50 19.62 19.91 20.22 20.47 20.75 20.97 21.06 21.06 20.97 20.75 20.56 20.41 20.31 20.31 20.44 20.62 20.91 21.22 21.53 21.81 22.06 22.25 22.34 22.34 22.34 22.28 22.16 21.97 21.81 21.56 21.22 20.81 20.31 19.91 19.62 19.38 19.19 19.09 19.16 19.25 19.31 19.38 19.44 19.56 19.75 19.88 20.00 20.09 20.19 19.66 19.28 19.16 18.81 18.69 18.59 18.56 18.50 18.47 18.47 18.44 18.47 18.47 18.09 17.00 16.94 17.34 17.84 18.22 18.41 18.72 18.91
