arlandasctiles/Tile[11,10].asc
ncols 128
nrows 128
xllcorner 0
yllcorner 0
cellsize 2.0
NODATA_value  -9999
[rows 34 to 67 of 128, columns 0 to 76 of 128]
70.47 70.03 69.72 69.72 69.34 68.84 68.22 67.59 67.00 66.34 65.12 63.78 62.56 61.56 61.00 60.50 60.00 59.47 58.91 58.34 57.72 57.16 56.72 56.31 56.00 55.34 54.56 53.91 53.34 52.81 52.19 51.62 51.09 50.59 50.00 49.53 49.09 48.62 48.09 47.62 47.09 46.44 45.78 45.09 44.38 43.66 42.91 42.19 41.47 40.81 40.16 39.44 38.69 37.94 37.22 36.53 35.88 35.22 34.59 33.94 33.28 32.69 32.16 31.59 31.12 30.56 30.09 29.56 29.09 28.59 28.06 27.50 26.97 26.44 25.94 25.44 24.88
70.28 69.81 69.44 69.47 69.31 68.81 68.12 67.28 66.28 65.00 63.72 62.75 62.25 61.78 61.28 60.75 60.25 59.75 59.16 58.62 58.44 58.50 58.56 58.34 57.88 56.91 55.78 54.84 54.06 53.56 52.97 52.09 51.41 50.84 50.19 49.59 49.06 48.53 48.00 47.53 46.97 46.31 45.66 44.97 44.25 43.53 42.78 42.03 41.41 40.75 40.12 39.41 38.69 37.94 37.22 36.53 35.88 35.22 34.56 33.94 33.28 32.69 32.12 31.59 31.06 30.53 30.06 29.56 29.12 28.69 28.25 27.81 27.41 26.97 26.53 26.09 25.66
70.00 69.47 69.25 69.25 69.06 68.22 66.94 65.75 64.69 63.91 63.47 62.97 62.50 62.00 61.53 61.03 60.50 60.06 59.84 60.03 60.25 60.25 59.72 59.16 58.47 57.59 56.69 55.78 55.16 54.53 53.81 53.19 52.59 52.25 51.59 50.88 50.06 49.22 48.28 47.47 46.81 46.19 45.53 44.84 44.12 43.41 42.66 41.91 41.31 40.75 40.16 39.44 38.66 37.88 37.19 36.50 35.84 35.19 34.56 33.91 33.28 32.69 32.12 31.59 31.03 30.50 30.00 29.50 29.06 28.59 28.16 27.75 27.34 26.94 26.56 26.19 25.81
69.66 69.03 68.56 67.94 67.16 66.28 65.47 65.00 64.56 64.09 63.66 63.22 62.75 62.25 61.78 61.31 60.94 60.81 60.88 60.78 60.66 60.44 59.91 59.25 58.53 57.75 56.97 56.28 55.72 55.03 54.31 53.62 52.94 52.25 51.59 50.91 50.22 49.56 48.88 48.22 47.41 46.44 45.53 44.97 44.16 43.34 42.28 41.72 41.25 40.81 40.34 39.69 38.44 37.78 37.12 36.50 35.84 35.19 34.53 33.91 33.28 32.69 32.12 31.56 31.00 30.44 29.94 29.44 28.97 28.53 28.09 27.69 27.25 26.88 26.50 26.12 25.75
68.62 68.00 67.44 66.91 66.47 66.06 65.59 65.16 64.72 64.28 63.84 63.41 62.97 62.53 62.19 61.78 61.44 61.34 61.09 60.97 60.75 60.47 60.00 59.38 58.62 57.84 57.06 56.44 55.78 55.06 54.38 53.66 52.97 52.28 51.59 50.91 50.22 49.56 48.88 48.22 47.53 46.88 46.19 45.44 44.66 43.34 42.06 41.56 41.19 40.91 40.94 39.91 37.88 36.75 36.06 35.44 34.88 34.38 33.62 33.03 32.62 32.12 31.66 31.22 30.69 30.09 29.66 29.22 28.84 28.44 28.03 27.59 27.19 26.81 26.41 26.06 25.69
68.38 67.94 67.47 67.03 66.59 66.16 65.75 65.31 64.88 64.44 64.03 63.69 63.50 63.31 62.94 62.56 62.34 62.22 61.81 61.25 60.94 60.47 59.97 59.38 58.66 57.88 57.12 56.47 55.78 55.06 54.34 53.66 52.97 52.28 51.59 50.91 50.22 49.53 48.88 48.19 47.50 46.81 46.16 45.47 44.69 43.44 41.91 41.34 41.12 41.00 41.00 40.06 37.59 36.28 34.97 34.59 34.09 33.47 32.69 31.91 31.44 31.03 30.25 29.53 28.94 28.56 28.12 27.72 27.34 27.16 27.09 27.06 26.88 26.56 26.25 25.97 25.62
68.47 68.00 67.56 67.12 66.69 66.28 65.84 65.47 65.03 64.75 64.72 64.84 64.81 64.25 63.66 63.28 63.09 62.94 62.31 61.44 60.97 60.41 59.91 59.28 58.56 57.81 57.09 56.44 55.78 55.06 54.34 53.66 52.94 52.28 51.59 50.91 50.22 49.53 48.84 48.19 47.50 46.81 46.16 45.47 44.66 43.47 41.81 41.22 41.09 41.06 41.06 40.41 38.66 37.25 36.22 35.50 35.00 34.41 33.41 32.50 31.91 31.19 30.09 29.38 28.62 28.31 27.84 27.25 26.53 26.00 25.81 25.66 25.34 24.94 24.69 24.72 24.88
68.53 68.09 67.66 67.19 66.81 66.44 66.12 65.81 65.41 65.16 65.31 65.25 64.97 64.69 64.22 63.78 63.38 62.91 62.22 61.41 60.78 60.25 59.72 59.09 58.41 57.69 57.00 56.34 55.66 55.00 54.28 53.56 52.84 52.16 51.53 50.81 50.19 49.50 48.88 48.12 47.50 46.81 46.16 45.41 44.69 43.50 41.78 41.12 41.12 41.12 41.12 40.59 39.53 38.56 37.66 36.81 36.06 35.31 34.62 33.91 33.09 32.38 31.38 30.41 29.94 29.59 28.84 28.00 27.12 26.56 26.03 25.69 24.97 24.31 23.84 23.56 23.34
68.59 68.25 67.94 67.72 67.59 67.44 66.84 65.97 65.44 65.12 65.28 65.22 65.00 64.78 64.31 63.81 63.31 62.72 62.03 61.34 60.69 60.09 59.47 58.91 58.22 57.53 56.91 56.25 55.59 54.91 54.25 53.53 52.81 52.19 51.50 50.78 50.12 49.44 48.81 48.12 47.47 46.78 46.09 45.47 44.69 43.56 41.81 41.19 41.19 41.19 41.16 40.75 39.62 38.66 37.84 37.06 36.28 35.53 34.81 34.09 33.41 32.78 32.03 31.44 30.94 30.47 29.81 29.03 28.50 27.94 27.34 26.50 25.59 24.91 24.41 23.91 23.34
69.16 68.97 68.84 68.62 68.34 68.00 67.16 66.16 65.56 65.28 65.38 65.25 65.03 64.75 64.22 63.69 63.12 62.47 61.84 61.25 60.62 60.03 59.44 58.84 58.16 57.50 56.84 56.19 55.50 54.84 54.12 53.47 52.81 52.09 51.44 50.75 50.09 49.41 48.78 48.09 47.47 46.84 46.16 45.44 44.66 43.50 41.94 41.25 41.22 41.22 41.22 40.84 39.69 38.75 37.97 37.19 36.41 35.72 35.00 34.31 33.66 33.06 32.41 31.78 31.31 30.81 30.09 29.44 28.84 28.31 27.75 27.16 26.62 26.22 25.81 25.19 24.25
69.62 69.28 69.03 68.78 68.41 68.03 67.50 66.75 66.09 65.78 65.66 65.38 65.06 64.69 64.09 63.53 62.97 62.38 61.78 61.12 60.50 59.88 59.34 58.69 58.03 57.31 56.66 56.03 55.38 54.72 54.09 53.44 52.72 52.09 51.44 50.72 50.06 49.38 48.75 48.06 47.44 46.75 46.06 45.38 44.59 43.47 42.00 41.28 41.28 41.28 41.28 40.91 39.72 38.84 38.09 37.31 36.56 35.88 35.19 34.50 33.88 33.19 32.50 31.84 31.28 30.75 30.22 29.69 29.16 28.66 28.09 27.53 27.00 26.53 26.03 25.53 25.09
69.75 69.38 69.09 68.84 68.47 68.12 67.69 67.25 66.84 66.50 65.94 65.47 65.03 64.59 64.00 63.44 62.78 62.22 61.62 61.03 60.34 59.72 59.12 58.47 57.81 57.19 56.53 55.91 55.25 54.66 53.97 53.31 52.66 52.00 51.28 50.66 50.00 49.34 48.72 48.03 47.34 46.66 45.97 45.34 44.50 43.44 42.06 41.34 41.34 41.34 41.34 40.91 39.78 38.91 38.19 37.41 36.69 36.03 35.38 34.72 34.09 33.44 32.81 32.19 31.62 31.06 30.53 30.00 29.47 28.91 28.38 27.84 27.31 26.81 26.31 25.81 25.38
69.91 69.53 69.22 68.94 68.59 68.28 67.84 67.41 66.94 66.44 66.00 65.44 64.91 64.38 63.88 63.28 62.75 62.16 61.50 60.94 60.28 59.62 58.97 58.34 57.69 57.03 56.44 55.78 55.19 54.53 53.88 53.22 52.53 51.88 51.28 50.59 49.94 49.28 48.69 47.94 47.31 46.56 45.94 45.25 44.38 43.41 42.06 41.41 41.38 41.38 41.38 40.94 39.81 38.94 38.25 37.53 36.84 36.16 35.50 34.88 34.25 33.66 33.06 32.47 31.91 31.34 30.81 30.25 29.72 29.19 28.66 28.12 27.59 27.09 26.59 26.09 25.66
70.06 69.72 69.38 69.00 68.66 68.25 67.75 67.25 66.81 66.31 65.78 65.28 64.75 64.22 63.66 63.12 62.59 62.00 61.41 60.78 60.19 59.53 58.84 58.19 57.59 56.97 56.31 55.72 55.06 54.41 53.75 53.09 52.47 51.81 51.19 50.50 49.84 49.22 48.53 47.88 47.19 46.50 45.81 45.12 44.28 43.34 42.03 41.44 41.44 41.44 41.44 40.94 39.81 38.97 38.28 37.59 36.94 36.31 35.69 35.06 34.44 33.84 33.25 32.69 32.12 31.56 31.03 30.50 29.94 29.44 28.91 28.38 27.84 27.34 26.84 26.34 25.88
70.38 70.03 69.56 69.06 68.62 68.19 67.69 67.19 66.69 66.16 65.66 65.12 64.62 64.09 63.56 62.97 62.38 61.84 61.25 60.66 60.06 59.38 58.81 58.09 57.47 56.88 56.22 55.59 54.94 54.31 53.69 53.00 52.38 51.69 51.03 50.38 49.78 49.09 48.44 47.75 47.09 46.44 45.78 45.09 44.22 43.31 42.03 41.47 41.47 41.47 41.44 40.94 39.84 38.97 38.31 37.66 37.03 36.44 35.81 35.22 34.62 34.03 33.44 32.84 32.31 31.75 31.22 30.69 30.16 29.66 29.12 28.59 28.09 27.56 27.09 26.56 26.12
70.34 69.94 69.50 69.09 68.62 68.12 67.69 67.19 66.69 66.16 65.59 65.06 64.47 63.94 63.34 62.81 62.22 61.62 61.03 60.47 59.88 59.25 58.66 58.03 57.38 56.78 56.16 55.50 54.84 54.25 53.59 52.97 52.31 51.69 51.03 50.34 49.69 49.03 48.38 47.72 47.03 46.41 45.72 45.03 44.22 43.28 42.00 41.50 41.47 41.47 41.47 40.94 39.84 39.00 38.28 37.69 37.12 36.53 35.97 35.41 34.81 34.22 33.62 33.06 32.50 31.94 31.41 30.88 30.38 29.84 29.31 28.81 28.31 27.81 27.31 26.81 26.34
70.31 69.88 69.47 69.03 68.53 68.12 67.56 67.12 66.66 66.09 65.56 65.00 64.44 63.88 63.31 62.66 62.06 61.47 60.88 60.31 59.72 59.06 58.50 57.94 57.28 56.59 56.00 55.44 54.78 54.19 53.59 52.94 52.28 51.62 50.94 50.28 49.62 48.97 48.31 47.62 47.00 46.34 45.72 45.06 44.25 43.28 42.00 41.50 41.50 41.50 41.50 40.94 39.88 39.03 38.34 37.72 37.16 36.62 36.06 35.50 34.94 34.38 33.81 33.25 32.69 32.12 31.62 31.12 30.62 30.09 29.56 29.06 28.53 28.03 27.53 27.03 26.56
70.25 69.81 69.41 68.97 68.50 68.06 67.56 67.09 66.53 66.03 65.50 64.91 64.38 63.78 63.25 62.59 62.00 61.44 60.78 60.19 59.56 59.00 58.34 57.78 57.16 56.50 55.91 55.31 54.72 54.12 53.47 52.88 52.22 51.56 50.94 50.22 49.56 48.91 48.22 47.62 46.97 46.34 45.69 45.06 44.28 43.28 42.00 41.53 41.53 41.53 41.50 40.94 39.91 39.09 38.38 37.78 37.22 36.66 36.12 35.59 35.06 34.56 33.97 33.38 32.81 32.28 31.75 31.25 30.75 30.25 29.78 29.28 28.81 28.28 27.78 27.28 26.81
70.19 69.75 69.34 68.88 68.44 67.97 67.47 66.97 66.47 65.94 65.41 64.84 64.28 63.69 63.16 62.50 61.91 61.31 60.69 60.12 59.47 58.91 58.25 57.62 57.06 56.41 55.78 55.22 54.62 54.03 53.41 52.75 52.16 51.50 50.84 50.16 49.56 48.91 48.22 47.56 46.94 46.28 45.66 45.00 44.31 43.38 42.00 41.53 41.50 41.50 41.50 41.00 39.91 39.12 38.44 37.81 37.25 36.72 36.19 35.66 35.09 34.53 33.97 33.44 32.88 32.38 31.84 31.31 30.81 30.34 29.84 29.38 28.91 28.44 28.00 27.53 27.06
70.19 69.75 69.34 68.94 68.44 67.97 67.53 66.97 66.50 66.00 65.47 64.91 64.31 63.69 63.09 62.50 61.91 61.28 60.69 60.06 59.44 58.81 58.16 57.53 56.97 56.34 55.75 55.12 54.53 53.91 53.31 52.69 52.09 51.44 50.78 50.16 49.50 48.88 48.22 47.56 46.91 46.28 45.66 45.03 44.34 43.47 42.09 41.47 41.44 41.44 41.44 41.06 39.94 39.16 38.47 37.88 37.34 36.78 36.25 35.69 35.12 34.59 34.06 33.50 32.94 32.41 31.88 31.38 30.91 30.41 29.94 29.47 29.00 28.56 28.09 27.66 27.19
70.19 69.75 69.34 68.88 68.44 67.97 67.47 66.94 66.44 65.94 65.47 64.88 64.28 63.69 63.09 62.50 61.88 61.25 60.66 60.03 59.38 58.75 58.12 57.50 56.88 56.25 55.59 55.03 54.41 53.84 53.19 52.62 51.97 51.38 50.72 50.09 49.47 48.84 48.22 47.50 46.88 46.25 45.59 44.97 44.31 43.53 42.25 41.44 41.41 41.41 41.38 41.12 40.00 39.22 38.50 37.91 37.38 36.88 36.31 35.75 35.22 34.62 34.09 33.53 33.00 32.47 31.94 31.44 30.97 30.47 30.00 29.56 29.09 28.66 28.19 27.75 27.31
70.12 69.75 69.28 68.81 68.41 67.91 67.41 66.94 66.44 65.91 65.41 64.81 64.22 63.62 63.06 62.41 61.78 61.12 60.56 59.94 59.34 58.66 58.03 57.41 56.78 56.16 55.47 54.91 54.34 53.69 53.12 52.50 51.84 51.25 50.62 50.03 49.41 48.75 48.16 47.50 46.81 46.19 45.59 44.97 44.34 43.59 42.44 41.41 41.34 41.34 41.34 41.16 40.16 39.28 38.56 37.97 37.44 36.88 36.31 35.81 35.25 34.72 34.16 33.62 33.09 32.53 32.00 31.50 31.00 30.53 30.06 29.62 29.19 28.75 28.31 27.88 27.44
69.97 69.59 69.25 68.75 68.34 67.91 67.47 67.00 66.44 65.97 65.41 64.81 64.25 63.66 63.00 62.38 61.75 61.09 60.41 59.78 59.19 58.59 57.91 57.25 56.62 56.00 55.38 54.81 54.19 53.56 53.00 52.34 51.78 51.16 50.56 49.88 49.28 48.69 48.09 47.44 46.81 46.19 45.59 44.97 44.34 43.69 42.72 41.38 41.28 41.28 41.28 41.19 40.34 39.34 38.59 38.00 37.50 36.94 36.41 35.88 35.31 34.78 34.19 33.66 33.09 32.59 32.06 31.56 31.06 30.59 30.12 29.69 29.25 28.81 28.41 27.97 27.56
69.88 69.44 69.09 68.66 68.28 67.88 67.44 66.88 66.41 65.84 65.31 64.72 64.19 63.53 62.91 62.28 61.62 61.00 60.38 59.75 59.12 58.44 57.84 57.16 56.59 55.91 55.28 54.66 54.09 53.47 52.84 52.28 51.66 51.06 50.44 49.84 49.22 48.62 48.00 47.41 46.75 46.19 45.53 44.91 44.34 43.72 42.88 41.34 41.25 41.22 41.22 41.19 40.53 39.41 38.66 38.06 37.56 37.03 36.47 35.91 35.38 34.81 34.28 33.72 33.16 32.62 32.12 31.59 31.12 30.66 30.22 29.78 29.34 28.91 28.50 28.09 27.66
69.72 69.34 68.97 68.56 68.19 67.78 67.34 66.84 66.34 65.81 65.28 64.75 64.16 63.50 62.81 62.19 61.50 60.84 60.28 59.66 59.09 58.44 57.75 57.12 56.50 55.88 55.25 54.62 53.97 53.38 52.78 52.16 51.56 50.94 50.31 49.72 49.16 48.59 47.94 47.28 46.69 46.12 45.47 44.91 44.34 43.72 42.91 41.34 41.19 41.19 41.19 41.16 40.66 39.50 38.72 38.12 37.59 37.06 36.50 35.97 35.41 34.88 34.31 33.75 33.19 32.69 32.16 31.62 31.19 30.72 30.28 29.84 29.41 29.00 28.59 28.19 27.78
69.56 69.19 68.81 68.47 68.03 67.66 67.25 66.81 66.31 65.78 65.25 64.62 64.06 63.41 62.78 62.12 61.50 60.81 60.19 59.56 58.94 58.31 57.69 57.06 56.44 55.78 55.16 54.53 53.88 53.25 52.62 52.00 51.44 50.88 50.28 49.72 49.09 48.53 47.88 47.28 46.66 46.06 45.47 44.84 44.28 43.72 42.84 41.38 41.12 41.12 41.12 41.09 40.69 39.59 38.78 38.19 37.62 37.12 36.56 36.03 35.50 34.91 34.34 33.78 33.22 32.72 32.25 31.72 31.22 30.78 30.34 29.91 29.50 29.09 28.69 28.28 27.88
69.47 69.03 68.66 68.31 67.88 67.50 67.09 66.66 66.16 65.69 65.12 64.56 63.97 63.38 62.69 62.03 61.41 60.78 60.16 59.53 58.91 58.28 57.66 57.03 56.38 55.75 55.12 54.50 53.88 53.22 52.66 52.03 51.41 50.84 50.22 49.66 49.06 48.44 47.88 47.25 46.66 46.06 45.44 44.84 44.25 43.66 42.78 41.53 41.09 41.06 41.06 41.06 40.72 39.62 38.88 38.25 37.72 37.16 36.62 36.03 35.50 34.94 34.38 33.88 33.31 32.78 32.28 31.81 31.34 30.88 30.41 30.00 29.59 29.19 28.78 28.38 27.97
69.31 68.94 68.56 68.19 67.78 67.38 67.00 66.56 66.06 65.53 65.00 64.47 63.94 63.28 62.62 62.00 61.38 60.72 60.12 59.53 58.91 58.28 57.66 57.03 56.41 55.72 55.09 54.47 53.84 53.22 52.62 52.00 51.38 50.81 50.19 49.56 49.00 48.38 47.78 47.16 46.59 46.00 45.41 44.81 44.28 43.62 42.81 41.69 41.06 41.03 41.03 41.00 40.72 39.69 38.94 38.28 37.72 37.19 36.66 36.12 35.53 34.97 34.47 33.91 33.41 32.88 32.38 31.91 31.41 30.94 30.47 30.06 29.66 29.28 28.88 28.47 28.09
69.19 68.84 68.47 68.09 67.72 67.31 66.94 66.47 65.97 65.44 64.97 64.38 63.84 63.19 62.59 61.97 61.38 60.75 60.12 59.56 58.94 58.31 57.69 57.06 56.38 55.75 55.06 54.50 53.81 53.19 52.56 51.94 51.34 50.78 50.16 49.53 48.91 48.31 47.72 47.12 46.56 45.97 45.38 44.78 44.19 43.62 42.88 41.88 41.06 40.97 40.97 40.97 40.72 39.75 39.00 38.34 37.75 37.25 36.69 36.16 35.62 35.06 34.50 34.00 33.47 32.97 32.50 32.00 31.53 31.00 30.53 30.16 29.78 29.38 28.97 28.56 28.19
69.03 68.69 68.38 68.00 67.62 67.28 66.84 66.44 65.94 65.44 64.91 64.38 63.84 63.25 62.66 62.03 61.34 60.75 60.19 59.62 59.00 58.38 57.75 57.09 56.41 55.78 55.12 54.47 53.84 53.22 52.59 51.94 51.31 50.75 50.12 49.50 48.88 48.28 47.66 47.03 46.47 45.88 45.28 44.75 44.16 43.62 42.94 42.03 41.09 40.94 40.91 40.91 40.75 39.84 39.06 38.41 37.81 37.28 36.75 36.19 35.72 35.16 34.59 34.09 33.56 33.09 32.56 32.12 31.59 31.22 30.75 30.28 29.88 29.47 29.06 28.66 28.25
68.91 68.53 68.22 67.84 67.47 67.12 66.75 66.34 65.91 65.38 64.88 64.34 63.81 63.28 62.69 62.03 61.47 60.84 60.22 59.66 59.03 58.41 57.78 57.09 56.47 55.78 55.16 54.50 53.88 53.25 52.62 51.94 51.34 50.72 50.09 49.47 48.84 48.19 47.62 47.00 46.41 45.84 45.25 44.72 44.16 43.59 42.94 42.09 41.09 40.88 40.88 40.84 40.75 39.94 39.16 38.44 37.84 37.31 36.81 36.28 35.75 35.19 34.69 34.16 33.66 33.16 32.69 32.25 31.81 31.38 30.88 30.44 30.00 29.56 29.16 28.75 28.34
68.75 68.38 68.00 67.69 67.34 67.00 66.59 66.25 65.81 65.31 64.78 64.31 63.78 63.25 62.66 62.06 61.47 60.84 60.22 59.59 59.03 58.41 57.75 57.12 56.50 55.81 55.19 54.53 53.91 53.22 52.59 51.97 51.28 50.66 50.03 49.47 48.84 48.16 47.56 46.94 46.38 45.78 45.19 44.66 44.06 43.50 42.91 42.16 41.12 40.81 40.81 40.81 40.75 40.03 39.19 38.47 37.88 37.34 36.84 36.31 35.81 35.28 34.72 34.19 33.69 33.25 32.75 32.34 31.91 31.44 31.00 30.53 30.09 29.66 29.22 28.81 28.41
68.59 68.22 67.88 67.50 67.12 66.75 66.44 66.03 65.62 65.19 64.72 64.16 63.62 63.09 62.56 61.97 61.41 60.81 60.25 59.62 59.00 58.44 57.81 57.16 56.53 55.84 55.22 54.59 53.91 53.25 52.56 51.94 51.31 50.66 50.03 49.41 48.81 48.22 47.59 46.94 46.38 45.72 45.16 44.59 44.06 43.50 42.88 42.16 41.16 40.78 40.75 40.75 40.72 40.12 39.22 38.50 37.91 37.44 36.88 36.34 35.81 35.31 34.78 34.25 33.78 33.28 32.84 32.38 31.97 31.50 31.06 30.62 30.19 29.72 29.31 28.88 28.50
68.44 68.09 67.72 67.34 67.00 66.56 66.19 65.84 65.41 64.94 64.50 64.03 63.50 62.97 62.44 61.91 61.31 60.72 60.16 59.59 58.97 58.41 57.72 57.16 56.53 55.91 55.19 54.56 53.94 53.25 52.56 51.88 51.25 50.62 50.00 49.38 48.81 48.16 47.59 46.94 46.31 45.72 45.12 44.59 44.03 43.47 42.88 42.12 41.19 40.72 40.72 40.72 40.69 40.19 39.25 38.50 37.91 37.41 36.84 36.31 35.84 35.34 34.84 34.31 33.81 33.38 32.91 32.44 31.97 31.56 31.12 30.69 30.22 29.78 29.34 28.94 28.53
