arlandasctiles/Tile13,7.asc
ncols 128
nrows 128
xllcorner 0
yllcorner 0
cellsize 2.0
NODATA_value  -9999
[rows 72 to 107 of 128, columns 0 to 79 of 128]
35.34 35.56 35.75 35.94 36.06 36.16 36.22 36.25 36.28 36.28 36.25 36.25 36.22 36.28 36.12 35.88 35.56 35.16 34.69 34.84 31.38 22.81 16.81 15.72 15.44 15.12 14.78 14.44 14.22 13.84 13.44 13.00 12.53 12.09 11.66 11.28 10.94 10.62 10.38 10.09 9.84 9.59 9.34 9.09 8.84 8.56 8.28 7.97 7.66 7.31 6.94 6.56 6.16 5.72 5.31 4.88 4.47 4.06 3.72 3.38 3.09 2.84 2.66 2.50 2.22 1.75 1.66 1.69 1.72 1.78 1.81 1.91 2.06 2.28 2.47 2.78 3.06 3.19 3.25 3.19
36.03 36.16 36.31 36.44 36.53 36.62 36.72 36.75 36.78 36.78 36.78 36.78 36.75 36.75 36.56 36.31 36.03 35.81 35.72 36.00 35.97 32.62 17.44 16.81 16.59 16.03 15.50 15.28 14.88 14.44 13.97 13.44 12.94 12.41 11.94 11.53 11.16 10.81 10.56 10.31 10.06 9.81 9.59 9.34 9.09 8.81 8.56 8.25 7.94 7.59 7.22 6.84 6.41 6.00 5.53 5.09 4.69 4.31 3.94 3.62 3.34 3.09 2.88 2.69 2.53 2.12 1.75 1.75 1.81 1.84 1.88 1.94 2.06 2.22 2.38 2.50 2.81 3.00 3.09 3.06
36.56 36.75 36.91 37.00 37.09 37.16 37.22 37.28 37.31 37.31 37.31 37.31 37.28 37.19 36.94 36.66 36.41 36.19 36.06 36.03 35.34 34.78 22.69 20.75 18.66 17.31 16.69 16.16 15.62 15.09 14.50 13.91 13.31 12.72 12.22 11.75 11.31 10.97 10.69 10.47 10.22 10.00 9.78 9.56 9.31 9.09 8.81 8.53 8.22 7.91 7.53 7.12 6.69 6.25 5.78 5.34 4.94 4.53 4.22 3.91 3.59 3.34 3.09 2.91 2.75 2.50 2.00 1.84 1.88 1.91 1.97 2.00 2.09 2.19 2.28 2.38 2.50 2.75 2.88 2.94
37.12 37.31 37.44 37.59 37.69 37.75 37.78 37.81 37.84 37.88 37.88 37.84 37.78 37.56 37.28 36.97 36.69 36.38 36.06 35.59 34.59 33.25 23.41 22.50 20.69 18.84 17.84 17.09 16.38 15.69 15.03 14.34 13.69 13.03 12.47 11.91 11.44 11.03 10.78 10.56 10.34 10.12 9.94 9.72 9.53 9.31 9.06 8.81 8.50 8.19 7.81 7.41 6.97 6.53 6.06 5.59 5.19 4.84 4.53 4.22 3.91 3.66 3.38 3.19 2.97 2.81 2.41 1.97 1.97 2.00 2.03 2.09 2.16 2.25 2.28 2.31 2.38 2.47 2.59 2.69
37.62 37.84 37.97 38.12 38.25 38.34 38.41 38.44 38.47 38.44 38.41 38.38 38.22 37.94 37.59 37.22 36.84 36.44 35.97 35.28 34.28 32.59 33.16 23.50 21.72 20.00 18.91 18.09 17.25 16.44 15.62 14.81 14.03 13.31 12.69 12.03 11.47 11.06 10.84 10.59 10.38 10.19 10.03 9.84 9.66 9.47 9.28 9.03 8.75 8.47 8.09 7.72 7.28 6.81 6.34 5.88 5.47 5.16 4.88 4.56 4.25 3.94 3.66 3.41 3.22 3.03 2.81 2.28 2.03 2.06 2.12 2.16 2.22 2.28 2.31 2.34 2.34 2.38 2.41 2.44
38.03 38.31 38.50 38.66 38.81 38.91 38.97 39.00 39.00 39.00 38.97 38.84 38.59 38.28 37.88 37.47 37.00 36.50 35.94 35.19 34.25 33.31 32.97 24.53 22.41 20.97 20.03 19.03 18.06 17.12 16.19 15.28 14.41 13.56 12.81 12.06 11.41 11.00 10.72 10.50 10.28 10.12 10.00 9.88 9.75 9.59 9.44 9.22 9.00 8.72 8.41 8.03 7.59 7.12 6.66 6.22 5.84 5.53 5.25 4.94 4.59 4.25 3.94 3.69 3.50 3.25 3.09 2.72 2.22 2.16 2.19 2.22 2.25 2.31 2.38 2.44 2.38 2.31 2.28 2.31
38.44 38.72 39.00 39.22 39.38 39.50 39.59 39.62 39.59 39.53 39.41 39.25 39.00 38.62 38.16 37.69 37.16 36.56 35.94 35.16 34.28 33.16 32.41 31.69 23.50 22.34 21.19 20.00 18.88 17.78 16.75 15.72 14.75 13.81 12.91 12.03 11.25 10.84 10.56 10.31 10.12 9.97 9.88 9.78 9.72 9.66 9.53 9.38 9.19 8.97 8.66 8.31 7.94 7.47 7.03 6.59 6.22 5.91 5.59 5.25 4.91 4.56 4.25 4.00 3.75 3.53 3.28 3.09 2.53 2.22 2.22 2.25 2.31 2.34 2.44 2.53 2.47 2.34 2.28 2.25
38.78 39.12 39.41 39.66 39.88 40.06 40.22 40.25 40.09 39.94 39.75 39.59 39.31 38.91 38.44 37.88 37.28 36.66 36.00 35.25 34.41 33.50 32.59 30.88 26.47 23.84 22.38 20.97 19.69 18.47 17.31 16.19 15.09 14.06 12.97 11.78 11.16 10.69 10.34 10.09 9.91 9.75 9.69 9.62 9.59 9.59 9.53 9.44 9.31 9.16 8.94 8.62 8.28 7.88 7.41 6.97 6.59 6.25 5.94 5.56 5.19 4.78 4.53 4.28 4.03 3.78 3.53 3.31 2.97 2.44 2.28 2.31 2.34 2.38 2.44 2.53 2.53 2.41 2.28 2.22
39.19 39.50 39.81 40.06 40.31 40.47 40.62 40.62 40.50 40.31 40.06 39.84 39.59 39.16 38.62 38.03 37.41 36.78 36.09 35.38 34.59 33.78 32.84 31.00 27.91 25.12 23.41 21.84 20.44 19.12 17.84 16.62 15.44 14.31 12.97 11.88 11.12 10.53 10.22 10.00 9.81 9.66 9.56 9.50 9.47 9.47 9.47 9.47 9.41 9.31 9.19 8.97 8.66 8.28 7.81 7.38 6.97 6.62 6.28 5.88 5.44 5.09 4.81 4.59 4.34 4.03 3.78 3.50 3.25 2.81 2.41 2.38 2.41 2.41 2.44 2.44 2.50 2.47 2.28 2.19
39.47 39.81 40.09 40.38 40.62 40.78 40.91 40.91 40.81 40.62 40.34 40.06 39.72 39.31 38.75 38.16 37.53 36.88 36.22 35.53 34.78 34.00 33.25 31.12 28.56 26.03 24.28 22.62 21.16 19.72 18.38 17.06 15.78 14.56 13.06 12.16 11.34 10.78 10.38 10.09 9.84 9.66 9.53 9.44 9.41 9.41 9.41 9.47 9.50 9.50 9.44 9.31 9.06 8.72 8.28 7.81 7.38 7.00 6.62 6.19 5.75 5.41 5.09 4.84 4.59 4.28 3.97 3.72 3.41 3.12 2.66 2.41 2.41 2.44 2.41 2.38 2.38 2.44 2.34 2.22
39.72 40.00 40.28 40.56 40.81 41.00 41.06 41.06 40.94 40.72 40.44 40.06 39.69 39.22 38.72 38.16 37.56 36.97 36.34 35.66 34.94 34.09 33.09 31.09 28.91 26.69 24.97 23.31 21.78 20.31 18.91 17.50 16.16 14.88 13.44 12.50 11.69 11.06 10.59 10.28 10.03 9.78 9.62 9.50 9.44 9.38 9.44 9.50 9.62 9.69 9.72 9.69 9.50 9.19 8.75 8.28 7.81 7.38 6.97 6.50 6.06 5.66 5.31 5.00 4.72 4.44 4.16 3.84 3.59 3.28 2.97 2.56 2.44 2.41 2.38 2.34 2.31 2.31 2.34 2.28
39.88 40.16 40.41 40.66 40.91 41.16 41.22 41.16 41.00 40.75 40.44 40.06 39.62 39.16 38.66 38.09 37.50 36.91 36.31 35.75 35.03 34.16 32.88 31.03 29.16 27.25 25.56 23.94 22.38 20.88 19.41 17.97 16.56 15.16 13.88 12.88 12.03 11.34 10.88 10.56 10.31 10.06 9.81 9.66 9.56 9.50 9.53 9.62 9.78 9.91 10.03 10.06 9.94 9.66 9.22 8.75 8.28 7.81 7.31 6.81 6.38 5.94 5.56 5.22 4.88 4.56 4.31 4.06 3.81 3.50 3.19 2.91 2.56 2.38 2.34 2.31 2.28 2.25 2.25 2.28
40.06 40.31 40.56 40.78 41.00 41.22 41.31 41.19 41.03 40.78 40.44 40.06 39.59 39.12 38.59 38.03 37.44 36.81 36.19 35.53 34.88 33.91 32.56 31.06 29.41 27.78 26.09 24.50 22.94 21.41 19.91 18.44 17.00 15.50 14.31 13.28 12.41 11.72 11.25 10.91 10.66 10.34 10.12 9.94 9.81 9.78 9.81 9.88 10.03 10.16 10.31 10.41 10.38 10.12 9.69 9.25 8.78 8.28 7.72 7.19 6.69 6.25 5.81 5.44 5.06 4.75 4.50 4.31 4.03 3.69 3.34 3.16 2.97 2.62 2.34 2.28 2.28 2.25 2.22 2.19
40.25 40.50 40.72 40.91 41.09 41.28 41.34 41.25 41.06 40.81 40.44 40.03 39.59 39.09 38.56 37.97 37.38 36.72 36.03 35.31 34.50 33.56 32.38 31.03 29.59 28.12 26.62 25.03 23.47 21.94 20.44 18.94 17.47 16.03 14.81 13.72 12.84 12.19 11.75 11.34 11.06 10.78 10.53 10.31 10.19 10.12 10.16 10.22 10.31 10.47 10.59 10.72 10.72 10.56 10.12 9.72 9.28 8.75 8.19 7.62 7.06 6.56 6.09 5.69 5.31 5.03 4.78 4.47 4.19 3.84 3.53 3.34 3.22 3.06 2.69 2.31 2.25 2.22 2.19 2.16
40.47 40.69 40.88 41.06 41.25 41.41 41.44 41.38 41.16 40.88 40.50 40.06 39.59 39.09 38.53 37.94 37.31 36.66 35.94 35.16 34.31 33.38 32.28 31.06 29.75 28.41 27.03 25.59 24.12 22.62 21.09 19.53 18.03 16.56 15.34 14.25 13.38 12.84 12.34 11.97 11.62 11.31 11.06 10.84 10.69 10.59 10.56 10.59 10.66 10.78 10.91 11.00 11.03 10.88 10.50 10.09 9.69 9.22 8.66 8.06 7.50 6.97 6.50 6.06 5.66 5.31 5.00 4.69 4.34 4.03 3.75 3.53 3.38 3.25 3.12 2.72 2.31 2.19 2.16 2.12
40.69 40.88 41.09 41.28 41.44 41.56 41.59 41.47 41.22 40.94 40.53 40.09 39.62 39.09 38.53 37.94 37.31 36.62 35.88 35.09 34.22 33.31 32.28 31.16 29.94 28.69 27.41 26.09 24.75 23.25 21.75 20.16 18.59 17.22 16.06 15.19 14.47 13.84 13.28 12.75 12.38 12.03 11.69 11.44 11.25 11.12 11.03 11.03 11.03 11.09 11.19 11.25 11.25 11.12 10.78 10.38 10.00 9.56 9.03 8.47 7.91 7.41 6.91 6.47 6.06 5.66 5.28 4.94 4.56 4.25 3.94 3.69 3.50 3.34 3.22 3.09 2.72 2.31 2.12 2.06
40.91 41.12 41.31 41.50 41.66 41.75 41.78 41.59 41.34 41.00 40.62 40.16 39.69 39.16 38.59 37.97 37.31 36.62 35.88 35.09 34.22 33.31 32.34 31.28 30.16 29.00 27.81 26.59 25.34 23.91 22.44 20.81 19.34 18.03 17.16 16.41 15.69 15.00 14.38 13.78 13.25 12.84 12.47 12.16 11.91 11.72 11.56 11.50 11.44 11.44 11.44 11.47 11.41 11.25 10.91 10.50 10.16 9.75 9.31 8.81 8.31 7.84 7.34 6.91 6.44 6.03 5.62 5.22 4.84 4.47 4.16 3.88 3.62 3.44 3.28 3.12 3.00 2.66 2.25 2.03
41.16 41.38 41.56 41.75 41.91 42.03 41.97 41.78 41.47 41.12 40.72 40.28 39.78 39.25 38.69 38.06 37.41 36.69 35.94 35.12 34.28 33.41 32.44 31.47 30.44 29.34 28.25 27.09 25.94 24.59 23.09 21.66 20.28 19.25 18.47 17.72 17.00 16.28 15.59 14.91 14.28 13.78 13.34 12.94 12.62 12.34 12.16 12.00 11.88 11.78 11.72 11.66 11.53 11.31 10.94 10.53 10.19 9.88 9.53 9.12 8.72 8.25 7.78 7.31 6.84 6.41 5.94 5.53 5.09 4.72 4.38 4.06 3.81 3.56 3.38 3.19 3.03 2.84 2.56 2.16
41.41 41.62 41.84 42.03 42.22 42.34 42.22 41.97 41.66 41.28 40.84 40.41 39.91 39.38 38.81 38.19 37.53 36.84 36.06 35.25 34.41 33.53 32.62 31.69 30.75 29.69 28.66 27.62 26.56 25.31 23.94 22.66 21.50 20.62 19.88 19.12 18.41 17.66 16.94 16.28 15.59 14.91 14.34 13.84 13.41 13.06 12.78 12.53 12.34 12.16 12.00 11.84 11.62 11.31 10.97 10.56 10.28 10.03 9.75 9.44 9.06 8.66 8.19 7.72 7.25 6.75 6.28 5.81 5.41 4.97 4.62 4.28 4.00 3.72 3.50 3.28 3.09 2.91 2.72 2.47
41.66 41.88 42.12 42.38 42.59 42.66 42.47 42.19 41.84 41.47 41.03 40.56 40.06 39.53 38.97 38.38 37.75 37.03 36.25 35.44 34.56 33.72 32.81 31.94 31.03 30.06 29.09 28.16 27.19 26.09 24.91 23.84 22.88 22.09 21.34 20.62 19.88 19.12 18.41 17.66 16.91 16.16 15.44 14.84 14.28 13.81 13.44 13.09 12.81 12.56 12.31 12.06 11.75 11.41 11.00 10.72 10.44 10.19 9.97 9.72 9.38 9.00 8.56 8.09 7.59 7.12 6.62 6.12 5.69 5.25 4.88 4.53 4.19 3.91 3.66 3.41 3.19 3.00 2.81 2.59
41.94 42.12 42.44 42.81 43.00 42.94 42.72 42.41 42.06 41.69 41.25 40.78 40.28 39.72 39.16 38.56 37.97 37.25 36.50 35.72 34.84 33.97 33.09 32.19 31.34 30.44 29.53 28.69 27.84 26.88 25.94 25.09 24.31 23.59 22.91 22.19 21.47 20.72 20.00 19.22 18.41 17.53 16.72 15.94 15.22 14.62 14.12 13.72 13.34 13.03 12.69 12.31 11.91 11.53 11.12 10.88 10.62 10.41 10.22 9.97 9.66 9.28 8.88 8.41 7.94 7.44 6.94 6.44 5.97 5.53 5.12 4.78 4.44 4.12 3.84 3.59 3.34 3.12 2.91 2.72
42.34 42.53 42.84 43.19 43.34 43.22 43.00 42.69 42.31 41.91 41.47 41.00 40.50 39.97 39.41 38.81 38.22 37.53 36.78 36.03 35.19 34.22 33.38 32.50 31.62 30.78 29.97 29.22 28.44 27.69 27.00 26.34 25.75 25.12 24.53 23.88 23.19 22.44 21.72 20.94 20.06 19.12 18.12 17.16 16.25 15.47 14.84 14.38 13.97 13.56 13.16 12.72 12.31 11.88 11.53 11.22 10.94 10.72 10.50 10.19 9.84 9.47 9.12 8.69 8.22 7.75 7.25 6.75 6.28 5.84 5.41 5.03 4.69 4.34 4.06 3.78 3.53 3.28 3.06 2.84
42.72 42.94 43.25 43.59 43.72 43.56 43.31 42.97 42.59 42.19 41.75 41.28 40.75 40.22 39.66 39.09 38.50 37.81 37.09 36.38 35.56 34.59 33.69 32.84 31.94 31.09 30.34 29.69 29.06 28.53 28.03 27.59 27.16 26.72 26.22 25.69 25.06 24.34 23.62 22.81 21.94 20.94 19.81 18.56 17.34 16.31 15.56 15.06 14.62 14.19 13.75 13.28 12.81 12.34 11.97 11.62 11.31 11.00 10.72 10.31 9.91 9.56 9.34 8.97 8.50 8.03 7.53 7.06 6.59 6.12 5.69 5.31 4.94 4.59 4.28 4.00 3.72 3.47 3.25 3.03
43.09 43.31 43.72 43.97 44.06 43.91 43.66 43.31 42.91 42.50 42.03 41.56 41.06 40.50 39.97 39.38 38.78 38.16 37.44 36.75 35.97 35.03 34.03 33.19 32.25 31.41 30.69 30.16 29.72 29.38 29.09 28.84 28.59 28.34 28.00 27.59 27.09 26.34 25.62 24.88 24.00 23.00 21.78 20.31 18.72 17.25 16.31 15.84 15.47 15.03 14.53 14.06 13.53 12.97 12.50 12.03 11.62 11.25 10.88 10.44 10.03 9.72 9.50 9.19 8.78 8.34 7.84 7.34 6.88 6.44 6.00 5.59 5.19 4.84 4.53 4.22 3.94 3.69 3.44 3.19
43.47 43.66 43.84 44.19 44.41 44.28 44.03 43.66 43.25 42.81 42.38 41.88 41.38 40.84 40.28 39.72 39.12 38.47 37.84 37.16 36.41 35.56 34.50 33.56 32.62 31.75 31.06 30.66 30.38 30.22 30.16 30.09 30.03 29.97 29.81 29.59 29.16 28.44 27.75 27.03 26.25 25.31 24.12 22.53 20.50 18.28 17.38 16.97 16.59 16.19 15.69 15.16 14.56 13.91 13.19 12.59 12.09 11.59 11.16 10.72 10.31 10.03 9.78 9.44 9.06 8.62 8.16 7.66 7.19 6.75 6.28 5.88 5.47 5.09 4.78 4.47 4.19 3.91 3.66 3.41
43.88 44.03 44.00 44.47 44.78 44.75 44.44 44.06 43.62 43.19 42.69 42.22 41.69 41.16 40.62 40.06 39.47 38.84 38.22 37.59 36.88 36.09 35.09 34.06 33.12 32.44 31.97 31.59 31.31 31.16 31.25 31.31 31.28 31.19 31.09 30.91 30.72 30.38 29.81 29.25 28.66 27.94 26.88 25.34 22.94 19.19 18.84 18.38 18.00 17.66 17.06 16.44 15.69 14.91 14.16 13.47 12.88 12.28 11.75 11.25 10.78 10.41 10.09 9.75 9.38 8.94 8.47 8.00 7.53 7.06 6.59 6.19 5.75 5.38 5.03 4.72 4.41 4.12 3.84 3.59
44.34 44.50 44.62 45.00 45.25 45.22 44.91 44.50 44.03 43.56 43.06 42.56 42.03 41.50 40.97 40.44 39.88 39.28 38.66 38.03 37.38 36.69 35.78 34.72 33.94 33.38 32.97 32.62 32.34 32.19 32.19 32.25 32.25 32.25 32.22 32.12 31.97 31.84 31.62 31.34 31.03 30.62 29.97 28.91 27.41 22.09 20.72 20.06 19.56 18.97 18.34 17.69 16.91 16.06 15.19 14.41 13.69 13.06 12.47 11.91 11.38 10.91 10.50 10.12 9.72 9.28 8.81 8.31 7.84 7.38 6.91 6.47 6.06 5.66 5.28 4.97 4.62 4.34 4.06 3.78
44.88 45.25 45.78 46.03 45.97 45.72 45.41 44.97 44.44 43.91 43.41 42.88 42.38 41.88 41.38 40.84 40.28 39.72 39.12 38.53 37.91 37.28 36.44 35.44 34.78 34.28 33.91 33.59 33.34 33.19 33.12 33.22 33.28 33.31 33.28 33.25 33.19 33.12 33.06 33.00 33.00 33.16 33.06 32.41 30.84 25.72 22.78 21.66 20.81 20.12 19.47 18.91 18.09 17.06 16.06 15.22 14.47 13.78 13.16 12.56 12.00 11.47 10.97 10.53 10.09 9.62 9.16 8.66 8.16 7.69 7.22 6.75 6.34 5.94 5.56 5.19 4.88 4.56 4.25 3.97
45.78 46.38 46.97 47.16 46.97 46.69 46.09 45.44 44.88 44.31 43.81 43.31 42.78 42.28 41.75 41.25 40.72 40.19 39.62 39.06 38.50 37.88 37.06 36.19 35.56 35.12 34.78 34.53 34.34 34.19 34.09 34.22 34.34 34.41 34.44 34.38 34.34 34.25 34.22 34.19 34.16 34.16 34.12 34.22 33.28 32.03 24.66 23.09 22.12 21.22 20.62 19.94 18.97 17.84 16.84 16.00 15.22 14.53 13.88 13.25 12.62 12.06 11.50 11.00 10.53 10.03 9.50 9.00 8.50 8.00 7.53 7.06 6.62 6.19 5.81 5.44 5.09 4.78 4.47 4.16
46.59 46.84 47.09 47.19 47.16 47.03 46.88 46.16 45.31 44.72 44.22 43.72 43.19 42.69 42.16 41.66 41.16 40.66 40.16 39.62 39.09 38.38 37.53 36.84 36.31 35.91 35.62 35.47 35.31 35.19 35.12 35.31 35.44 35.50 35.50 35.41 35.31 35.22 35.16 35.09 35.03 35.00 34.94 34.81 35.06 33.41 27.84 25.09 23.38 22.16 21.47 20.66 19.47 18.44 17.53 16.69 15.94 15.22 14.53 13.88 13.25 12.66 12.06 11.50 10.94 10.41 9.88 9.34 8.81 8.31 7.81 7.34 6.88 6.47 6.06 5.69 5.31 4.97 4.66 4.31
47.12 47.25 47.34 47.41 47.38 47.31 47.22 47.00 46.03 45.19 44.66 44.19 43.66 43.16 42.66 42.16 41.69 41.19 40.72 40.22 39.69 38.84 38.12 37.50 37.03 36.69 36.47 36.38 36.34 36.25 36.22 36.31 36.44 36.50 36.47 36.38 36.28 36.19 36.06 35.97 35.91 35.81 35.75 35.66 35.53 35.16 30.19 27.06 24.34 22.84 21.81 20.88 19.81 18.91 18.09 17.38 16.62 15.94 15.25 14.56 13.91 13.25 12.62 12.00 11.41 10.81 10.22 9.69 9.12 8.59 8.09 7.59 7.16 6.72 6.28 5.91 5.50 5.16 4.81 4.47
47.56 47.59 47.66 47.66 47.66 47.59 47.47 47.28 46.97 45.91 45.09 44.62 44.12 43.59 43.09 42.62 42.16 41.69 41.25 40.81 40.25 39.38 38.69 38.16 37.75 37.44 37.28 37.31 37.47 37.34 37.25 37.28 37.38 37.47 37.44 37.34 37.22 37.09 36.97 36.84 36.72 36.59 36.50 36.38 36.22 35.75 30.81 28.16 25.34 23.03 21.62 20.69 20.03 19.38 18.69 18.03 17.34 16.62 15.91 15.22 14.50 13.81 13.16 12.47 11.84 11.19 10.59 10.00 9.44 8.88 8.38 7.88 7.41 6.94 6.50 6.09 5.72 5.34 4.97 4.62
47.94 47.97 47.97 47.97 47.94 47.88 47.75 47.59 47.28 46.69 45.69 45.09 44.59 44.06 43.56 43.12 42.66 42.22 41.81 41.41 40.75 39.91 39.25 38.78 38.44 38.22 38.12 38.38 38.44 38.31 38.25 38.28 38.38 38.41 38.41 38.31 38.19 38.03 37.84 37.69 37.50 37.34 37.22 37.09 36.94 36.75 37.38 38.62 25.88 23.72 22.28 21.12 20.41 19.97 19.38 18.75 18.06 17.34 16.59 15.84 15.12 14.38 13.66 12.94 12.25 11.56 10.91 10.28 9.69 9.12 8.59 8.09 7.62 7.19 6.72 6.31 5.91 5.50 5.12 4.75
48.28 48.28 48.28 48.28 48.25 48.19 48.09 47.91 47.62 47.16 46.31 45.53 45.06 44.56 44.06 43.62 43.19 42.78 42.38 42.00 41.25 40.41 39.81 39.38 39.09 38.94 39.00 39.38 39.38 39.25 39.19 39.19 39.28 39.31 39.28 39.19 39.03 38.88 38.66 38.47 38.25 38.06 37.88 37.69 37.59 37.59 37.59 37.25 26.19 24.28 23.03 22.03 21.28 20.78 20.19 19.53 18.81 18.06 17.28 16.50 15.72 14.94 14.19 13.41 12.69 11.94 11.25 10.56 9.97 9.38 8.84 8.34 7.84 7.38 6.94 6.50 6.09 5.66 5.25 4.84
48.62 48.66 48.62 48.59 48.56 48.53 48.44 48.28 48.03 47.66 47.03 46.06 45.53 45.03 44.56 44.12 43.72 43.34 42.97 42.62 41.78 40.88 40.34 39.97 39.75 39.66 39.97 40.34 40.22 40.12 40.06 40.06 40.12 40.16 40.09 39.97 39.84 39.66 39.44 39.22 38.97 38.72 38.47 38.28 38.12 38.00 37.78 36.75 27.03 25.53 24.44 23.56 22.59 21.84 21.09 20.38 19.59 18.78 17.97 17.12 16.31 15.47 14.69 13.88 13.09 12.31 11.56 10.84 10.19 9.59 9.03 8.56 8.06 7.62 7.16 6.72 6.28 5.84 5.41 4.97
49.00 49.00 48.97 48.94 48.91 48.88 48.81 48.69 48.50 48.19 47.72 46.75 45.94 45.56 45.12 44.72 44.31 43.94 43.59 43.16 42.34 41.50 40.91 40.59 40.47 40.62 41.00 41.19 41.06 40.97 40.91 40.88 40.94 40.94 40.81 40.69 40.53 40.34 40.12 39.88 39.59 39.31 39.06 38.78 38.56 38.25 37.91 37.59 28.81 27.56 26.47 25.44 24.28 23.12 22.16 21.28 20.41 19.53 18.66 17.75 16.88 16.00 15.16 14.34 13.53 12.75 11.94 11.12 10.38 9.81 9.28 8.81 8.34 7.88 7.41 6.94 6.47 6.03 5.56 5.09
