arlandasctiles/Tile[4,1].asc
ncols 128
nrows 128
xllcorner 0
yllcorner 0
cellsize 2.0
NODATA_value  -9999
[rows 64 to 95 of 128, columns 0 to 70 of 128]
-90.03 -89.75 -89.47 -89.19 -89.31 -88.97 -88.84 -88.66 -88.16 -88.28 -87.59 -87.97 -87.44 -87.50 -87.12 -86.91 -86.94 -87.41 -87.28 -86.56 -86.34 -86.53 -86.31 -87.06 -86.34 -87.38 -86.53 -86.94 -86.41 -87.38 -86.50 -86.78 -86.78 -86.78 -87.00 -87.31 -87.41 -88.22 -87.75 -88.19 -88.22 -88.03 -88.41 -88.06 -88.47 -88.41 -88.41 -88.31 -88.47 -88.56 -88.44 -88.69 -88.59 -88.78 -88.56 -88.94 -88.59 -89.22 -88.72 -89.25 -88.62 -89.34 -88.97 -88.75 -89.53 -88.62 -88.88 -89.09 -89.47 -89.56 -89.66
-90.00 -89.47 -89.06 -89.44 -89.50 -89.25 -89.12 -88.53 -88.28 -88.56 -88.28 -87.97 -87.97 -87.75 -87.38 -87.56 -87.50 -87.88 -87.44 -87.06 -86.75 -86.94 -86.81 -87.34 -86.78 -87.56 -86.72 -87.25 -86.81 -87.56 -87.00 -87.06 -87.38 -87.00 -87.22 -87.78 -87.69 -88.38 -88.16 -88.19 -88.56 -88.22 -88.66 -88.31 -88.78 -88.59 -88.66 -88.56 -88.69 -88.78 -88.75 -88.94 -88.88 -89.06 -88.75 -89.19 -88.94 -89.59 -89.00 -89.56 -89.34 -89.78 -89.28 -88.97 -89.78 -88.91 -89.19 -89.25 -89.69 -90.00 -89.97
-89.88 -89.62 -89.47 -90.03 -89.66 -89.50 -89.38 -88.88 -88.75 -88.81 -88.22 -88.38 -88.19 -87.94 -87.88 -88.19 -87.97 -88.44 -87.62 -87.66 -87.25 -87.31 -87.78 -87.25 -87.19 -87.72 -86.97 -87.53 -87.06 -87.16 -88.09 -87.47 -87.97 -87.66 -87.59 -88.06 -88.06 -88.44 -88.72 -88.38 -88.88 -88.28 -88.91 -88.56 -88.91 -88.91 -88.84 -88.88 -88.88 -89.00 -89.00 -89.12 -89.12 -89.31 -88.91 -89.44 -89.19 -89.84 -89.34 -89.81 -89.66 -90.06 -89.47 -89.47 -90.06 -89.44 -89.62 -89.66 -89.78 -90.28 -90.41
-90.25 -89.97 -90.31 -90.28 -89.91 -89.62 -89.56 -89.47 -89.28 -88.78 -88.72 -88.62 -88.22 -88.16 -88.59 -88.62 -88.53 -88.78 -87.94 -88.28 -87.72 -87.78 -88.22 -87.34 -87.84 -87.72 -87.25 -87.72 -87.25 -87.44 -88.28 -88.38 -88.31 -88.03 -88.06 -88.56 -88.38 -88.69 -89.06 -88.44 -89.12 -88.53 -89.16 -88.56 -89.00 -89.31 -88.94 -89.19 -89.09 -89.19 -89.19 -89.31 -89.41 -89.59 -89.28 -89.69 -89.47 -90.03 -89.62 -90.00 -89.97 -90.38 -89.72 -90.09 -90.47 -89.88 -90.16 -90.09 -90.00 -90.66 -90.69
-90.62 -90.25 -90.94 -90.41 -90.19 -89.72 -89.94 -89.75 -89.50 -89.28 -89.19 -88.94 -88.56 -88.47 -89.25 -88.94 -89.16 -89.12 -88.34 -88.62 -88.22 -88.31 -88.47 -87.59 -88.16 -87.56 -87.75 -87.91 -87.38 -87.69 -87.91 -88.69 -88.75 -88.56 -88.44 -88.91 -88.66 -88.97 -89.31 -88.72 -89.38 -88.75 -89.38 -89.09 -89.22 -89.41 -89.25 -89.41 -89.31 -89.41 -89.31 -89.53 -89.69 -89.75 -89.72 -89.88 -89.75 -90.38 -90.03 -90.25 -90.03 -90.59 -90.31 -90.53 -90.94 -90.38 -90.56 -90.47 -90.50 -91.06 -91.09
-90.88 -91.03 -91.38 -90.69 -90.31 -90.00 -90.41 -89.78 -90.16 -89.81 -89.75 -89.06 -88.97 -88.91 -89.69 -89.31 -89.59 -89.38 -88.78 -88.78 -88.84 -88.91 -88.47 -87.94 -88.34 -87.78 -88.41 -87.88 -87.62 -87.94 -88.16 -88.78 -89.03 -89.00 -88.81 -88.91 -89.22 -89.19 -89.56 -89.00 -89.59 -88.97 -89.56 -89.38 -89.41 -89.78 -89.47 -89.59 -89.53 -89.59 -89.56 -89.78 -89.88 -89.91 -89.97 -90.03 -90.03 -90.38 -90.12 -90.56 -90.53 -90.91 -90.81 -90.94 -91.41 -91.09 -91.09 -90.91 -91.09 -91.41 -91.44
-91.66 -91.50 -91.56 -90.88 -90.50 -90.62 -90.81 -90.19 -90.69 -90.41 -90.03 -89.41 -89.53 -89.41 -90.12 -89.44 -90.12 -89.53 -89.34 -88.94 -89.22 -89.09 -88.53 -88.28 -88.56 -88.00 -88.84 -87.97 -87.88 -88.16 -88.44 -88.72 -89.62 -89.28 -89.22 -89.44 -89.38 -89.44 -89.75 -89.28 -89.78 -89.38 -89.66 -89.56 -89.59 -89.91 -89.69 -89.72 -89.75 -89.75 -89.88 -89.97 -90.06 -90.16 -90.19 -90.25 -90.00 -90.56 -90.47 -90.91 -90.78 -91.16 -91.25 -91.41 -91.78 -91.66 -91.47 -91.50 -91.53 -91.78 -91.84
-92.28 -91.97 -91.75 -90.94 -90.91 -91.03 -91.25 -90.66 -91.00 -90.91 -90.31 -89.78 -89.78 -89.97 -90.50 -89.97 -90.50 -89.97 -89.75 -89.44 -89.56 -89.09 -88.88 -89.00 -88.41 -88.22 -89.06 -88.16 -88.19 -88.41 -88.75 -88.91 -89.94 -89.56 -89.31 -89.94 -89.41 -89.66 -89.75 -89.66 -89.88 -89.59 -89.81 -89.78 -89.69 -90.03 -89.91 -89.91 -90.03 -89.88 -90.19 -89.91 -90.34 -90.41 -90.44 -90.53 -90.38 -90.81 -90.59 -91.22 -91.25 -91.34 -91.25 -91.84 -92.19 -91.97 -91.78 -91.84 -92.09 -92.03 -92.06
-92.59 -92.12 -91.84 -91.38 -91.34 -91.38 -91.75 -90.97 -91.56 -91.16 -90.47 -90.16 -90.09 -90.47 -90.84 -90.53 -90.66 -90.31 -89.88 -89.91 -89.84 -89.25 -89.47 -89.03 -88.56 -88.41 -89.16 -88.38 -88.56 -88.69 -89.28 -89.19 -90.00 -89.97 -89.56 -90.38 -89.59 -89.84 -89.91 -89.91 -90.03 -89.97 -89.88 -90.03 -89.78 -90.09 -90.19 -90.12 -90.31 -90.09 -90.47 -90.44 -90.56 -90.66 -90.72 -90.75 -90.81 -91.12 -90.81 -91.47 -91.34 -91.62 -91.56 -92.00 -92.38 -92.34 -92.09 -92.34 -92.31 -92.19 -92.50
-92.59 -92.44 -92.03 -91.78 -91.69 -92.09 -92.09 -91.69 -91.78 -91.16 -90.81 -90.50 -90.53 -90.84 -91.22 -90.81 -91.03 -90.47 -90.06 -90.25 -89.97 -89.72 -89.72 -88.94 -88.81 -88.88 -89.25 -88.72 -88.97 -89.06 -89.75 -89.56 -90.16 -90.31 -89.84 -90.66 -89.94 -89.97 -90.09 -90.12 -90.16 -90.19 -90.16 -90.25 -90.19 -90.25 -90.59 -90.38 -90.53 -90.31 -90.69 -90.69 -90.78 -90.88 -91.00 -91.12 -91.25 -91.38 -91.16 -91.66 -91.75 -91.75 -92.09 -92.03 -92.59 -92.66 -92.56 -92.66 -92.31 -92.66 -92.72
-92.88 -92.78 -92.41 -92.19 -92.22 -92.47 -92.34 -92.25 -92.09 -91.41 -91.22 -90.94 -91.00 -91.25 -91.56 -91.16 -91.28 -90.72 -90.72 -90.50 -90.03 -89.66 -90.00 -89.22 -89.16 -89.69 -89.00 -89.12 -89.38 -89.41 -89.72 -90.34 -90.38 -90.56 -90.12 -90.88 -90.16 -90.28 -90.19 -90.31 -90.34 -90.34 -90.31 -90.47 -90.44 -90.44 -90.75 -90.59 -90.75 -90.59 -90.88 -90.91 -90.91 -91.09 -91.19 -91.38 -91.47 -91.62 -91.62 -91.59 -92.12 -92.03 -92.41 -92.47 -92.84 -92.97 -92.88 -92.84 -92.47 -93.00 -93.03
-93.03 -93.25 -92.75 -92.69 -92.91 -92.78 -92.66 -92.72 -92.09 -91.69 -91.44 -91.38 -91.38 -91.81 -91.75 -91.59 -91.34 -91.22 -90.97 -90.44 -90.09 -89.78 -90.22 -89.47 -89.72 -90.06 -89.44 -89.50 -89.78 -89.91 -90.00 -90.69 -90.56 -90.69 -90.47 -91.25 -90.31 -90.72 -90.25 -90.53 -90.56 -90.50 -90.41 -90.56 -90.59 -90.69 -90.94 -90.84 -90.91 -90.84 -91.06 -91.12 -91.12 -91.38 -91.41 -91.72 -91.69 -91.91 -92.00 -91.91 -92.50 -92.44 -92.75 -92.97 -93.06 -93.19 -93.16 -93.12 -92.81 -93.31 -93.34
-93.38 -93.81 -93.16 -93.28 -93.19 -93.03 -92.94 -92.81 -92.22 -91.97 -91.81 -91.88 -91.75 -92.25 -92.09 -91.94 -91.66 -91.34 -90.47 -90.22 -90.44 -89.91 -90.41 -89.66 -90.19 -90.28 -89.78 -89.94 -90.16 -90.34 -90.31 -90.81 -90.91 -90.75 -90.88 -91.22 -90.56 -91.03 -90.44 -90.81 -90.75 -90.72 -90.47 -90.81 -90.75 -90.81 -91.00 -91.06 -91.12 -91.09 -91.28 -91.31 -91.41 -91.59 -91.41 -91.88 -92.03 -92.19 -92.28 -92.19 -92.69 -92.81 -92.97 -93.22 -93.28 -93.38 -93.44 -93.44 -93.31 -93.62 -93.62
-93.75 -94.28 -93.56 -93.69 -93.47 -93.47 -93.12 -93.06 -92.44 -92.28 -92.19 -92.41 -92.44 -92.50 -92.41 -92.19 -91.72 -90.97 -90.56 -90.97 -90.53 -90.25 -90.62 -89.91 -90.38 -90.59 -90.22 -90.47 -90.62 -90.66 -90.66 -90.91 -91.09 -90.88 -91.38 -91.53 -90.84 -91.19 -91.03 -90.94 -90.97 -90.94 -90.62 -91.09 -90.75 -91.06 -91.19 -91.28 -91.31 -91.47 -91.53 -91.41 -91.66 -91.94 -91.78 -91.84 -92.34 -92.44 -92.62 -92.50 -92.75 -93.09 -92.84 -93.47 -93.53 -93.59 -93.69 -93.75 -93.84 -93.91 -93.91
-94.19 -94.56 -94.12 -93.97 -93.75 -93.66 -93.22 -93.31 -92.75 -92.78 -92.69 -92.91 -93.00 -92.75 -92.66 -92.34 -91.50 -91.16 -90.97 -91.69 -90.66 -91.12 -90.44 -90.16 -90.47 -90.88 -90.69 -91.12 -90.88 -90.88 -91.03 -91.03 -91.31 -90.97 -91.59 -91.62 -91.09 -91.47 -91.28 -90.75 -91.25 -91.22 -90.78 -91.44 -91.03 -91.22 -91.41 -91.53 -91.56 -91.72 -91.78 -91.59 -91.75 -92.19 -92.03 -92.09 -92.66 -92.78 -92.94 -93.12 -93.25 -93.34 -93.22 -93.69 -93.78 -93.84 -94.00 -94.00 -94.28 -94.16 -94.31
-94.69 -94.81 -94.50 -94.31 -94.03 -93.53 -93.53 -93.53 -93.06 -93.25 -93.19 -93.34 -93.22 -93.03 -92.84 -92.25 -91.72 -91.56 -91.34 -92.09 -91.03 -91.75 -90.81 -90.69 -90.69 -91.22 -90.91 -91.53 -91.09 -91.16 -91.22 -91.12 -91.66 -91.12 -91.66 -91.78 -91.25 -91.62 -91.47 -91.09 -91.56 -91.50 -91.06 -91.75 -91.25 -91.47 -91.66 -91.81 -91.75 -91.97 -92.00 -92.06 -92.06 -92.47 -92.41 -92.31 -92.84 -93.03 -93.19 -93.31 -93.47 -93.56 -93.53 -93.94 -94.03 -94.09 -94.31 -94.28 -94.44 -94.41 -94.66
-95.12 -95.03 -94.78 -94.41 -93.81 -93.81 -93.91 -93.56 -93.34 -93.53 -93.75 -93.62 -93.50 -93.47 -92.72 -92.38 -92.16 -92.06 -91.69 -92.44 -91.34 -92.16 -91.28 -91.19 -90.91 -91.56 -91.16 -91.97 -91.56 -91.19 -91.53 -91.12 -91.69 -91.69 -91.66 -92.06 -91.53 -91.94 -91.59 -91.47 -91.91 -91.75 -91.31 -92.06 -91.62 -91.72 -91.94 -92.16 -91.88 -92.25 -92.25 -92.09 -92.53 -92.72 -92.75 -92.50 -92.72 -93.34 -93.47 -93.56 -93.72 -93.78 -93.84 -94.16 -94.25 -94.34 -94.56 -94.53 -94.75 -94.69 -94.97
-95.50 -95.31 -94.94 -94.34 -94.28 -94.22 -94.19 -93.69 -93.69 -93.72 -94.03 -93.81 -93.69 -93.59 -92.81 -92.91 -92.53 -92.25 -92.00 -92.78 -91.78 -92.50 -91.69 -91.44 -91.22 -91.94 -91.50 -92.06 -91.75 -91.28 -91.62 -91.16 -91.41 -92.06 -91.81 -92.19 -91.97 -92.22 -91.78 -92.09 -92.19 -91.97 -91.75 -92.34 -92.09 -92.00 -92.09 -92.47 -92.47 -92.47 -92.53 -92.38 -92.81 -92.94 -93.03 -92.97 -93.00 -93.59 -93.72 -93.81 -93.97 -94.06 -93.94 -94.38 -94.50 -94.59 -94.81 -94.78 -95.03 -94.94 -95.28
-95.78 -95.53 -95.03 -94.69 -94.94 -94.78 -94.09 -94.03 -93.91 -94.25 -94.31 -94.06 -93.97 -93.88 -93.22 -93.41 -92.78 -92.53 -92.47 -92.97 -92.12 -92.75 -92.03 -91.69 -91.72 -92.28 -91.88 -92.50 -91.78 -91.53 -91.78 -91.28 -91.50 -92.22 -92.03 -92.38 -92.34 -92.47 -92.19 -92.38 -92.53 -92.19 -92.22 -92.59 -92.50 -92.25 -92.28 -92.72 -92.75 -92.72 -92.84 -92.62 -92.91 -93.16 -93.28 -93.38 -93.31 -93.72 -93.97 -94.06 -94.19 -94.34 -94.44 -94.56 -94.72 -94.81 -95.00 -95.06 -95.31 -95.19 -95.56
-96.09 -95.66 -95.19 -95.41 -95.28 -94.84 -94.34 -94.38 -94.25 -94.59 -94.56 -94.31 -94.22 -94.25 -93.84 -93.66 -93.22 -92.97 -93.22 -93.03 -92.50 -92.97 -92.31 -92.03 -92.12 -92.56 -92.41 -92.66 -91.94 -92.09 -91.75 -91.44 -91.59 -92.22 -92.50 -92.34 -92.62 -92.72 -92.38 -92.69 -92.84 -92.59 -92.50 -92.88 -92.66 -92.78 -92.56 -93.03 -93.16 -92.91 -93.16 -92.97 -93.22 -93.38 -93.53 -93.50 -93.75 -93.88 -94.25 -94.31 -94.44 -94.56 -94.69 -94.81 -94.97 -95.03 -95.22 -95.31 -95.62 -95.62 -95.84
-96.34 -95.78 -95.91 -95.75 -95.38 -94.69 -94.50 -94.66 -94.78 -94.91 -94.75 -94.56 -94.47 -94.81 -94.19 -93.94 -93.81 -93.50 -93.50 -93.12 -92.97 -93.22 -92.62 -92.41 -92.69 -92.88 -92.62 -92.81 -92.25 -92.31 -91.81 -91.72 -91.81 -92.09 -92.69 -92.78 -92.84 -93.00 -92.62 -93.03 -93.09 -92.94 -92.81 -93.25 -92.91 -93.19 -93.00 -93.31 -93.62 -93.31 -93.50 -93.31 -93.53 -93.69 -93.81 -93.72 -94.00 -94.28 -94.47 -94.53 -94.66 -94.78 -94.88 -95.06 -95.19 -95.28 -95.50 -95.56 -95.81 -95.91 -95.94
-96.59 -96.06 -96.34 -95.69 -95.28 -95.03 -94.81 -94.97 -95.31 -95.12 -94.97 -94.75 -94.72 -95.03 -94.62 -94.53 -94.09 -93.78 -93.66 -93.78 -93.62 -93.22 -92.84 -92.66 -93.22 -93.09 -92.78 -93.03 -92.59 -92.31 -92.09 -92.06 -92.03 -92.16 -92.41 -93.06 -93.03 -93.22 -93.22 -93.22 -93.38 -93.31 -93.47 -93.25 -93.59 -93.41 -93.72 -93.53 -93.91 -93.62 -93.81 -93.59 -93.91 -93.94 -94.19 -93.84 -94.19 -94.53 -94.69 -94.84 -94.91 -95.12 -95.09 -95.31 -95.38 -95.53 -95.66 -95.84 -95.97 -96.19 -96.16
-96.81 -96.81 -96.78 -95.91 -95.56 -95.41 -95.31 -95.25 -95.75 -95.31 -95.50 -94.94 -95.00 -95.22 -94.66 -94.69 -94.12 -93.97 -94.03 -94.03 -93.81 -93.38 -93.12 -93.16 -93.59 -93.06 -92.91 -93.06 -92.72 -92.44 -92.53 -92.22 -92.16 -92.34 -92.41 -93.19 -93.31 -93.38 -93.44 -93.22 -93.66 -93.69 -93.72 -93.72 -93.91 -93.72 -94.09 -93.94 -94.22 -93.84 -94.16 -93.91 -94.19 -94.25 -94.47 -94.53 -94.31 -94.59 -94.94 -95.19 -95.16 -95.38 -95.31 -95.53 -95.66 -95.75 -95.78 -96.06 -96.19 -96.28 -96.38
-97.28 -97.19 -96.97 -96.16 -95.72 -96.03 -95.59 -95.81 -96.06 -95.53 -95.72 -95.19 -95.47 -95.47 -95.03 -94.84 -94.56 -94.22 -94.38 -94.31 -93.88 -93.66 -93.34 -93.94 -93.81 -93.06 -93.12 -93.44 -92.75 -92.84 -92.66 -92.38 -92.41 -92.41 -92.75 -93.09 -93.56 -93.62 -93.75 -93.47 -93.94 -93.94 -94.06 -93.62 -94.22 -94.03 -94.44 -94.34 -94.47 -94.34 -94.34 -94.34 -94.31 -94.56 -94.66 -94.75 -94.84 -94.72 -95.12 -95.31 -95.41 -95.56 -95.53 -95.78 -95.81 -95.94 -96.06 -96.25 -96.41 -96.53 -96.72
-97.66 -97.44 -96.88 -96.56 -96.22 -96.59 -96.09 -96.25 -96.16 -95.75 -96.09 -95.56 -95.84 -95.47 -95.16 -94.75 -94.41 -94.25 -94.59 -94.41 -94.00 -93.78 -93.56 -94.41 -93.66 -93.34 -93.84 -93.16 -92.62 -93.03 -92.72 -92.62 -92.62 -92.81 -93.09 -93.19 -93.84 -93.88 -93.97 -93.84 -94.19 -94.19 -94.38 -94.06 -94.56 -94.38 -94.69 -94.66 -94.69 -94.62 -94.38 -94.62 -94.41 -94.81 -94.72 -95.06 -94.91 -95.22 -95.22 -95.47 -95.56 -95.69 -95.78 -95.97 -96.03 -96.16 -96.22 -96.44 -96.56 -96.72 -96.91
-98.03 -97.56 -97.19 -96.97 -96.56 -97.00 -96.72 -96.50 -96.28 -96.03 -96.25 -95.94 -95.97 -95.59 -95.16 -94.81 -94.69 -94.62 -94.94 -94.59 -94.16 -93.81 -93.78 -94.69 -93.88 -93.69 -94.28 -93.22 -93.34 -93.00 -92.81 -92.78 -92.81 -92.97 -93.41 -93.47 -94.00 -94.12 -94.19 -94.19 -94.41 -94.44 -94.59 -94.62 -94.69 -94.78 -95.03 -94.88 -94.94 -94.88 -94.62 -94.97 -94.66 -95.09 -95.00 -95.41 -95.47 -95.50 -95.62 -95.59 -95.88 -95.88 -95.97 -96.19 -96.25 -96.38 -96.44 -96.59 -96.75 -96.97 -97.06
-98.38 -97.81 -97.53 -97.44 -97.34 -97.31 -96.59 -96.78 -96.44 -96.38 -96.50 -96.19 -96.12 -95.69 -95.25 -95.06 -94.91 -95.09 -95.16 -94.66 -94.47 -94.16 -94.31 -95.00 -94.09 -93.94 -94.50 -93.75 -93.31 -93.06 -93.25 -93.19 -93.12 -93.19 -93.66 -93.84 -94.19 -94.34 -94.41 -94.44 -94.59 -94.69 -94.78 -94.88 -94.62 -95.06 -95.16 -95.12 -95.22 -95.16 -95.22 -95.22 -94.91 -95.38 -95.28 -95.62 -95.72 -95.78 -95.84 -95.78 -96.00 -96.06 -96.16 -96.28 -96.41 -96.62 -96.69 -96.75 -97.00 -97.12 -97.28
-98.66 -98.16 -98.19 -98.00 -97.75 -97.50 -96.75 -97.09 -96.78 -96.84 -96.62 -96.59 -95.94 -95.44 -95.22 -95.41 -95.31 -95.56 -95.09 -94.78 -94.91 -94.44 -95.28 -94.81 -94.19 -94.22 -94.78 -93.66 -93.50 -93.41 -93.56 -93.75 -93.56 -93.59 -93.78 -94.44 -94.28 -94.56 -94.62 -94.66 -94.84 -94.84 -95.03 -95.16 -95.09 -95.34 -95.50 -95.38 -95.47 -95.44 -95.38 -95.44 -95.22 -95.62 -95.47 -95.84 -95.91 -95.94 -96.06 -96.09 -96.16 -96.25 -96.34 -96.44 -96.53 -96.81 -96.88 -97.03 -97.09 -97.25 -97.38
-98.81 -98.72 -98.69 -98.38 -97.78 -97.56 -97.41 -97.34 -97.22 -97.09 -96.84 -96.19 -95.81 -95.53 -95.38 -95.94 -95.41 -95.75 -95.16 -95.16 -95.38 -94.78 -95.75 -94.75 -94.53 -94.38 -95.00 -93.97 -93.88 -93.84 -93.91 -94.19 -94.16 -94.06 -94.22 -94.72 -94.53 -94.78 -94.81 -94.81 -95.09 -95.16 -95.28 -95.41 -95.44 -95.59 -95.75 -95.66 -95.78 -95.56 -95.81 -95.47 -95.56 -95.91 -95.66 -96.09 -96.12 -96.19 -96.25 -96.25 -96.28 -96.38 -96.56 -96.62 -96.72 -96.94 -97.03 -97.19 -97.31 -97.44 -97.56
-99.00 -98.84 -98.47 -97.91 -97.78 -97.88 -97.75 -97.59 -97.44 -97.00 -96.25 -96.00 -95.78 -95.62 -95.44 -96.06 -95.47 -96.06 -95.44 -95.69 -95.53 -95.06 -95.97 -94.66 -94.81 -94.56 -95.25 -94.31 -94.47 -94.44 -94.31 -94.56 -94.97 -94.47 -94.53 -95.00 -94.75 -94.97 -95.09 -94.91 -95.28 -95.44 -95.53 -95.62 -95.66 -95.81 -95.97 -95.91 -96.06 -96.03 -96.16 -96.06 -96.00 -96.19 -95.84 -96.34 -96.25 -96.41 -96.44 -96.56 -96.41 -96.50 -96.69 -96.78 -96.91 -97.06 -97.16 -97.31 -97.47 -97.59 -97.69
-99.16 -98.78 -98.56 -98.53 -98.41 -98.12 -97.91 -97.72 -97.56 -96.97 -96.44 -96.06 -95.75 -95.50 -95.50 -96.41 -95.56 -96.50 -95.78 -95.97 -95.44 -95.56 -96.09 -95.00 -95.31 -94.97 -95.50 -94.72 -94.88 -94.84 -94.84 -94.81 -95.47 -94.78 -94.91 -95.31 -94.91 -95.00 -95.38 -95.44 -95.25 -95.72 -95.78 -95.91 -95.94 -96.09 -96.22 -96.16 -96.31 -96.28 -96.41 -96.41 -96.28 -96.50 -96.09 -96.59 -96.62 -96.66 -96.66 -96.62 -96.41 -96.53 -96.81 -97.00 -97.09 -97.31 -97.34 -97.41 -97.59 -97.69 -97.84
-99.19 -99.09 -98.94 -98.69 -98.44 -98.25 -98.03 -97.78 -97.34 -96.78 -96.56 -96.16 -95.78 -95.66 -95.69 -96.53 -95.81 -96.69 -96.03 -96.19 -95.69 -96.47 -95.81 -95.31 -95.69 -95.38 -95.84 -95.12 -95.19 -95.19 -95.25 -95.34 -95.88 -95.00 -95.44 -95.50 -95.41 -95.09 -95.56 -95.72 -95.72 -96.00 -96.06 -96.16 -96.22 -96.31 -96.44 -96.41 -96.56 -96.53 -96.66 -96.66 -96.62 -96.78 -96.41 -96.81 -96.84 -96.88 -96.91 -96.91 -96.59 -96.56 -96.81 -97.22 -97.31 -97.44 -97.59 -97.69 -97.81 -97.81 -97.94
