arlandasctiles/Tile[8,5].asc
ncols 128
nrows 128
xllcorner 0
yllcorner 0
cellsize 2.0
NODATA_value  -9999
[rows 0 to 33 of 128, columns 0 to 76 of 128]
25.78 26.12 26.47 26.84 27.25 27.69 28.19 28.72 29.09 29.31 29.56 29.78 30.03 30.25 30.47 30.59 30.72 30.91 31.09 31.34 31.59 31.88 32.16 32.44 32.72 32.97 33.22 33.47 33.81 34.06 34.41 34.66 34.97 35.31 35.62 35.94 36.25 36.59 36.94 37.28 37.59 37.97 38.28 38.59 38.88 39.12 39.38 39.50 39.72 39.94 40.22 40.47 40.78 41.06 41.38 41.75 42.00 42.28 42.56 42.81 43.09 43.31 43.62 43.88 44.16 44.41 44.69 44.94 45.28 45.53 45.81 46.06 46.34 46.66 46.88 47.19 47.50
26.06 26.38 26.72 27.06 27.47 27.88 28.34 28.84 29.25 29.47 29.69 29.91 30.12 30.34 30.47 30.59 30.72 30.91 31.16 31.41 31.69 32.00 32.34 32.66 32.97 33.25 33.50 33.78 34.09 34.38 34.66 34.97 35.25 35.56 35.88 36.25 36.59 36.91 37.22 37.59 37.91 38.22 38.56 38.88 39.19 39.44 39.72 39.88 40.03 40.25 40.47 40.75 41.00 41.34 41.59 41.91 42.22 42.50 42.78 43.03 43.31 43.56 43.81 44.16 44.41 44.69 44.94 45.22 45.53 45.81 46.06 46.34 46.59 46.88 47.12 47.41 47.72
26.31 26.59 26.91 27.28 27.66 28.03 28.47 28.94 29.38 29.56 29.75 29.94 30.16 30.31 30.41 30.53 30.69 30.91 31.16 31.44 31.75 32.12 32.50 32.91 33.25 33.59 33.81 34.12 34.38 34.72 35.00 35.31 35.59 35.91 36.25 36.56 36.91 37.22 37.53 37.88 38.19 38.56 38.88 39.19 39.44 39.78 40.03 40.22 40.41 40.59 40.78 41.00 41.28 41.53 41.84 42.12 42.44 42.72 43.03 43.25 43.56 43.78 44.03 44.38 44.69 44.94 45.22 45.47 45.75 46.06 46.34 46.59 46.88 47.12 47.41 47.66 47.94
26.50 26.78 27.09 27.44 27.78 28.19 28.56 29.03 29.47 29.59 29.75 29.91 30.06 30.19 30.31 30.44 30.62 30.81 31.09 31.41 31.78 32.22 32.66 33.12 33.56 33.97 34.25 34.50 34.75 35.03 35.34 35.69 36.00 36.31 36.62 36.94 37.25 37.59 37.94 38.25 38.53 38.84 39.22 39.53 39.81 40.06 40.41 40.62 40.78 40.91 41.16 41.38 41.62 41.84 42.09 42.41 42.69 43.00 43.25 43.50 43.78 44.03 44.31 44.59 44.88 45.22 45.47 45.75 46.06 46.34 46.59 46.88 47.12 47.41 47.66 47.94 48.19
26.66 26.94 27.25 27.59 27.94 28.28 28.66 29.06 29.34 29.53 29.69 29.84 30.00 30.16 30.28 30.38 30.50 30.72 31.00 31.34 31.75 32.22 32.66 33.12 33.62 34.06 34.53 34.94 35.22 35.44 35.75 36.06 36.38 36.66 37.03 37.34 37.62 37.97 38.31 38.62 38.94 39.22 39.53 39.88 40.19 40.47 40.75 40.91 41.12 41.34 41.50 41.69 41.91 42.19 42.44 42.69 42.94 43.25 43.50 43.81 44.06 44.38 44.59 44.84 45.12 45.44 45.69 46.00 46.28 46.59 46.88 47.12 47.41 47.66 47.94 48.19 48.47
26.78 27.06 27.38 27.69 28.03 28.38 28.72 29.09 29.28 29.47 29.62 29.81 29.97 30.12 30.25 30.41 30.53 30.69 30.91 31.22 31.66 32.12 32.62 33.12 33.62 34.16 34.62 35.12 35.59 35.91 36.12 36.41 36.75 37.12 37.41 37.72 38.16 38.44 38.72 39.03 39.31 39.62 39.88 40.19 40.56 40.81 41.06 41.28 41.50 41.62 41.84 42.03 42.25 42.50 42.72 43.00 43.25 43.50 43.81 44.06 44.31 44.62 44.88 45.16 45.31 45.62 45.97 46.28 46.56 46.81 47.12 47.41 47.72 47.94 48.19 48.47 48.75
26.88 27.19 27.50 27.81 28.12 28.47 28.81 29.06 29.25 29.41 29.59 29.78 29.94 30.09 30.25 30.41 30.56 30.75 31.00 31.28 31.66 32.06 32.56 33.12 33.66 34.19 34.72 35.25 35.75 36.28 36.59 36.84 37.12 37.50 37.84 38.12 38.44 38.78 39.19 39.50 39.72 40.06 40.34 40.59 40.84 41.16 41.34 41.62 41.81 42.00 42.25 42.41 42.62 42.84 43.09 43.31 43.59 43.81 44.06 44.38 44.62 44.84 45.12 45.34 45.66 45.94 46.22 46.50 46.81 47.09 47.41 47.66 47.94 48.25 48.47 48.75 49.00
26.97 27.28 27.59 27.91 28.22 28.53 28.81 29.00 29.19 29.38 29.56 29.75 29.91 30.09 30.28 30.44 30.62 30.84 31.09 31.38 31.72 32.12 32.56 33.09 33.66 34.25 34.81 35.34 35.91 36.47 37.03 37.38 37.69 38.00 38.31 38.56 38.81 39.16 39.50 39.81 40.22 40.38 40.69 40.94 41.16 41.50 41.69 41.88 42.16 42.38 42.59 42.81 43.06 43.25 43.47 43.72 43.91 44.16 44.38 44.62 44.88 45.16 45.38 45.66 45.94 46.22 46.53 46.75 47.03 47.28 47.62 47.94 48.19 48.53 48.75 49.06 49.25
27.06 27.38 27.69 27.97 28.28 28.53 28.78 28.97 29.16 29.34 29.53 29.72 29.91 30.09 30.28 30.47 30.69 30.91 31.19 31.47 31.81 32.19 32.62 33.09 33.69 34.28 34.88 35.47 36.03 36.59 37.19 37.75 38.12 38.47 38.75 39.00 39.31 39.59 39.91 40.19 40.47 40.78 41.00 41.22 41.56 41.78 41.97 42.25 42.47 42.66 42.91 43.12 43.38 43.59 43.81 44.06 44.28 44.50 44.72 44.97 45.16 45.41 45.69 45.91 46.19 46.47 46.78 47.06 47.28 47.56 47.88 48.16 48.47 48.75 49.00 49.25 49.53
27.09 27.44 27.75 28.03 28.28 28.53 28.72 28.94 29.12 29.31 29.50 29.72 29.91 30.09 30.31 30.53 30.75 31.00 31.28 31.56 31.91 32.28 32.72 33.19 33.72 34.34 34.94 35.53 36.12 36.69 37.25 37.78 38.22 38.66 39.06 39.44 39.78 40.09 40.31 40.56 40.88 41.19 41.41 41.62 41.84 42.12 42.38 42.56 42.81 43.03 43.28 43.53 43.75 43.94 44.22 44.44 44.59 44.84 45.06 45.25 45.50 45.69 45.94 46.22 46.50 46.78 47.00 47.31 47.62 47.88 48.16 48.47 48.75 49.00 49.25 49.47 49.78
27.12 27.47 27.75 28.03 28.28 28.50 28.72 28.91 29.09 29.28 29.50 29.69 29.91 30.12 30.34 30.56 30.81 31.06 31.34 31.69 32.03 32.41 32.81 33.28 33.81 34.44 35.03 35.62 36.22 36.78 37.31 37.81 38.28 38.75 39.16 39.56 40.00 40.41 40.72 40.97 41.22 41.44 41.72 41.91 42.16 42.41 42.69 42.91 43.22 43.41 43.69 43.97 44.25 44.50 44.69 44.88 45.03 45.19 45.38 45.59 45.78 46.00 46.19 46.44 46.72 47.03 47.28 47.59 47.88 48.19 48.47 48.75 49.00 49.25 49.53 49.75 50.00
27.19 27.47 27.75 28.03 28.28 28.50 28.72 28.91 29.06 29.28 29.47 29.69 29.91 30.12 30.38 30.62 30.88 31.16 31.44 31.78 32.12 32.53 32.94 33.41 33.94 34.56 35.16 35.72 36.28 36.84 37.38 37.88 38.34 38.81 39.25 39.66 40.06 40.47 40.81 41.16 41.38 41.62 41.88 42.09 42.31 42.59 42.91 43.19 43.44 43.69 44.03 44.34 44.69 44.97 45.16 45.28 45.41 45.53 45.72 45.88 46.06 46.25 46.50 46.69 46.94 47.25 47.53 47.81 48.16 48.47 48.75 49.00 49.25 49.53 49.78 50.00 50.28
27.22 27.50 27.78 28.03 28.28 28.50 28.72 28.91 29.09 29.28 29.47 29.69 29.94 30.16 30.41 30.66 30.94 31.22 31.56 31.91 32.25 32.66 33.09 33.56 34.09 34.69 35.28 35.84 36.41 36.94 37.47 37.94 38.44 38.88 39.31 39.72 40.12 40.50 40.84 41.16 41.44 41.69 41.91 42.16 42.44 42.72 43.00 43.28 43.56 43.84 44.25 44.62 45.03 45.38 45.56 45.69 45.78 45.81 46.03 46.19 46.41 46.53 46.75 46.91 47.16 47.47 47.81 48.06 48.38 48.69 49.00 49.25 49.59 49.84 50.06 50.28 50.50
27.28 27.56 27.81 28.06 28.31 28.53 28.75 28.94 29.16 29.31 29.50 29.72 29.94 30.19 30.44 30.72 31.00 31.31 31.66 32.00 32.41 32.81 33.25 33.72 34.28 34.88 35.44 35.97 36.53 37.03 37.56 38.03 38.50 38.97 39.41 39.81 40.19 40.56 40.91 41.19 41.47 41.72 41.97 42.22 42.50 42.81 43.09 43.38 43.69 44.00 44.34 44.78 45.31 45.66 45.91 46.06 46.09 46.19 46.34 46.53 46.69 46.84 47.00 47.19 47.41 47.69 47.97 48.31 48.56 48.88 49.22 49.47 49.75 50.12 50.38 50.56 50.81
27.34 27.59 27.88 28.12 28.34 28.56 28.78 29.00 29.19 29.41 29.59 29.81 30.03 30.25 30.50 30.78 31.06 31.41 31.75 32.16 32.56 32.97 33.44 33.94 34.50 35.06 35.59 36.12 36.66 37.16 37.66 38.16 38.62 39.06 39.47 39.88 40.28 40.62 40.97 41.28 41.56 41.81 42.06 42.31 42.62 42.91 43.22 43.50 43.84 44.16 44.53 44.91 45.38 45.88 46.12 46.31 46.47 46.50 46.69 46.91 47.00 47.12 47.28 47.47 47.69 47.91 48.19 48.47 48.78 49.12 49.41 49.69 50.00 50.34 50.59 50.81 51.09
27.41 27.66 27.94 28.16 28.41 28.62 28.84 29.06 29.28 29.50 29.72 29.94 30.16 30.41 30.66 30.94 31.25 31.56 31.94 32.31 32.75 33.19 33.69 34.19 34.72 35.25 35.78 36.28 36.81 37.31 37.81 38.28 38.72 39.16 39.59 40.00 40.38 40.72 41.06 41.38 41.66 41.94 42.19 42.47 42.75 43.06 43.38 43.69 44.00 44.34 44.72 45.09 45.53 45.97 46.34 46.56 46.66 46.81 46.97 47.19 47.31 47.44 47.66 47.78 47.97 48.19 48.41 48.69 49.00 49.31 49.59 49.91 50.22 50.56 50.81 51.09 51.34
27.47 27.75 28.00 28.22 28.47 28.69 28.91 29.12 29.38 29.59 29.81 30.06 30.31 30.56 30.84 31.12 31.44 31.78 32.16 32.56 33.00 33.44 33.94 34.41 34.94 35.44 35.97 36.47 36.97 37.47 37.94 38.41 38.88 39.31 39.72 40.12 40.50 40.84 41.19 41.50 41.81 42.06 42.34 42.62 42.91 43.22 43.56 43.88 44.22 44.59 44.97 45.38 45.84 46.25 46.62 46.84 47.00 47.09 47.25 47.47 47.59 47.84 48.00 48.12 48.28 48.41 48.62 48.94 49.22 49.53 49.84 50.12 50.44 50.72 51.09 51.28 51.62
27.56 27.81 28.06 28.31 28.53 28.75 29.00 29.22 29.47 29.69 29.94 30.19 30.47 30.75 31.03 31.34 31.69 32.03 32.41 32.81 33.22 33.69 34.16 34.66 35.16 35.66 36.16 36.66 37.16 37.62 38.09 38.56 39.03 39.44 39.88 40.25 40.62 41.00 41.34 41.66 41.97 42.25 42.53 42.81 43.12 43.44 43.78 44.12 44.47 44.84 45.25 45.66 46.12 46.56 46.91 47.09 47.25 47.38 47.59 47.75 47.94 48.19 48.28 48.50 48.62 48.78 48.94 49.16 49.41 49.69 50.06 50.34 50.66 50.97 51.22 51.56 51.78
27.66 27.91 28.12 28.38 28.62 28.84 29.06 29.31 29.56 29.81 30.06 30.34 30.62 30.91 31.22 31.56 31.91 32.28 32.66 33.06 33.50 33.94 34.41 34.88 35.38 35.88 36.38 36.84 37.34 37.81 38.28 38.75 39.19 39.62 40.03 40.44 40.81 41.16 41.50 41.84 42.16 42.44 42.75 43.03 43.34 43.66 44.00 44.38 44.75 45.12 45.53 45.97 46.41 46.88 47.19 47.34 47.56 47.66 47.91 48.09 48.28 48.47 48.66 48.78 49.00 49.12 49.25 49.41 49.69 49.97 50.22 50.56 50.81 51.12 51.41 51.72 51.97
27.75 28.00 28.22 28.47 28.69 28.94 29.16 29.41 29.66 29.94 30.19 30.47 30.78 31.09 31.41 31.75 32.12 32.50 32.91 33.31 33.75 34.19 34.66 35.12 35.59 36.09 36.56 37.06 37.53 38.00 38.47 38.94 39.38 39.78 40.22 40.59 41.00 41.34 41.69 42.03 42.34 42.66 42.97 43.28 43.59 43.91 44.25 44.62 45.03 45.44 45.88 46.31 46.72 47.12 47.41 47.59 47.81 47.97 48.12 48.34 48.50 48.78 49.00 49.16 49.38 49.47 49.62 49.75 49.97 50.19 50.44 50.72 51.03 51.28 51.62 51.88 52.16
27.84 28.06 28.31 28.53 28.78 29.03 29.25 29.53 29.78 30.06 30.34 30.62 30.94 31.28 31.59 31.97 32.34 32.72 33.12 33.53 33.97 34.44 34.88 35.34 35.81 36.31 36.78 37.25 37.75 38.22 38.66 39.12 39.56 40.00 40.41 40.81 41.19 41.56 41.91 42.25 42.56 42.91 43.22 43.53 43.84 44.19 44.53 44.94 45.34 45.78 46.22 46.69 47.09 47.41 47.69 47.88 48.09 48.25 48.41 48.59 48.84 49.06 49.31 49.53 49.75 49.84 49.97 50.06 50.22 50.44 50.66 50.91 51.22 51.50 51.78 52.03 52.31
27.94 28.16 28.41 28.62 28.88 29.12 29.38 29.62 29.91 30.19 30.47 30.78 31.09 31.44 31.78 32.16 32.53 32.94 33.34 33.78 34.19 34.66 35.12 35.56 36.06 36.53 37.00 37.47 37.94 38.41 38.88 39.34 39.78 40.22 40.62 41.03 41.41 41.78 42.16 42.50 42.81 43.16 43.47 43.81 44.12 44.50 44.84 45.25 45.69 46.16 46.62 47.06 47.44 47.72 47.91 48.12 48.34 48.50 48.69 48.88 49.09 49.38 49.59 49.84 50.06 50.22 50.34 50.38 50.56 50.72 50.91 51.12 51.41 51.66 51.94 52.19 52.47
28.03 28.25 28.50 28.72 28.97 29.22 29.47 29.75 30.03 30.31 30.62 30.94 31.25 31.62 31.97 32.34 32.75 33.12 33.56 33.97 34.44 34.88 35.34 35.81 36.28 36.75 37.22 37.69 38.19 38.62 39.09 39.56 40.00 40.44 40.84 41.25 41.66 42.03 42.41 42.75 43.09 43.44 43.78 44.09 44.44 44.81 45.19 45.62 46.06 46.56 47.06 47.44 47.75 47.94 48.19 48.38 48.59 48.78 48.97 49.19 49.41 49.62 49.91 50.12 50.34 50.56 50.66 50.75 50.88 51.03 51.19 51.41 51.66 51.88 52.16 52.41 52.62
28.12 28.34 28.59 28.84 29.06 29.31 29.59 29.84 30.16 30.44 30.75 31.09 31.44 31.78 32.16 32.53 32.94 33.34 33.75 34.19 34.66 35.09 35.56 36.03 36.50 36.97 37.44 37.94 38.41 38.88 39.31 39.78 40.22 40.66 41.09 41.50 41.91 42.28 42.66 43.03 43.38 43.72 44.09 44.41 44.78 45.16 45.56 46.00 46.47 46.97 47.44 47.81 48.06 48.22 48.41 48.62 48.88 49.03 49.25 49.44 49.69 49.97 50.22 50.44 50.66 50.88 50.97 51.09 51.19 51.28 51.44 51.66 51.88 52.09 52.38 52.56 52.84
28.22 28.47 28.69 28.94 29.19 29.44 29.69 29.97 30.28 30.56 30.91 31.22 31.59 31.94 32.31 32.72 33.12 33.53 33.97 34.41 34.84 35.31 35.78 36.25 36.72 37.19 37.69 38.16 38.62 39.09 39.56 40.03 40.47 40.91 41.34 41.75 42.16 42.56 42.94 43.31 43.69 44.06 44.41 44.78 45.16 45.53 45.94 46.41 46.88 47.41 47.78 48.06 48.25 48.50 48.72 48.91 49.06 49.34 49.50 49.75 50.00 50.28 50.50 50.72 50.91 51.12 51.28 51.41 51.50 51.62 51.78 51.94 52.16 52.38 52.56 52.78 53.06
28.31 28.56 28.78 29.03 29.28 29.53 29.81 30.09 30.41 30.72 31.03 31.38 31.75 32.12 32.50 32.91 33.31 33.75 34.16 34.62 35.06 35.53 36.00 36.47 36.94 37.41 37.91 38.38 38.84 39.34 39.81 40.25 40.72 41.16 41.59 42.03 42.44 42.84 43.25 43.62 44.00 44.38 44.75 45.12 45.53 45.94 46.38 46.84 47.31 47.75 48.09 48.31 48.50 48.72 48.94 49.16 49.38 49.56 49.78 50.06 50.28 50.59 50.81 51.03 51.22 51.41 51.56 51.66 51.78 51.88 52.03 52.19 52.38 52.56 52.78 53.06 53.25
28.44 28.66 28.91 29.12 29.38 29.66 29.94 30.22 30.53 30.84 31.19 31.53 31.91 32.28 32.69 33.06 33.50 33.94 34.38 34.81 35.28 35.72 36.22 36.69 37.16 37.66 38.12 38.62 39.09 39.56 40.03 40.50 40.97 41.44 41.88 42.31 42.72 43.16 43.56 43.97 44.34 44.75 45.12 45.53 45.94 46.38 46.81 47.31 47.78 48.19 48.41 48.59 48.78 49.00 49.19 49.41 49.56 49.81 50.06 50.34 50.59 50.88 51.12 51.28 51.50 51.72 51.81 51.94 52.09 52.19 52.31 52.47 52.62 52.84 53.06 53.25 53.47
28.53 28.75 29.00 29.25 29.50 29.78 30.03 30.34 30.66 30.97 31.31 31.69 32.06 32.44 32.84 33.25 33.69 34.12 34.56 35.00 35.47 35.94 36.41 36.91 37.38 37.88 38.34 38.84 39.31 39.81 40.28 40.78 41.22 41.69 42.16 42.59 43.03 43.47 43.88 44.31 44.69 45.12 45.53 45.94 46.34 46.81 47.25 47.78 48.22 48.53 48.66 48.84 49.09 49.28 49.44 49.66 49.84 50.09 50.34 50.59 50.88 51.12 51.41 51.62 51.78 51.97 52.09 52.19 52.38 52.47 52.56 52.72 52.88 53.12 53.25 53.47 53.69
28.62 28.88 29.09 29.34 29.62 29.88 30.16 30.47 30.78 31.12 31.47 31.81 32.22 32.59 33.00 33.44 33.84 34.28 34.75 35.19 35.66 36.12 36.62 37.09 37.59 38.09 38.56 39.06 39.56 40.06 40.53 41.03 41.50 41.97 42.44 42.91 43.34 43.78 44.22 44.66 45.06 45.50 45.91 46.34 46.78 47.25 47.72 48.22 48.59 48.88 48.94 49.09 49.34 49.53 49.75 49.88 50.09 50.34 50.59 50.88 51.12 51.41 51.66 51.88 52.03 52.19 52.38 52.47 52.62 52.78 52.88 53.00 53.16 53.31 53.53 53.75 53.97
28.72 28.97 29.22 29.47 29.72 30.00 30.28 30.59 30.91 31.25 31.59 31.97 32.34 32.75 33.16 33.59 34.03 34.47 34.91 35.38 35.84 36.34 36.81 37.31 37.81 38.28 38.78 39.28 39.78 40.28 40.78 41.28 41.75 42.25 42.72 43.19 43.66 44.12 44.56 45.00 45.44 45.88 46.34 46.78 47.22 47.69 48.16 48.62 48.97 49.12 49.19 49.38 49.56 49.78 50.00 50.19 50.41 50.59 50.88 51.12 51.41 51.62 51.88 52.16 52.31 52.47 52.62 52.78 52.88 53.06 53.16 53.25 53.41 53.59 53.78 53.97 54.16
28.84 29.06 29.31 29.56 29.84 30.12 30.41 30.72 31.03 31.38 31.75 32.09 32.50 32.91 33.31 33.75 34.19 34.62 35.09 35.56 36.03 36.53 37.00 37.50 38.00 38.50 39.00 39.50 40.03 40.53 41.03 41.53 42.03 42.53 43.03 43.50 43.97 44.44 44.91 45.38 45.84 46.28 46.75 47.19 47.66 48.12 48.56 49.00 49.28 49.41 49.53 49.69 49.81 50.03 50.28 50.47 50.72 50.91 51.12 51.34 51.62 51.88 52.16 52.38 52.56 52.72 52.88 53.06 53.16 53.31 53.41 53.59 53.69 53.84 54.06 54.22 54.44
28.94 29.19 29.44 29.69 29.94 30.22 30.53 30.84 31.16 31.50 31.88 32.25 32.62 33.06 33.47 33.91 34.34 34.81 35.25 35.72 36.22 36.69 37.19 37.69 38.19 38.72 39.22 39.72 40.25 40.75 41.28 41.78 42.28 42.81 43.31 43.81 44.31 44.78 45.28 45.75 46.22 46.72 47.16 47.62 48.09 48.53 48.97 49.31 49.56 49.72 49.88 50.00 50.16 50.31 50.53 50.72 50.97 51.22 51.44 51.66 51.88 52.16 52.41 52.62 52.84 53.00 53.16 53.31 53.47 53.59 53.75 53.84 53.97 54.12 54.34 54.50 54.69
29.06 29.28 29.53 29.81 30.06 30.34 30.66 30.97 31.28 31.62 32.00 32.38 32.78 33.19 33.62 34.06 34.50 34.94 35.41 35.91 36.38 36.88 37.38 37.88 38.38 38.91 39.41 39.94 40.44 40.97 41.50 42.03 42.53 43.06 43.59 44.09 44.62 45.12 45.62 46.12 46.62 47.12 47.59 48.06 48.53 48.94 49.31 49.62 49.81 49.97 50.19 50.38 50.44 50.62 50.75 51.03 51.22 51.44 51.72 51.94 52.16 52.38 52.62 52.88 53.06 53.25 53.41 53.59 53.75 53.84 54.00 54.12 54.28 54.44 54.59 54.75 54.97
29.16 29.41 29.66 29.91 30.19 30.47 30.78 31.09 31.41 31.78 32.12 32.50 32.91 33.31 33.75 34.19 34.62 35.09 35.56 36.06 36.53 37.03 37.53 38.03 38.56 39.06 39.59 40.12 40.66 41.19 41.72 42.25 42.78 43.34 43.88 44.41 44.94 45.47 46.00 46.50 47.03 47.53 48.03 48.50 48.94 49.34 49.66 49.88 50.03 50.25 50.47 50.62 50.78 50.91 51.09 51.28 51.50 51.72 51.97 52.19 52.41 52.62 52.84 53.12 53.31 53.53 53.69 53.84 54.00 54.16 54.28 54.38 54.56 54.69 54.88 55.09 55.22
