arlandasctiles/Tile10,10.asc
ncols 128
nrows 128
xllcorner 0
yllcorner 0
cellsize 2.0
NODATA_value  -9999
[rows 0 to 33 of 128, columns 0 to 76 of 128]
66.22 66.41 66.66 66.81 67.00 67.22 67.38 67.66 68.06 68.62 68.66 68.75 68.75 68.84 68.97 69.09 69.22 69.34 69.34 69.91 70.59 70.91 71.28 71.69 72.06 72.62 73.16 73.69 74.22 74.72 75.19 75.59 75.97 76.38 76.78 77.12 77.56 77.94 78.31 78.62 78.94 79.28 79.59 79.88 80.19 80.50 80.78 81.03 81.34 81.62 81.88 82.09 82.38 82.62 82.91 83.12 83.38 83.59 83.75 83.91 84.06 84.25 84.34 84.50 84.66 84.81 84.97 85.12 85.28 85.41 85.78 86.00 85.94 85.91 85.88 85.91 86.16
66.53 66.75 66.91 67.16 67.34 67.56 67.81 67.97 68.62 69.03 68.97 68.97 69.00 69.03 69.12 69.22 69.34 69.34 70.00 70.75 71.06 71.34 71.72 72.12 72.53 73.03 73.53 74.06 74.53 75.00 75.47 75.88 76.28 76.72 77.03 77.41 77.78 78.09 78.47 78.84 79.16 79.50 79.81 80.12 80.38 80.72 81.03 81.31 81.56 81.84 82.06 82.31 82.59 82.78 83.06 83.31 83.59 83.81 83.97 84.12 84.28 84.44 84.56 84.72 84.81 84.97 85.09 85.25 85.41 85.59 86.00 86.09 86.06 86.03 86.00 86.06 86.34
66.81 67.00 67.22 67.44 67.66 67.91 68.16 68.38 69.19 69.19 69.19 69.19 69.19 69.16 69.28 69.38 69.38 70.09 71.00 71.25 71.50 71.81 72.16 72.56 73.00 73.47 73.94 74.41 74.84 75.31 75.72 76.16 76.62 76.97 77.34 77.69 78.06 78.38 78.69 79.00 79.44 79.75 80.03 80.34 80.66 80.97 81.25 81.56 81.84 82.06 82.31 82.53 82.78 83.00 83.22 83.50 83.75 83.97 84.12 84.34 84.50 84.62 84.75 84.88 85.03 85.12 85.25 85.41 85.56 85.84 86.19 86.22 86.16 86.12 86.09 86.28 86.53
67.06 67.28 67.53 67.72 67.97 68.19 68.41 68.84 69.53 69.47 69.44 69.41 69.34 69.34 69.41 69.44 70.25 71.16 71.47 71.72 72.03 72.31 72.66 73.00 73.41 73.88 74.28 74.72 75.16 75.59 76.00 76.41 76.84 77.25 77.56 77.94 78.31 78.62 78.94 79.28 79.59 79.97 80.28 80.62 80.88 81.19 81.50 81.78 82.06 82.31 82.53 82.75 83.00 83.22 83.44 83.66 83.88 84.12 84.38 84.56 84.72 84.81 84.97 85.09 85.19 85.28 85.47 85.56 85.72 86.12 86.34 86.31 86.28 86.25 86.25 86.50 86.62
67.38 67.59 67.81 68.03 68.25 68.50 68.66 69.44 69.81 69.72 69.66 69.62 69.56 69.56 69.50 70.41 71.28 71.56 71.88 72.19 72.50 72.81 73.06 73.47 73.81 74.25 74.62 75.03 75.47 75.88 76.28 76.69 77.09 77.50 77.84 78.22 78.59 78.91 79.22 79.53 79.88 80.19 80.56 80.88 81.12 81.47 81.78 82.00 82.31 82.59 82.78 83.00 83.22 83.44 83.69 83.91 84.06 84.34 84.56 84.75 84.97 85.09 85.19 85.28 85.41 85.50 85.62 85.78 85.91 86.38 86.47 86.44 86.38 86.34 86.41 86.66 86.78
67.72 67.88 68.09 68.31 68.56 68.78 69.03 69.91 70.03 69.94 69.88 69.84 69.78 69.78 70.50 71.44 71.72 71.97 72.28 72.59 72.88 73.19 73.56 73.88 74.25 74.59 74.97 75.34 75.75 76.16 76.56 76.94 77.34 77.72 78.16 78.47 78.81 79.16 79.50 79.81 80.12 80.44 80.78 81.12 81.47 81.72 82.06 82.31 82.59 82.84 83.06 83.28 83.50 83.75 83.97 84.12 84.34 84.50 84.75 84.97 85.12 85.28 85.47 85.50 85.62 85.72 85.84 85.94 86.22 86.56 86.56 86.53 86.50 86.47 86.62 86.91 86.94
68.03 68.19 68.41 68.62 68.84 69.09 69.44 70.19 70.19 70.19 70.12 70.09 70.03 70.47 71.41 71.72 71.97 72.25 72.56 72.88 73.19 73.53 73.84 74.16 74.53 74.91 75.28 75.66 76.03 76.44 76.81 77.19 77.59 78.00 78.38 78.75 79.12 79.44 79.75 80.12 80.44 80.78 81.09 81.41 81.72 82.00 82.31 82.59 82.84 83.12 83.31 83.53 83.75 84.03 84.19 84.38 84.62 84.75 84.97 85.19 85.34 85.50 85.66 85.72 85.84 85.94 86.00 86.16 86.50 86.75 86.69 86.66 86.62 86.62 86.84 87.00 87.12
68.38 68.53 68.75 68.94 69.16 69.38 69.97 70.47 70.41 70.41 70.38 70.34 70.31 71.44 71.75 72.03 72.28 72.56 72.88 73.12 73.47 73.78 74.16 74.47 74.81 75.19 75.59 75.94 76.31 76.72 77.09 77.47 77.84 78.22 78.59 78.94 79.31 79.69 80.03 80.38 80.78 81.03 81.34 81.69 82.00 82.31 82.59 82.84 83.12 83.38 83.59 83.88 84.03 84.28 84.44 84.66 84.81 85.03 85.19 85.41 85.56 85.72 85.88 86.00 86.06 86.16 86.22 86.38 86.78 86.84 86.81 86.78 86.72 86.78 87.09 87.16 87.22
68.75 68.91 69.06 69.22 69.44 69.75 70.44 70.66 70.62 70.59 70.59 70.47 71.22 71.75 72.09 72.34 72.62 72.88 73.12 73.47 73.78 74.09 74.41 74.81 75.12 75.50 75.88 76.22 76.59 76.97 77.38 77.75 78.09 78.47 78.84 79.16 79.53 79.91 80.28 80.72 81.03 81.41 81.69 82.00 82.31 82.59 82.84 83.16 83.44 83.69 83.91 84.12 84.34 84.56 84.75 84.91 85.09 85.25 85.47 85.66 85.78 85.94 86.09 86.22 86.25 86.38 86.41 86.66 86.97 86.97 86.94 86.91 86.84 87.03 87.28 87.31 87.38
69.09 69.25 69.47 69.62 69.78 70.22 70.84 70.84 70.78 70.78 70.81 71.00 71.78 72.03 72.38 72.62 72.88 73.16 73.47 73.72 74.06 74.38 74.69 75.06 75.38 75.75 76.12 76.50 76.88 77.25 77.62 78.00 78.38 78.75 79.09 79.50 79.88 80.25 80.62 80.97 81.34 81.69 82.00 82.31 82.62 82.91 83.16 83.44 83.69 83.97 84.19 84.44 84.66 84.81 85.03 85.19 85.34 85.56 85.72 85.88 86.06 86.16 86.31 86.41 86.47 86.59 86.62 86.94 87.12 87.09 87.06 87.00 87.00 87.28 87.44 87.47 87.53
69.50 69.66 69.81 70.03 70.16 70.78 71.12 71.03 70.97 70.91 70.91 71.56 72.12 72.38 72.62 72.94 73.22 73.47 73.75 74.06 74.31 74.69 75.00 75.34 75.72 76.03 76.38 76.78 77.16 77.53 77.91 78.28 78.66 79.03 79.38 79.75 80.19 80.50 80.91 81.31 81.62 82.00 82.31 82.62 82.91 83.22 83.50 83.75 83.97 84.25 84.50 84.72 84.91 85.19 85.28 85.50 85.66 85.84 86.00 86.16 86.25 86.41 86.53 86.62 86.69 86.72 86.91 87.22 87.28 87.22 87.16 87.12 87.22 87.50 87.59 87.66 87.66
69.88 70.03 70.19 70.34 70.69 71.31 71.38 71.28 71.19 71.09 71.28 72.09 72.47 72.72 72.97 73.25 73.50 73.81 74.06 74.41 74.66 74.97 75.34 75.66 75.97 76.34 76.66 77.06 77.44 77.81 78.19 78.59 78.97 79.34 79.72 80.06 80.44 80.81 81.19 81.62 82.00 82.38 82.62 82.94 83.28 83.53 83.81 84.06 84.28 84.56 84.75 84.97 85.25 85.47 85.62 85.78 85.94 86.09 86.25 86.38 86.53 86.62 86.72 86.84 86.94 87.00 87.22 87.47 87.44 87.38 87.31 87.25 87.47 87.69 87.75 87.81 87.81
70.28 70.44 70.59 70.75 71.25 71.72 71.66 71.53 71.44 71.34 71.81 72.47 72.78 73.03 73.31 73.56 73.84 74.09 74.44 74.69 74.97 75.31 75.62 76.00 76.31 76.62 77.00 77.31 77.72 78.09 78.50 78.88 79.28 79.66 80.00 80.38 80.72 81.12 81.50 81.94 82.31 82.62 83.00 83.31 83.59 83.91 84.12 84.38 84.62 84.88 85.09 85.34 85.56 85.72 85.94 86.06 86.22 86.38 86.53 86.62 86.72 86.84 86.94 87.06 87.16 87.22 87.53 87.66 87.59 87.53 87.47 87.47 87.72 87.84 87.91 87.97 87.97
70.66 70.81 70.97 71.19 71.81 72.00 71.91 71.78 71.69 71.72 72.34 72.81 73.06 73.34 73.66 73.91 74.16 74.44 74.75 75.00 75.34 75.66 75.94 76.28 76.62 76.97 77.28 77.62 77.97 78.41 78.81 79.19 79.56 79.94 80.31 80.69 81.06 81.47 81.84 82.22 82.62 83.00 83.31 83.66 83.97 84.25 84.50 84.72 84.91 85.19 85.47 85.66 85.88 86.06 86.22 86.38 86.47 86.62 86.78 86.91 87.00 87.12 87.16 87.28 87.38 87.53 87.81 87.81 87.75 87.69 87.62 87.72 88.03 88.03 88.06 88.12 88.12
71.06 71.22 71.38 71.75 72.28 72.25 72.16 72.06 71.94 72.19 72.88 73.09 73.34 73.66 73.94 74.25 74.56 74.84 75.03 75.41 75.66 75.94 76.25 76.56 76.91 77.28 77.59 77.97 78.28 78.69 79.12 79.50 79.91 80.28 80.66 81.03 81.41 81.78 82.22 82.59 82.91 83.31 83.66 83.97 84.28 84.56 84.81 85.09 85.25 85.50 85.72 86.00 86.22 86.38 86.53 86.69 86.78 86.91 87.06 87.16 87.22 87.38 87.44 87.47 87.59 87.84 88.03 87.97 87.91 87.84 87.81 87.97 88.19 88.22 88.22 88.28 88.28
71.44 71.59 71.75 72.34 72.62 72.53 72.41 72.31 72.25 72.75 73.22 73.50 73.69 74.00 74.31 74.59 74.84 75.16 75.44 75.69 76.00 76.31 76.56 76.91 77.22 77.56 77.94 78.25 78.62 79.00 79.44 79.84 80.22 80.62 81.00 81.38 81.75 82.09 82.59 82.94 83.31 83.66 84.03 84.34 84.66 84.91 85.19 85.41 85.62 85.84 86.06 86.31 86.47 86.69 86.78 86.94 87.06 87.16 87.28 87.44 87.47 87.59 87.66 87.75 87.84 88.12 88.19 88.12 88.06 88.00 88.00 88.19 88.28 88.38 88.38 88.44 88.44
71.91 72.06 72.31 72.88 72.91 72.78 72.66 72.56 72.69 73.34 73.59 73.81 74.09 74.34 74.66 74.94 75.19 75.50 75.75 76.09 76.34 76.66 76.97 77.22 77.53 77.88 78.28 78.59 78.91 79.31 79.75 80.16 80.56 80.94 81.34 81.72 82.12 82.47 82.84 83.28 83.69 84.03 84.34 84.72 85.03 85.28 85.56 85.78 86.00 86.16 86.38 86.59 86.72 86.94 87.12 87.22 87.31 87.44 87.53 87.66 87.75 87.84 87.91 87.97 88.16 88.41 88.38 88.31 88.25 88.19 88.25 88.44 88.50 88.56 88.62 88.62 88.62
72.28 72.44 72.97 73.28 73.19 73.06 72.94 72.84 73.28 73.84 74.00 74.22 74.47 74.75 75.00 75.31 75.56 75.84 76.16 76.41 76.72 77.00 77.31 77.56 77.94 78.19 78.56 78.91 79.28 79.62 80.06 80.50 80.91 81.31 81.72 82.09 82.50 82.84 83.28 83.66 84.06 84.38 84.72 85.03 85.41 85.66 85.94 86.16 86.38 86.53 86.72 86.91 87.06 87.22 87.38 87.47 87.59 87.69 87.81 87.91 88.03 88.12 88.19 88.22 88.50 88.62 88.56 88.50 88.44 88.38 88.56 88.62 88.69 88.75 88.75 88.75 88.75
72.72 72.97 73.50 73.59 73.47 73.34 73.22 73.28 73.91 74.25 74.47 74.66 74.81 75.06 75.34 75.59 75.91 76.22 76.50 76.81 77.06 77.38 77.62 77.97 78.28 78.59 78.91 79.28 79.62 80.00 80.38 80.88 81.25 81.69 82.09 82.50 82.88 83.25 83.69 84.09 84.44 84.81 85.16 85.47 85.78 86.09 86.31 86.53 86.69 86.91 87.06 87.22 87.38 87.47 87.66 87.75 87.84 87.91 88.03 88.12 88.22 88.34 88.38 88.56 88.81 88.81 88.75 88.66 88.59 88.59 88.78 88.81 88.88 88.91 88.91 88.97 88.97
73.16 73.59 73.97 73.88 73.75 73.62 73.50 73.81 74.41 74.62 74.84 75.06 75.25 75.47 75.72 76.06 76.31 76.56 76.88 77.16 77.47 77.72 78.03 78.31 78.59 78.94 79.28 79.66 80.03 80.41 80.75 81.22 81.66 82.06 82.47 82.91 83.31 83.69 84.12 84.47 84.78 85.16 85.53 85.84 86.16 86.47 86.69 86.91 87.12 87.28 87.38 87.53 87.66 87.81 87.91 88.03 88.12 88.19 88.28 88.34 88.50 88.56 88.66 88.84 89.03 88.97 88.91 88.84 88.78 88.88 89.03 89.03 89.09 89.12 89.12 89.12 89.12
73.69 74.16 74.25 74.16 74.03 73.91 73.91 74.47 74.81 75.03 75.22 75.44 75.66 75.91 76.12 76.38 76.69 76.97 77.22 77.53 77.78 78.09 78.38 78.69 79.00 79.31 79.69 80.03 80.41 80.84 81.22 81.62 82.03 82.47 82.88 83.31 83.72 84.19 84.56 84.91 85.25 85.59 85.91 86.28 86.59 86.84 87.12 87.28 87.47 87.59 87.75 87.84 87.97 88.12 88.22 88.34 88.34 88.44 88.50 88.62 88.69 88.81 88.88 89.16 89.22 89.16 89.09 89.03 89.00 89.16 89.25 89.25 89.25 89.28 89.28 89.34 89.34
74.28 74.62 74.53 74.41 74.31 74.19 74.41 75.06 75.22 75.41 75.62 75.88 76.09 76.31 76.50 76.78 77.03 77.34 77.62 77.94 78.19 78.47 78.75 79.06 79.44 79.75 80.06 80.44 80.88 81.22 81.59 82.06 82.47 82.88 83.31 83.75 84.22 84.59 85.06 85.41 85.69 86.03 86.28 86.66 86.97 87.22 87.44 87.66 87.81 87.97 88.06 88.19 88.28 88.38 88.56 88.62 88.66 88.69 88.75 88.88 88.91 89.03 89.16 89.41 89.38 89.34 89.28 89.22 89.25 89.41 89.41 89.47 89.47 89.50 89.50 89.50 89.50
74.84 74.94 74.81 74.69 74.56 74.53 75.03 75.44 75.66 75.81 76.03 76.28 76.50 76.75 76.97 77.16 77.44 77.69 78.00 78.31 78.56 78.91 79.22 79.50 79.84 80.19 80.56 80.94 81.25 81.72 82.09 82.50 82.94 83.34 83.78 84.25 84.72 85.09 85.56 85.91 86.19 86.50 86.78 87.06 87.31 87.56 87.81 88.03 88.19 88.34 88.44 88.50 88.62 88.66 88.81 88.91 88.97 89.03 89.09 89.12 89.19 89.25 89.41 89.62 89.56 89.50 89.44 89.41 89.53 89.62 89.62 89.66 89.66 89.66 89.66 89.72 89.72
75.28 75.22 75.09 74.97 74.84 75.03 75.66 75.91 76.06 76.25 76.47 76.69 76.88 77.16 77.34 77.56 77.81 78.12 78.41 78.72 79.03 79.34 79.66 79.97 80.34 80.66 81.06 81.44 81.81 82.16 82.59 83.00 83.41 83.84 84.31 84.75 85.22 85.56 86.00 86.41 86.72 87.00 87.25 87.50 87.72 87.97 88.19 88.44 88.56 88.69 88.78 88.88 88.94 89.03 89.12 89.19 89.25 89.28 89.34 89.41 89.47 89.50 89.72 89.81 89.75 89.69 89.62 89.62 89.75 89.78 89.84 89.84 89.88 89.88 89.88 89.88 89.88
75.62 75.50 75.38 75.25 75.19 75.66 76.12 76.28 76.50 76.66 76.88 77.06 77.34 77.53 77.81 78.00 78.28 78.53 78.78 79.16 79.44 79.75 80.09 80.47 80.84 81.12 81.56 81.94 82.31 82.72 83.12 83.56 83.97 84.41 84.81 85.28 85.66 86.12 86.47 86.84 87.22 87.47 87.75 87.94 88.16 88.34 88.56 88.75 88.91 89.06 89.12 89.19 89.25 89.28 89.41 89.50 89.56 89.56 89.62 89.66 89.72 89.81 89.97 89.97 89.91 89.88 89.81 89.84 90.00 90.00 90.03 90.03 90.03 90.03 90.03 90.03 90.03
75.91 75.78 75.66 75.53 75.66 76.28 76.53 76.69 76.91 77.09 77.25 77.47 77.69 77.94 78.19 78.47 78.66 78.94 79.25 79.56 79.88 80.25 80.59 80.91 81.34 81.69 82.06 82.44 82.84 83.22 83.69 84.09 84.47 84.94 85.31 85.72 86.22 86.62 86.97 87.34 87.66 87.91 88.19 88.34 88.53 88.75 88.94 89.09 89.25 89.41 89.44 89.53 89.59 89.62 89.69 89.78 89.84 89.88 89.88 89.94 90.00 90.09 90.19 90.16 90.09 90.03 90.00 90.06 90.16 90.19 90.19 90.19 90.19 90.25 90.19 90.19 90.19
76.19 76.06 75.94 75.84 76.28 76.78 76.94 77.09 77.28 77.50 77.72 77.91 78.12 78.38 78.66 78.91 79.12 79.38 79.69 80.06 80.31 80.69 81.06 81.41 81.84 82.19 82.62 83.00 83.34 83.78 84.12 84.59 85.03 85.50 85.88 86.28 86.69 87.06 87.47 87.81 88.09 88.38 88.56 88.72 88.91 89.09 89.28 89.38 89.59 89.69 89.78 89.81 89.88 89.91 89.97 90.00 90.09 90.09 90.16 90.16 90.19 90.31 90.41 90.34 90.28 90.22 90.19 90.28 90.31 90.38 90.38 90.38 90.41 90.41 90.41 90.38 90.38
76.47 76.34 76.22 76.28 76.91 77.22 77.31 77.53 77.69 77.91 78.09 78.31 78.56 78.78 79.03 79.38 79.62 79.88 80.19 80.50 80.88 81.19 81.56 81.91 82.34 82.72 83.12 83.53 83.97 84.31 84.75 85.22 85.62 86.06 86.41 86.84 87.16 87.62 87.94 88.28 88.56 88.75 88.94 89.12 89.25 89.47 89.62 89.72 89.88 89.97 90.06 90.09 90.22 90.19 90.25 90.28 90.31 90.38 90.41 90.41 90.44 90.59 90.56 90.53 90.47 90.41 90.41 90.47 90.47 90.53 90.53 90.53 90.59 90.53 90.53 90.53 90.47
76.78 76.66 76.53 76.81 77.16 77.53 77.75 77.94 78.12 78.34 78.50 78.75 79.03 79.22 79.50 79.75 80.06 80.38 80.69 81.00 81.31 81.72 82.09 82.47 82.84 83.25 83.62 84.09 84.53 84.88 85.25 85.72 86.12 86.56 86.97 87.34 87.69 88.12 88.44 88.75 88.94 89.16 89.34 89.50 89.66 89.81 89.91 90.06 90.16 90.25 90.28 90.38 90.44 90.47 90.56 90.56 90.62 90.66 90.66 90.62 90.75 90.81 90.75 90.69 90.66 90.59 90.62 90.62 90.62 90.69 90.69 90.69 90.72 90.69 90.69 90.69 90.62
77.06 76.94 76.91 77.34 77.56 77.75 78.06 78.38 78.56 78.81 78.97 79.22 79.41 79.69 79.94 80.22 80.53 80.84 81.16 81.50 81.88 82.19 82.59 82.97 83.41 83.81 84.19 84.59 85.03 85.44 85.75 86.16 86.69 87.06 87.47 87.84 88.25 88.62 88.88 89.19 89.38 89.53 89.75 89.84 90.00 90.12 90.19 90.34 90.44 90.53 90.56 90.62 90.72 90.75 90.81 90.84 90.84 90.88 90.88 90.91 90.97 91.00 90.94 90.88 90.84 90.78 90.81 90.84 90.84 90.84 90.84 90.84 90.84 90.84 90.78 90.78 90.72
77.44 77.41 77.38 77.81 77.97 78.12 78.44 78.72 79.03 79.28 79.44 79.59 79.84 80.06 80.31 80.66 80.97 81.31 81.66 82.00 82.38 82.69 83.12 83.47 83.84 84.31 84.72 85.09 85.53 85.94 86.34 86.72 87.12 87.59 88.03 88.41 88.69 89.00 89.28 89.53 89.78 89.94 90.06 90.22 90.31 90.41 90.53 90.62 90.72 90.75 90.84 90.91 90.94 90.97 91.09 91.06 91.12 91.12 91.16 91.16 91.22 91.22 91.12 91.06 91.00 91.00 91.00 91.00 91.00 91.00 91.00 91.00 91.00 90.94 90.94 90.88 90.84
77.78 77.78 77.88 78.16 78.31 78.50 78.81 79.09 79.31 79.69 79.91 80.06 80.28 80.50 80.75 81.09 81.41 81.75 82.12 82.47 82.81 83.22 83.56 83.97 84.44 84.81 85.22 85.59 85.97 86.44 86.84 87.28 87.69 88.06 88.53 88.91 89.16 89.41 89.72 89.91 90.12 90.31 90.41 90.56 90.66 90.72 90.81 90.91 91.00 91.09 91.12 91.19 91.22 91.22 91.31 91.34 91.34 91.38 91.38 91.41 91.47 91.41 91.34 91.25 91.19 91.19 91.16 91.16 91.12 91.16 91.12 91.12 91.12 91.06 91.06 91.00 91.00
78.03 78.09 78.31 78.53 78.75 78.94 79.19 79.56 79.75 80.03 80.38 80.62 80.84 80.97 81.25 81.50 81.81 82.19 82.56 82.88 83.31 83.69 84.09 84.47 84.91 85.31 85.72 86.09 86.53 86.88 87.34 87.78 88.12 88.56 88.94 89.28 89.59 89.81 90.09 90.25 90.47 90.66 90.75 90.84 90.94 91.06 91.16 91.19 91.28 91.31 91.41 91.47 91.50 91.56 91.59 91.59 91.62 91.62 91.62 91.69 91.69 91.62 91.53 91.47 91.41 91.38 91.31 91.25 91.25 91.25 91.22 91.22 91.22 91.16 91.16 91.16 91.12
78.19 78.28 78.56 78.81 79.06 79.28 79.50 79.78 80.16 80.50 80.78 81.06 81.34 81.56 81.72 81.94 82.25 82.62 83.00 83.38 83.72 84.16 84.59 84.97 85.31 85.75 86.22 86.59 86.91 87.31 87.69 88.16 88.53 88.97 89.31 89.62 90.00 90.19 90.44 90.59 90.81 90.94 91.09 91.12 91.25 91.34 91.44 91.47 91.56 91.62 91.72 91.75 91.81 91.81 91.81 91.84 91.84 91.91 91.88 91.91 91.88 91.81 91.75 91.66 91.59 91.56 91.50 91.44 91.44 91.38 91.38 91.31 91.31 91.31 91.25 91.25 91.22
