arlandasctiles/Tile[6,0].asc
ncols 128
nrows 128
xllcorner 0
yllcorner 0
cellsize 2.0
NODATA_value  -9999
[rows 60 to 89 of 128, columns 0 to 67 of 128]
-111.75 -111.66 -111.59 -111.50 -111.41 -111.34 -111.25 -111.16 -111.06 -110.94 -110.84 -110.75 -110.62 -110.53 -110.41 -110.28 -110.16 -110.03 -109.91 -109.75 -109.62 -109.50 -109.38 -109.25 -109.12 -109.00 -108.88 -108.72 -108.59 -108.47 -108.34 -108.22 -108.09 -107.97 -107.84 -107.72 -107.59 -107.47 -107.31 -107.19 -107.06 -106.97 -106.84 -106.72 -106.62 -106.50 -106.41 -106.28 -106.19 -106.09 -106.00 -105.91 -105.81 -105.69 -105.59 -105.50 -105.41 -105.28 -105.16 -105.06 -104.94 -104.81 -104.72 -104.59 -104.50 -104.31 -104.19 -104.12
-111.84 -111.78 -111.69 -111.59 -111.53 -111.44 -111.34 -111.25 -111.16 -111.06 -110.97 -110.88 -110.75 -110.66 -110.53 -110.41 -110.28 -110.16 -110.03 -109.91 -109.78 -109.66 -109.50 -109.38 -109.25 -109.12 -109.00 -108.88 -108.75 -108.62 -108.47 -108.34 -108.22 -108.09 -107.97 -107.84 -107.72 -107.59 -107.47 -107.34 -107.22 -107.09 -106.97 -106.84 -106.75 -106.66 -106.53 -106.44 -106.31 -106.22 -106.12 -106.03 -105.94 -105.84 -105.75 -105.66 -105.56 -105.44 -105.34 -105.22 -105.09 -105.00 -104.88 -104.78 -104.69 -104.56 -104.50 -104.28
-111.94 -111.88 -111.78 -111.72 -111.62 -111.56 -111.47 -111.38 -111.28 -111.19 -111.09 -111.00 -110.91 -110.78 -110.66 -110.56 -110.44 -110.28 -110.16 -110.03 -109.91 -109.78 -109.66 -109.53 -109.41 -109.25 -109.12 -109.00 -108.88 -108.75 -108.62 -108.50 -108.38 -108.25 -108.12 -108.00 -107.84 -107.72 -107.59 -107.47 -107.34 -107.22 -107.09 -107.00 -106.88 -106.78 -106.69 -106.56 -106.47 -106.38 -106.28 -106.19 -106.09 -106.00 -105.91 -105.81 -105.72 -105.59 -105.50 -105.38 -105.25 -105.16 -105.09 -105.00 -104.84 -104.78 -104.50 -104.38
-112.03 -111.97 -111.91 -111.81 -111.75 -111.66 -111.59 -111.50 -111.41 -111.31 -111.22 -111.12 -111.03 -110.91 -110.81 -110.69 -110.56 -110.44 -110.31 -110.19 -110.06 -109.94 -109.78 -109.66 -109.53 -109.41 -109.28 -109.16 -109.00 -108.88 -108.75 -108.62 -108.50 -108.38 -108.25 -108.12 -108.00 -107.88 -107.75 -107.62 -107.47 -107.34 -107.22 -107.12 -107.03 -106.94 -106.81 -106.72 -106.62 -106.53 -106.44 -106.34 -106.25 -106.16 -106.09 -105.97 -105.88 -105.78 -105.66 -105.56 -105.44 -105.34 -105.22 -105.16 -105.00 -104.94 -104.84 -104.56
-112.12 -112.06 -112.00 -111.91 -111.84 -111.78 -111.69 -111.62 -111.53 -111.44 -111.34 -111.25 -111.16 -111.06 -110.94 -110.84 -110.72 -110.59 -110.47 -110.34 -110.19 -110.06 -109.94 -109.81 -109.69 -109.53 -109.41 -109.28 -109.16 -109.03 -108.91 -108.78 -108.66 -108.53 -108.41 -108.25 -108.12 -108.00 -107.88 -107.75 -107.59 -107.38 -107.38 -107.28 -107.19 -107.06 -106.97 -106.88 -106.78 -106.69 -106.59 -106.50 -106.41 -106.34 -106.25 -106.16 -106.06 -105.94 -105.81 -105.72 -105.59 -105.50 -105.38 -105.31 -105.22 -105.12 -104.97 -104.72
-112.22 -112.16 -112.09 -112.03 -111.97 -111.88 -111.81 -111.72 -111.66 -111.56 -111.50 -111.41 -111.31 -111.19 -111.09 -110.97 -110.84 -110.75 -110.62 -110.47 -110.34 -110.22 -110.09 -109.97 -109.81 -109.69 -109.56 -109.44 -109.31 -109.16 -109.03 -108.91 -108.78 -108.66 -108.53 -108.41 -108.28 -108.16 -108.03 -107.91 -107.59 -107.62 -107.53 -107.41 -107.31 -107.22 -107.12 -107.03 -106.94 -106.84 -106.75 -106.66 -106.56 -106.50 -106.41 -106.31 -106.19 -106.12 -105.97 -105.84 -105.84 -105.66 -105.56 -105.31 -105.34 -105.22 -105.12 -105.00
-112.31 -112.25 -112.19 -112.12 -112.06 -112.00 -111.94 -111.84 -111.78 -111.69 -111.62 -111.53 -111.44 -111.34 -111.22 -111.12 -111.00 -110.88 -110.75 -110.62 -110.50 -110.38 -110.25 -110.09 -109.97 -109.84 -109.72 -109.56 -109.44 -109.31 -109.19 -109.06 -108.94 -108.81 -108.69 -108.56 -108.41 -108.28 -108.16 -108.06 -107.84 -107.78 -107.69 -107.56 -107.47 -107.38 -107.28 -107.19 -107.09 -107.00 -106.91 -106.81 -106.75 -106.66 -106.59 -106.50 -106.41 -106.16 -106.22 -105.94 -105.84 -105.88 -105.72 -105.59 -105.47 -105.34 -105.09 -105.09
-112.41 -112.34 -112.28 -112.22 -112.16 -112.09 -112.03 -111.97 -111.91 -111.84 -111.75 -111.66 -111.59 -111.47 -111.38 -111.28 -111.16 -111.03 -110.91 -110.78 -110.66 -110.53 -110.41 -110.25 -110.12 -110.00 -109.88 -109.75 -109.59 -109.47 -109.34 -109.22 -109.09 -108.97 -108.84 -108.72 -108.56 -108.38 -108.28 -108.25 -108.00 -107.94 -107.84 -107.72 -107.62 -107.53 -107.44 -107.34 -107.25 -107.16 -107.06 -106.97 -106.91 -106.84 -106.78 -106.69 -106.41 -106.31 -106.22 -106.09 -105.97 -105.84 -105.88 -105.72 -105.59 -105.47 -105.34 -105.19
-112.50 -112.44 -112.41 -112.34 -112.28 -112.22 -112.16 -112.09 -112.03 -111.97 -111.91 -111.81 -111.72 -111.62 -111.53 -111.44 -111.31 -111.19 -111.06 -110.94 -110.81 -110.69 -110.56 -110.44 -110.31 -110.16 -110.03 -109.91 -109.78 -109.62 -109.50 -109.38 -109.19 -109.09 -109.00 -108.91 -108.59 -108.31 -108.50 -108.41 -108.16 -108.12 -108.00 -107.91 -107.78 -107.69 -107.59 -107.50 -107.41 -107.31 -107.22 -107.12 -107.06 -107.00 -106.94 -106.66 -106.56 -106.47 -106.38 -106.22 -106.28 -106.12 -105.97 -105.88 -105.69 -105.56 -105.41 -105.28
-112.59 -112.53 -112.50 -112.44 -112.38 -112.31 -112.28 -112.22 -112.16 -112.09 -111.84 -111.75 -111.66 -111.59 -111.50 -111.59 -111.47 -111.34 -111.22 -111.09 -110.97 -110.88 -110.75 -110.59 -110.47 -110.34 -110.19 -110.06 -109.94 -109.81 -109.69 -109.53 -109.41 -109.28 -109.19 -109.06 -108.88 -108.81 -108.72 -108.56 -108.41 -108.28 -108.16 -108.06 -107.94 -107.84 -107.75 -107.66 -107.56 -107.47 -107.38 -107.28 -107.22 -107.16 -107.06 -107.00 -106.91 -106.59 -106.69 -106.50 -106.34 -106.22 -106.16 -105.94 -105.81 -105.66 -105.53 -105.38
-112.69 -112.62 -112.59 -112.53 -112.47 -112.44 -112.38 -112.31 -112.28 -112.03 -111.94 -111.88 -111.81 -111.72 -111.62 -111.53 -111.41 -111.50 -111.38 -111.25 -111.12 -111.00 -110.88 -110.75 -110.62 -110.50 -110.38 -110.25 -110.12 -110.00 -109.91 -109.72 -109.59 -109.47 -109.38 -109.22 -109.12 -109.00 -108.88 -108.69 -108.59 -108.47 -108.34 -108.22 -108.12 -108.00 -107.91 -107.81 -107.72 -107.62 -107.53 -107.47 -107.38 -107.28 -107.22 -107.16 -106.88 -106.78 -106.66 -106.69 -106.44 -106.31 -106.16 -106.03 -105.91 -105.78 -105.59 -105.47
-112.78 -112.72 -112.66 -112.62 -112.56 -112.53 -112.47 -112.44 -112.19 -112.12 -112.06 -112.00 -111.94 -111.84 -111.75 -111.66 -111.56 -111.44 -111.53 -111.41 -111.28 -111.16 -111.03 -110.91 -110.78 -110.62 -110.53 -110.41 -110.28 -110.19 -110.09 -109.97 -109.69 -109.75 -109.62 -109.47 -109.22 -109.19 -109.03 -108.91 -108.75 -108.62 -108.50 -108.38 -108.28 -108.16 -108.06 -107.97 -107.88 -107.78 -107.69 -107.62 -107.53 -107.44 -107.38 -107.28 -107.22 -106.91 -106.91 -106.75 -106.56 -106.41 -106.28 -106.12 -106.00 -105.88 -105.75 -105.59
-112.84 -112.81 -112.75 -112.72 -112.66 -112.62 -112.56 -112.53 -112.28 -112.22 -112.19 -112.12 -112.06 -111.97 -111.91 -111.81 -111.69 -111.56 -111.47 -111.34 -111.44 -111.31 -111.00 -111.09 -110.97 -110.81 -110.69 -110.56 -110.47 -110.16 -110.06 -109.94 -109.84 -109.75 -109.62 -109.50 -109.34 -109.31 -109.19 -109.03 -108.91 -108.78 -108.66 -108.53 -108.44 -108.31 -108.22 -108.12 -108.03 -107.94 -107.88 -107.78 -107.69 -107.59 -107.53 -107.44 -107.31 -107.22 -107.03 -106.84 -106.66 -106.50 -106.38 -106.25 -106.12 -105.97 -105.84 -105.69
-112.94 -112.88 -112.84 -112.78 -112.75 -112.72 -112.66 -112.62 -112.38 -112.34 -112.28 -112.22 -112.16 -112.09 -112.03 -111.94 -111.81 -111.69 -111.59 -111.50 -111.38 -111.28 -111.16 -111.03 -110.91 -110.78 -110.84 -110.69 -110.56 -110.47 -110.19 -110.06 -109.97 -109.88 -109.78 -109.62 -109.50 -109.47 -109.31 -109.19 -109.06 -108.94 -108.81 -108.69 -108.56 -108.47 -108.38 -108.28 -108.19 -108.09 -108.03 -107.94 -107.84 -107.75 -107.69 -107.56 -107.34 -107.34 -107.19 -107.00 -106.78 -106.62 -106.50 -106.38 -106.25 -106.09 -105.94 -105.78
-113.00 -112.97 -112.91 -112.88 -112.81 -112.78 -112.75 -112.72 -112.47 -112.44 -112.38 -112.31 -112.25 -112.22 -112.12 -112.06 -111.97 -111.84 -111.75 -111.62 -111.50 -111.41 -111.47 -111.16 -111.03 -111.12 -110.97 -110.81 -110.69 -110.56 -110.47 -110.38 -110.09 -109.97 -109.88 -109.78 -109.62 -109.66 -109.47 -109.31 -109.19 -109.06 -108.94 -108.84 -108.72 -108.62 -108.53 -108.44 -108.34 -108.25 -108.19 -108.09 -108.00 -107.94 -107.84 -107.75 -107.50 -107.50 -107.22 -107.19 -106.84 -106.78 -106.66 -106.50 -106.38 -106.22 -106.06 -105.91
-113.06 -113.03 -112.97 -112.94 -112.91 -112.88 -112.84 -112.81 -112.56 -112.50 -112.47 -112.41 -112.38 -112.31 -112.25 -112.19 -112.09 -111.97 -111.88 -111.75 -111.66 -111.72 -111.59 -111.44 -111.34 -111.22 -111.09 -110.97 -110.81 -110.69 -110.56 -110.47 -110.38 -110.09 -110.00 -109.88 -109.72 -109.75 -109.59 -109.47 -109.31 -109.22 -109.09 -108.97 -108.88 -108.78 -108.66 -108.56 -108.50 -108.41 -108.34 -108.25 -108.19 -108.09 -108.03 -107.75 -107.75 -107.59 -107.41 -107.25 -107.12 -106.97 -106.78 -106.66 -106.50 -106.34 -106.19 -106.00
-113.16 -113.09 -113.06 -113.00 -112.97 -112.94 -112.91 -112.88 -112.62 -112.59 -112.53 -112.50 -112.44 -112.41 -112.34 -112.28 -112.19 -112.09 -112.00 -111.88 -111.78 -111.66 -111.72 -111.56 -111.44 -111.31 -111.19 -111.06 -110.94 -110.78 -110.69 -110.56 -110.47 -110.38 -110.28 -110.16 -110.03 -109.84 -109.72 -109.59 -109.47 -109.34 -109.22 -109.12 -109.03 -108.91 -108.81 -108.72 -108.62 -108.56 -108.47 -108.41 -108.34 -108.25 -108.00 -107.91 -107.97 -107.72 -107.47 -107.38 -107.25 -107.09 -106.94 -106.78 -106.62 -106.44 -106.28 -106.12
-113.22 -113.16 -113.12 -113.09 -113.03 -113.00 -112.97 -112.94 -112.91 -112.66 -112.62 -112.56 -112.53 -112.47 -112.44 -112.38 -112.31 -112.22 -112.12 -112.00 -111.91 -111.78 -111.84 -111.69 -111.56 -111.41 -111.31 -111.16 -111.03 -110.91 -110.78 -110.69 -110.56 -110.44 -110.38 -110.25 -110.09 -109.97 -109.84 -109.72 -109.59 -109.47 -109.38 -109.25 -109.16 -109.06 -108.97 -108.88 -108.78 -108.72 -108.62 -108.56 -108.47 -108.41 -108.16 -108.03 -107.94 -107.88 -107.69 -107.56 -107.41 -107.25 -107.06 -106.91 -106.75 -106.56 -106.41 -106.25
-113.28 -113.22 -113.19 -113.16 -113.09 -113.06 -113.03 -113.00 -112.97 -112.94 -112.69 -112.66 -112.59 -112.56 -112.50 -112.47 -112.41 -112.34 -112.25 -112.12 -112.03 -111.91 -111.97 -111.81 -111.69 -111.53 -111.44 -111.28 -111.16 -111.03 -110.91 -110.78 -110.66 -110.56 -110.44 -110.31 -110.19 -110.06 -109.97 -109.84 -109.72 -109.62 -109.50 -109.41 -109.31 -109.19 -109.09 -109.00 -108.94 -108.84 -108.78 -108.69 -108.62 -108.56 -108.28 -108.19 -108.06 -108.09 -107.94 -107.72 -107.56 -107.38 -107.22 -107.03 -106.88 -106.69 -106.53 -106.34
-113.31 -113.28 -113.25 -113.22 -113.16 -113.12 -113.09 -113.06 -113.03 -113.00 -112.97 -112.72 -112.69 -112.62 -112.59 -112.53 -112.50 -112.44 -112.34 -112.25 -112.16 -112.00 -112.09 -111.94 -111.81 -111.69 -111.53 -111.41 -111.28 -111.16 -111.03 -110.91 -110.78 -110.75 -110.53 -110.44 -110.31 -110.19 -110.09 -109.97 -109.84 -109.75 -109.66 -109.53 -109.44 -109.34 -109.25 -109.16 -109.06 -109.00 -108.91 -108.84 -108.75 -108.69 -108.41 -108.31 -108.19 -108.22 -108.03 -107.88 -107.69 -107.53 -107.34 -107.19 -107.00 -106.81 -106.66 -106.47
-113.38 -113.34 -113.31 -113.25 -113.22 -113.19 -113.16 -113.12 -113.06 -113.06 -113.03 -112.78 -112.75 -112.72 -112.69 -112.62 -112.59 -112.53 -112.47 -112.38 -112.31 -112.19 -112.06 -112.03 -111.94 -111.78 -111.59 -111.53 -111.41 -111.28 -111.12 -111.00 -110.91 -110.72 -110.66 -110.53 -110.44 -110.31 -110.22 -110.09 -109.97 -109.88 -109.78 -109.69 -109.56 -109.47 -109.38 -109.28 -109.22 -109.12 -109.06 -108.97 -108.91 -108.81 -108.75 -108.44 -108.47 -108.31 -108.16 -108.00 -107.84 -107.66 -107.47 -107.31 -107.12 -106.94 -106.78 -106.59
-113.44 -113.41 -113.34 -113.31 -113.28 -113.25 -113.19 -113.16 -113.12 -113.09 -113.06 -113.06 -112.81 -112.78 -112.75 -112.72 -112.66 -112.62 -112.56 -112.50 -112.44 -112.31 -112.16 -112.16 -111.94 -111.81 -111.84 -111.69 -111.53 -111.41 -111.31 -111.12 -111.00 -110.91 -110.78 -110.66 -110.53 -110.44 -110.31 -110.22 -110.09 -110.00 -109.91 -109.81 -109.72 -109.62 -109.53 -109.44 -109.34 -109.28 -109.19 -109.12 -109.03 -108.94 -108.88 -108.75 -108.59 -108.47 -108.31 -108.12 -107.97 -107.81 -107.62 -107.44 -107.25 -107.09 -106.91 -106.72
-113.47 -113.44 -113.41 -113.38 -113.31 -113.28 -113.25 -113.22 -113.19 -113.16 -113.12 -113.09 -113.06 -112.84 -112.81 -112.78 -112.72 -112.69 -112.62 -112.59 -112.53 -112.44 -112.28 -112.16 -112.22 -111.94 -111.97 -111.81 -111.66 -111.53 -111.34 -111.22 -111.09 -110.97 -110.88 -110.75 -110.66 -110.56 -110.44 -110.34 -110.22 -110.12 -110.03 -109.94 -109.84 -109.75 -109.66 -109.56 -109.50 -109.41 -109.34 -109.25 -109.19 -109.09 -109.00 -108.88 -108.72 -108.59 -108.44 -108.28 -108.09 -107.94 -107.75 -107.59 -107.41 -107.22 -107.03 -106.84
-113.50 -113.47 -113.44 -113.41 -113.38 -113.34 -113.31 -113.25 -113.22 -113.19 -113.16 -113.12 -113.12 -113.09 -112.88 -112.81 -112.78 -112.75 -112.69 -112.66 -112.59 -112.53 -112.44 -112.41 -112.16 -112.22 -112.09 -111.97 -111.84 -111.69 -111.44 -111.34 -111.22 -111.09 -110.97 -110.88 -110.75 -110.66 -110.56 -110.47 -110.34 -110.25 -110.16 -110.06 -109.97 -109.88 -109.78 -109.72 -109.62 -109.56 -109.47 -109.41 -109.31 -109.22 -109.12 -109.00 -108.88 -108.72 -108.56 -108.41 -108.25 -108.09 -107.91 -107.72 -107.53 -107.34 -107.16 -106.97
-113.53 -113.50 -113.47 -113.44 -113.41 -113.38 -113.34 -113.31 -113.28 -113.25 -113.22 -113.19 -113.16 -113.12 -113.09 -112.88 -112.84 -112.81 -112.75 -112.72 -112.69 -112.62 -112.47 -112.41 -112.28 -112.16 -112.03 -111.91 -111.97 -111.75 -111.56 -111.47 -111.34 -111.22 -111.09 -111.00 -110.88 -110.81 -110.69 -110.59 -110.50 -110.38 -110.28 -110.19 -110.09 -110.00 -109.91 -109.84 -109.75 -109.69 -109.62 -109.53 -109.44 -109.38 -109.06 -109.16 -109.00 -108.88 -108.72 -108.56 -108.41 -108.22 -108.06 -107.88 -107.69 -107.50 -107.31 -107.12
-113.56 -113.53 -113.50 -113.47 -113.44 -113.41 -113.38 -113.34 -113.31 -113.28 -113.25 -113.22 -113.19 -113.16 -113.16 -113.12 -112.91 -112.88 -112.81 -112.78 -112.75 -112.72 -112.59 -112.47 -112.38 -112.25 -112.16 -112.06 -112.06 -111.91 -111.75 -111.59 -111.47 -111.34 -111.22 -111.09 -111.00 -110.94 -110.81 -110.75 -110.66 -110.53 -110.41 -110.31 -110.22 -110.16 -110.06 -109.97 -109.91 -109.81 -109.75 -109.66 -109.59 -109.31 -109.19 -109.28 -109.16 -109.00 -108.84 -108.69 -108.53 -108.38 -108.22 -108.03 -107.84 -107.66 -107.47 -107.28
-113.59 -113.56 -113.53 -113.50 -113.47 -113.44 -113.41 -113.38 -113.34 -113.31 -113.28 -113.25 -113.22 -113.19 -113.19 -113.16 -113.12 -112.91 -112.88 -112.84 -112.78 -112.72 -112.66 -112.56 -112.44 -112.38 -112.31 -112.12 -112.00 -112.03 -111.88 -111.72 -111.56 -111.44 -111.31 -111.22 -111.09 -111.03 -110.94 -110.88 -110.78 -110.69 -110.53 -110.44 -110.34 -110.28 -110.19 -110.12 -110.03 -109.97 -109.88 -109.81 -109.72 -109.44 -109.34 -109.22 -109.28 -109.16 -109.00 -108.84 -108.69 -108.53 -108.38 -108.19 -108.00 -107.81 -107.62 -107.41
-113.62 -113.59 -113.53 -113.50 -113.50 -113.47 -113.44 -113.41 -113.38 -113.34 -113.31 -113.28 -113.25 -113.22 -113.19 -113.19 -113.16 -113.16 -112.91 -112.88 -112.81 -112.78 -112.72 -112.66 -112.56 -112.44 -112.34 -112.22 -112.09 -111.97 -112.00 -111.84 -111.69 -111.56 -111.44 -111.31 -111.22 -111.16 -111.06 -111.00 -110.72 -110.75 -110.62 -110.56 -110.47 -110.41 -110.31 -110.25 -110.16 -110.09 -110.03 -109.75 -109.66 -109.56 -109.47 -109.34 -109.44 -109.31 -109.16 -109.03 -108.88 -108.69 -108.53 -108.38 -108.19 -108.00 -107.81 -107.59
-113.62 -113.59 -113.56 -113.53 -113.50 -113.47 -113.44 -113.44 -113.38 -113.34 -113.34 -113.31 -113.28 -113.25 -113.22 -113.22 -113.19 -113.16 -113.16 -112.91 -112.88 -112.81 -112.78 -112.75 -112.66 -112.50 -112.41 -112.31 -112.19 -112.06 -112.09 -111.94 -111.78 -111.62 -111.53 -111.41 -111.31 -111.22 -111.16 -111.09 -110.84 -110.75 -110.75 -110.69 -110.59 -110.53 -110.44 -110.38 -110.31 -110.22 -109.94 -109.88 -109.78 -109.69 -109.59 -109.47 -109.38 -109.47 -109.31 -109.19 -109.03 -108.84 -108.72 -108.56 -108.38 -108.19 -108.00 -107.75
-113.66 -113.62 -113.59 -113.56 -113.53 -113.50 -113.47 -113.44 -113.41 -113.38 -113.34 -113.31 -113.31 -113.28 -113.25 -113.22 -113.22 -113.19 -113.16 -112.94 -112.91 -112.88 -112.81 -112.75 -112.69 -112.59 -112.50 -112.41 -112.28 -112.16 -112.22 -112.03 -111.88 -111.75 -111.62 -111.50 -111.38 -111.31 -111.25 -111.19 -110.91 -111.03 -110.91 -110.81 -110.72 -110.62 -110.56 -110.50 -110.41 -110.16 -110.06 -109.97 -109.91 -109.81 -109.72 -109.59 -109.50 -109.41 -109.28 -109.34 -109.25 -109.03 -108.91 -108.75 -108.56 -108.41 -108.22 -107.66
