arlandasctiles/Tile6,7.asc
ncols 128
nrows 128
xllcorner 0
yllcorner 0
cellsize 2.0
NODATA_value  -9999
[rows 0 to 36 of 128, columns 0 to 82 of 128]
33.53 33.47 33.44 33.41 33.38 33.38 33.34 33.19 32.94 32.66 32.34 32.00 31.66 31.28 30.81 30.28 29.72 29.22 28.78 28.50 28.19 27.66 26.72 25.00 23.69 22.31 20.94 19.66 18.47 17.44 16.47 15.44 14.12 13.62 13.34 13.16 13.72 15.12 16.03 16.91 17.69 18.41 19.06 19.56 19.88 19.97 19.88 19.62 19.34 19.22 19.41 19.78 20.12 20.34 20.34 19.59 18.34 16.94 15.59 14.44 13.47 12.53 11.59 10.66 9.72 8.62 8.19 8.19 8.19 8.19 8.19 8.19 8.16 8.06 7.72 7.22 6.84 6.75 6.75 6.81 6.97 7.25 7.62
33.28 33.28 33.25 33.25 33.31 33.41 33.44 33.34 33.09 32.78 32.47 32.12 31.75 31.38 30.88 30.31 29.69 29.16 28.72 28.66 28.66 28.34 27.31 24.66 23.34 22.00 20.66 19.41 18.22 17.16 16.12 15.22 14.06 13.34 12.94 12.75 12.78 13.88 14.94 15.81 16.56 17.22 17.66 18.03 18.25 18.34 18.25 18.00 17.53 17.56 17.78 18.00 18.09 18.06 17.88 17.38 16.47 15.47 14.50 13.56 12.75 11.91 11.06 10.12 8.97 8.25 8.22 8.19 8.19 8.19 8.19 8.19 8.12 7.69 7.09 6.78 6.69 6.66 6.69 6.75 6.94 7.31 7.81
33.03 33.03 33.03 33.06 33.12 33.41 33.47 33.47 33.31 32.97 32.62 32.28 31.88 31.47 30.94 30.31 29.47 28.97 29.00 28.66 28.66 27.97 26.25 24.16 22.75 21.50 20.22 19.00 17.84 16.78 15.78 14.81 13.91 12.97 12.69 12.38 12.28 12.72 13.94 14.75 15.47 16.03 16.47 16.81 17.00 17.06 17.00 16.81 16.59 16.44 16.53 16.59 16.59 16.44 16.12 15.62 14.97 14.25 13.53 12.78 12.09 11.31 10.50 9.22 8.44 8.28 8.22 8.22 8.19 8.19 8.19 8.09 7.56 6.97 6.75 6.66 6.59 6.56 6.62 6.72 6.97 7.38 8.00
32.78 32.75 32.75 32.75 32.78 33.38 33.47 33.50 33.41 33.19 32.84 32.47 32.06 31.59 31.03 30.41 29.38 29.03 28.91 28.66 28.53 27.06 24.91 22.81 21.88 20.84 19.66 18.50 17.41 16.34 15.34 14.38 13.53 12.72 12.34 12.06 11.91 12.12 13.03 13.97 14.56 15.06 15.44 15.72 15.91 15.97 15.91 15.78 15.59 15.44 15.38 15.41 15.34 15.16 14.81 14.34 13.78 13.25 12.69 12.09 11.47 10.78 9.53 8.69 8.44 8.34 8.28 8.22 8.19 8.19 8.00 7.44 6.88 6.72 6.59 6.53 6.50 6.50 6.56 6.72 7.00 7.47 8.16
32.47 32.47 32.44 32.41 32.47 33.25 33.47 33.47 33.44 33.25 32.97 32.62 32.22 31.75 31.19 30.53 29.50 28.88 28.16 28.22 27.69 25.25 22.12 20.81 20.44 19.97 18.94 17.91 16.91 15.91 14.88 13.94 13.19 12.69 12.28 11.66 11.59 11.72 12.44 13.44 13.91 14.22 14.56 14.81 14.94 15.00 14.97 14.84 14.69 14.53 14.41 14.38 14.28 14.06 13.75 13.31 12.84 12.38 11.94 11.47 10.91 9.78 8.94 8.72 8.56 8.44 8.31 8.25 8.19 7.91 7.31 6.84 6.69 6.56 6.47 6.41 6.41 6.44 6.53 6.72 7.06 7.56 8.31
32.16 32.12 32.12 32.09 32.16 33.25 33.44 33.47 33.44 33.28 33.03 32.72 32.38 31.91 31.31 30.66 29.06 27.53 24.72 21.50 20.31 19.88 19.59 19.28 18.94 18.56 18.00 17.25 16.41 15.47 14.44 13.47 12.91 12.69 12.25 11.59 11.25 11.38 11.97 12.88 13.25 13.50 13.78 14.00 14.12 14.16 14.12 14.03 13.88 13.72 13.56 13.47 13.34 13.12 12.81 12.47 12.03 11.66 11.31 10.91 9.97 9.16 8.94 8.81 8.69 8.56 8.44 8.22 7.72 7.16 6.84 6.72 6.56 6.44 6.34 6.31 6.31 6.38 6.53 6.75 7.09 7.62 8.19
31.84 31.84 31.81 31.78 31.78 33.00 33.25 33.34 33.38 33.25 33.00 32.81 32.56 32.12 31.47 30.03 25.16 22.00 21.31 20.56 19.69 19.03 18.50 18.03 17.56 17.19 16.91 16.41 15.84 15.12 14.12 13.12 12.66 12.47 11.91 11.31 10.78 11.12 11.56 12.25 12.62 12.84 13.12 13.31 13.41 13.44 13.41 13.28 13.12 12.97 12.81 12.69 12.53 12.31 12.03 11.69 11.31 11.00 10.72 9.94 9.28 9.16 9.03 8.94 8.81 8.69 8.56 8.19 7.34 6.94 6.78 6.66 6.50 6.38 6.28 6.22 6.25 6.34 6.53 6.78 7.19 7.62 8.16
31.56 31.59 31.59 31.56 31.53 31.56 32.44 32.78 33.03 32.78 32.78 32.75 32.66 32.34 30.84 27.91 22.38 20.22 19.94 19.41 18.78 18.19 17.50 16.88 16.44 16.19 15.91 15.53 15.06 14.50 13.75 12.81 12.34 12.03 11.38 11.00 10.69 11.06 11.56 11.97 12.09 12.31 12.53 12.69 12.78 12.81 12.75 12.62 12.47 12.31 12.16 12.00 11.84 11.59 11.34 11.03 10.69 10.44 9.84 9.25 9.12 9.16 9.16 9.06 8.94 8.81 8.72 8.38 7.72 7.22 6.91 6.75 6.56 6.38 6.25 6.19 6.19 6.31 6.53 6.84 7.25 7.69 8.12
31.41 31.44 31.47 31.47 31.47 31.38 30.91 30.31 31.88 32.72 32.72 32.69 32.66 32.34 30.38 24.00 20.59 19.44 18.78 18.34 17.84 17.28 16.59 16.00 15.62 15.31 15.03 14.72 14.31 13.81 13.25 12.59 12.06 11.59 11.00 10.69 10.31 10.97 11.25 11.69 11.62 11.81 12.03 12.16 12.25 12.25 12.19 12.06 11.91 11.72 11.56 11.41 11.19 10.97 10.69 10.41 10.16 9.75 9.12 9.00 9.09 9.12 9.16 9.16 9.00 8.84 8.75 8.53 8.22 7.84 7.34 7.03 6.75 6.47 6.25 6.12 6.16 6.28 6.53 6.88 7.31 7.72 8.19
30.66 30.97 31.19 31.22 31.25 31.28 30.47 26.66 27.91 32.03 31.97 32.09 32.06 31.69 29.22 20.91 19.28 18.34 17.78 17.28 16.81 16.28 15.62 15.16 14.81 14.53 14.25 13.97 13.62 13.22 12.72 12.25 11.78 11.22 10.59 10.38 10.06 10.59 11.09 11.16 11.34 11.41 11.59 11.72 11.78 11.78 11.69 11.56 11.41 11.22 11.03 10.84 10.62 10.38 10.12 9.88 9.62 9.09 8.84 8.91 9.00 9.06 9.12 9.09 8.84 8.78 8.84 8.84 8.66 8.44 8.22 7.62 7.12 6.66 6.28 6.12 6.12 6.25 6.53 6.91 7.31 7.78 8.34
26.78 29.38 29.59 29.53 29.56 29.78 29.50 25.62 25.06 24.66 25.34 26.84 28.72 15.94 15.94 17.72 17.66 17.19 16.75 16.31 15.81 15.28 14.78 14.41 14.09 13.81 13.56 13.28 12.97 12.62 12.22 11.81 11.34 10.84 10.25 9.91 9.66 10.09 10.53 10.81 11.06 11.00 11.19 11.31 11.38 11.34 11.28 11.12 10.97 10.78 10.56 10.34 10.09 9.84 9.62 9.41 9.00 8.72 8.78 8.81 8.88 8.97 9.00 8.78 8.59 8.69 8.78 8.97 9.03 8.97 8.66 8.34 7.84 7.09 6.34 6.16 6.22 6.25 6.59 7.03 7.53 8.03 8.53
24.69 24.94 24.62 22.91 22.12 22.09 23.12 22.59 22.31 21.50 21.47 20.88 19.84 15.94 15.94 15.97 16.22 16.03 15.78 15.38 14.94 14.38 14.06 13.78 13.50 13.22 12.91 12.66 12.38 12.06 11.75 11.34 10.88 10.38 9.84 9.56 9.44 9.75 10.00 10.38 10.53 10.59 10.81 10.94 10.97 10.94 10.88 10.75 10.59 10.41 10.19 9.94 9.69 9.44 9.22 8.94 8.66 8.62 8.69 8.75 8.81 8.84 8.69 8.47 8.50 8.59 8.69 8.81 9.00 9.00 8.78 8.44 8.09 7.41 6.62 6.34 6.41 6.47 6.88 7.31 7.75 8.28 8.88
22.56 22.38 21.94 21.31 20.62 19.91 20.38 20.25 19.91 19.59 19.16 18.47 17.38 16.25 15.56 15.16 14.94 14.78 14.72 14.56 14.28 13.78 13.47 13.22 12.94 12.69 12.38 12.09 11.84 11.59 11.31 10.91 10.44 9.94 9.44 9.25 9.16 9.38 9.47 9.72 9.97 10.22 10.41 10.53 10.59 10.56 10.50 10.38 10.25 10.06 9.84 9.62 9.34 9.12 8.91 8.59 8.50 8.53 8.59 8.66 8.72 8.62 8.38 8.38 8.41 8.47 8.59 8.69 8.78 8.88 8.75 8.50 8.22 7.56 6.69 6.53 6.59 6.59 7.03 7.50 7.78 8.50 9.22
20.97 20.72 20.34 19.84 19.28 18.69 18.75 18.62 18.34 17.97 17.50 16.47 15.75 15.16 14.72 14.47 14.31 14.16 14.03 13.84 13.59 13.28 12.97 12.72 12.44 12.19 11.91 11.62 11.38 11.19 10.91 10.56 10.12 9.62 9.06 8.78 8.91 8.94 9.09 9.38 9.66 9.88 10.03 10.16 10.22 10.22 10.16 10.06 9.91 9.75 9.56 9.34 9.12 8.91 8.59 8.38 8.41 8.47 8.53 8.56 8.56 8.31 8.25 8.25 8.31 8.38 8.47 8.53 8.59 8.62 8.59 8.47 8.31 7.88 7.09 6.88 6.88 6.81 7.25 7.81 8.19 8.81 9.41
19.41 19.12 18.81 18.41 17.94 17.44 17.34 17.16 16.88 16.50 16.00 15.22 14.62 14.25 13.97 13.81 13.72 13.59 13.47 13.31 13.09 12.84 12.56 12.28 12.00 11.72 11.44 11.22 11.03 10.84 10.59 10.28 9.88 9.38 8.84 8.53 8.53 8.81 9.03 9.25 9.44 9.62 9.75 9.84 9.88 9.88 9.81 9.75 9.62 9.47 9.31 9.12 8.94 8.69 8.34 8.28 8.34 8.38 8.44 8.47 8.28 8.12 8.12 8.19 8.22 8.31 8.38 8.41 8.44 8.44 8.41 8.38 8.34 8.22 7.75 7.62 7.62 7.66 7.91 8.38 8.81 9.25 9.59
17.94 17.69 17.38 17.06 16.66 16.25 15.81 15.62 15.38 14.94 14.53 14.12 13.62 13.38 13.25 13.16 13.09 13.00 12.91 12.81 12.66 12.44 12.28 12.03 11.69 11.34 11.06 10.88 10.72 10.53 10.31 10.03 9.69 9.19 8.50 7.75 7.75 8.19 8.81 9.12 9.31 9.44 9.50 9.56 9.62 9.59 9.53 9.47 9.34 9.22 9.09 8.94 8.75 8.41 8.19 8.22 8.25 8.31 8.34 8.28 8.06 8.03 8.06 8.09 8.16 8.22 8.28 8.31 8.34 8.34 8.31 8.31 8.34 8.31 8.19 8.19 8.28 8.38 8.56 8.84 9.19 9.44 9.66
16.59 16.34 16.09 15.81 15.50 15.12 14.78 14.59 14.34 14.03 13.62 13.19 12.78 12.62 12.56 12.53 12.47 12.44 12.38 12.31 12.16 12.00 11.97 11.88 11.56 11.16 10.81 10.59 10.41 10.25 10.09 9.84 9.59 9.19 8.47 7.75 7.75 8.12 8.69 8.97 9.19 9.34 9.38 9.34 9.38 9.38 9.28 9.19 9.09 9.00 8.88 8.72 8.50 8.19 8.12 8.16 8.19 8.22 8.22 8.06 7.97 7.97 8.00 8.06 8.09 8.16 8.22 8.25 8.25 8.25 8.28 8.31 8.34 8.34 8.28 8.28 8.38 8.47 8.62 8.88 9.22 9.44 9.66
15.09 14.84 14.59 14.38 14.19 14.03 13.88 13.69 13.47 13.19 12.84 12.50 12.16 11.94 11.91 11.91 11.88 11.88 11.81 11.78 11.62 11.53 11.53 11.62 11.44 11.00 10.56 10.28 10.16 10.00 9.91 9.69 9.56 9.25 8.47 7.75 7.75 7.91 8.53 8.88 9.06 9.22 9.25 9.16 9.16 9.12 9.06 8.94 8.84 8.75 8.66 8.53 8.22 8.03 8.06 8.09 8.12 8.16 8.06 7.94 7.91 7.91 7.97 8.00 8.06 8.12 8.16 8.19 8.22 8.22 8.25 8.28 8.34 8.34 8.25 8.25 8.31 8.34 8.47 8.75 9.06 9.31 9.53
14.22 14.00 13.78 13.56 13.41 13.22 13.06 12.88 12.66 12.41 12.16 11.91 11.62 11.38 11.31 11.38 11.38 11.31 11.25 11.22 11.12 11.12 11.16 11.19 11.00 10.62 10.19 9.94 9.88 9.78 9.72 9.53 9.41 9.12 8.62 7.88 7.75 7.81 8.47 8.72 8.91 9.00 9.06 9.00 8.97 8.91 8.84 8.72 8.62 8.53 8.44 8.28 8.00 7.97 8.00 8.03 8.06 8.06 7.94 7.88 7.88 7.91 7.94 8.00 8.03 8.06 8.09 8.12 8.16 8.19 8.22 8.25 8.28 8.28 8.22 8.22 8.19 8.19 8.41 8.66 8.91 9.19 9.41
13.38 13.16 12.97 12.78 12.59 12.44 12.25 12.06 11.91 11.75 11.62 11.44 11.22 11.00 10.81 10.84 10.97 10.91 10.75 10.62 10.62 10.72 10.78 10.66 10.44 10.16 9.88 9.69 9.62 9.62 9.59 9.47 9.25 8.97 8.62 8.00 7.41 7.50 8.41 8.59 8.72 8.81 8.88 8.81 8.75 8.69 8.59 8.47 8.41 8.31 8.25 8.00 7.91 7.94 7.97 7.97 8.00 7.94 7.84 7.84 7.84 7.88 7.91 7.94 8.00 8.03 8.06 8.06 8.09 8.12 8.16 8.19 8.19 8.19 8.19 8.22 8.25 8.28 8.41 8.66 8.91 9.12 9.41
12.53 12.34 12.16 12.00 11.81 11.69 11.53 11.41 11.34 11.31 11.22 11.06 10.88 10.62 10.44 10.34 10.44 10.44 10.22 10.06 10.09 10.22 10.25 10.12 9.84 9.62 9.44 9.34 9.31 9.34 9.38 9.41 9.06 8.84 8.53 8.00 7.44 7.34 8.12 8.44 8.56 8.66 8.62 8.59 8.53 8.47 8.38 8.25 8.19 8.12 8.00 7.84 7.84 7.88 7.91 7.94 7.91 7.81 7.78 7.78 7.78 7.81 7.81 7.84 7.88 7.91 7.94 7.97 8.00 8.00 8.00 8.00 8.00 8.03 8.09 8.19 8.28 8.41 8.56 8.72 8.91 9.09 9.38
11.69 11.53 11.38 11.22 11.09 11.03 10.94 10.94 10.94 10.94 10.84 10.72 10.53 10.31 10.06 9.88 9.88 9.88 9.72 9.56 9.62 9.53 9.25 9.03 8.88 8.84 8.81 8.78 8.78 8.81 8.81 8.84 8.81 8.66 8.44 8.22 7.59 6.97 8.03 8.31 8.44 8.50 8.44 8.41 8.34 8.25 8.16 8.06 8.00 7.94 7.78 7.75 7.78 7.81 7.84 7.88 7.78 7.69 7.66 7.66 7.66 7.69 7.69 7.72 7.72 7.75 7.78 7.81 7.84 7.84 7.84 7.81 7.78 7.81 7.88 8.03 8.22 8.44 8.59 8.69 8.84 9.03 9.25
10.94 10.78 10.69 10.62 10.62 10.62 10.62 10.66 10.66 10.62 10.53 10.41 10.25 10.00 9.69 9.47 9.44 9.47 9.31 8.97 8.72 8.56 8.50 8.56 8.69 8.72 8.75 8.72 8.72 8.69 8.69 8.62 8.53 8.47 8.38 8.25 8.12 7.81 8.19 8.25 8.38 8.38 8.31 8.25 8.19 8.06 8.00 7.91 7.88 7.75 7.66 7.69 7.72 7.75 7.78 7.75 7.59 7.56 7.53 7.53 7.50 7.50 7.47 7.47 7.50 7.56 7.62 7.72 7.75 7.75 7.72 7.66 7.59 7.56 7.66 7.81 8.03 8.25 8.44 8.59 8.75 8.91 9.09
10.47 10.38 10.31 10.34 10.41 10.44 10.44 10.44 10.44 10.38 10.25 10.09 9.91 9.62 9.31 9.03 8.94 8.75 8.34 8.09 8.12 8.28 8.44 8.56 8.66 8.72 8.75 8.72 8.72 8.69 8.66 8.56 8.47 8.41 8.31 8.25 8.16 8.09 8.03 8.00 8.03 8.03 8.06 8.09 8.06 7.97 7.88 7.81 7.69 7.59 7.59 7.62 7.66 7.69 7.69 7.56 7.44 7.38 7.34 7.31 7.28 7.25 7.22 7.22 7.28 7.44 7.56 7.62 7.69 7.69 7.62 7.56 7.47 7.41 7.41 7.53 7.72 7.91 8.12 8.34 8.53 8.75 8.94
10.22 10.22 10.25 10.25 10.28 10.31 10.34 10.31 10.28 10.16 9.97 9.72 9.44 9.16 8.84 8.41 7.97 7.75 7.72 7.88 8.03 8.22 8.38 8.53 8.62 8.69 8.75 8.72 8.72 8.69 8.62 8.53 8.47 8.38 8.31 8.22 8.16 8.06 8.00 8.00 8.00 7.97 7.94 7.91 7.91 7.84 7.78 7.69 7.59 7.56 7.56 7.59 7.62 7.66 7.56 7.31 7.25 7.19 7.12 7.09 7.03 7.00 7.00 7.09 7.25 7.41 7.50 7.56 7.56 7.56 7.53 7.44 7.34 7.28 7.22 7.28 7.41 7.59 7.78 7.97 8.22 8.47 8.75
10.12 10.16 10.19 10.22 10.22 10.22 10.22 10.16 10.03 9.84 9.56 9.25 8.91 8.44 7.81 7.38 7.31 7.47 7.62 7.81 7.97 8.12 8.28 8.50 8.59 8.72 8.75 8.75 8.75 8.72 8.66 8.56 8.44 8.38 8.28 8.19 8.12 8.06 8.00 8.00 7.97 7.94 7.91 7.88 7.81 7.78 7.72 7.66 7.59 7.59 7.56 7.56 7.59 7.53 7.28 7.09 7.03 6.94 6.88 6.81 6.81 6.88 6.97 7.12 7.34 7.50 7.56 7.53 7.47 7.38 7.34 7.31 7.19 7.09 7.03 7.03 7.09 7.28 7.47 7.66 7.88 8.12 8.41
10.03 10.06 10.09 10.12 10.12 10.09 10.03 9.88 9.66 9.38 9.03 8.59 7.81 7.16 6.91 7.00 7.19 7.38 7.53 7.72 7.88 8.06 8.31 8.56 8.75 8.78 8.78 8.78 8.81 8.81 8.81 8.75 8.66 8.53 8.31 8.16 8.09 8.03 8.00 7.97 7.97 7.94 7.91 7.88 7.81 7.78 7.72 7.66 7.62 7.59 7.59 7.56 7.53 7.31 7.00 6.88 6.78 6.69 6.59 6.59 6.72 6.81 6.94 7.16 7.38 7.50 7.56 7.47 7.28 7.12 7.06 7.06 6.97 6.88 6.78 6.75 6.81 6.94 7.06 7.12 7.28 7.50 7.88
9.88 9.88 9.91 9.91 9.88 9.75 9.62 9.41 9.12 8.75 7.94 7.09 6.62 6.62 6.75 6.91 7.09 7.25 7.44 7.62 7.97 8.38 8.69 8.81 8.78 8.75 8.75 8.72 8.75 8.78 8.81 8.81 8.78 8.69 8.44 8.12 7.91 7.84 7.91 7.97 7.94 7.91 7.88 7.84 7.81 7.78 7.72 7.69 7.66 7.62 7.59 7.50 7.28 6.97 6.81 6.66 6.53 6.41 6.34 6.44 6.59 6.72 6.88 7.12 7.34 7.44 7.44 7.28 7.06 6.88 6.72 6.72 6.69 6.59 6.50 6.41 6.28 6.28 6.41 6.59 6.84 7.25 7.69
9.53 9.53 9.53 9.03 8.50 8.22 8.25 8.41 7.94 7.06 6.44 6.28 6.41 6.56 6.69 6.81 6.97 7.16 7.47 8.03 8.62 8.88 8.88 8.78 8.69 8.62 8.59 8.59 8.62 8.69 8.72 8.72 8.69 8.56 8.38 8.03 7.75 6.66 7.69 8.09 7.91 7.91 7.88 7.84 7.81 7.78 7.72 7.69 7.66 7.62 7.50 7.22 6.94 6.75 6.59 6.44 6.25 6.12 6.12 6.28 6.41 6.56 6.72 6.94 7.09 7.19 7.19 7.00 6.75 6.53 6.38 6.31 6.31 6.19 5.84 5.62 5.69 5.88 6.16 6.47 6.78 7.16 7.62
8.94 8.59 7.91 7.25 6.91 6.75 6.72 6.53 6.22 6.03 6.09 6.22 6.34 6.47 6.59 6.75 6.94 7.47 8.16 8.72 8.91 8.91 8.81 8.66 8.50 8.41 8.38 8.38 8.44 8.53 8.56 8.56 8.53 8.41 8.16 7.88 7.47 6.59 7.72 7.75 7.88 7.88 7.84 7.81 7.81 7.75 7.72 7.69 7.59 7.44 7.25 7.03 6.78 6.56 6.38 6.19 6.00 5.84 5.94 6.06 6.19 6.34 6.44 6.53 6.66 6.75 6.78 6.66 6.41 6.16 5.94 5.84 5.53 5.09 5.00 5.22 5.50 5.78 6.06 6.34 6.69 7.09 7.56
7.97 7.56 7.28 6.81 6.41 6.16 6.00 5.94 5.94 6.00 6.06 6.12 6.28 6.41 6.56 7.00 7.66 8.31 8.62 8.81 8.88 8.84 8.69 8.47 8.25 8.09 8.03 8.03 8.16 8.28 8.34 8.38 8.31 8.19 7.88 7.47 6.94 6.47 7.34 7.75 7.97 7.97 7.81 7.69 7.72 7.69 7.66 7.53 7.38 7.22 7.09 6.97 6.72 6.44 6.16 5.97 5.75 5.59 5.69 5.78 5.91 6.06 6.03 6.06 6.16 6.22 6.25 6.25 5.97 5.69 5.19 4.53 4.28 4.38 4.72 5.03 5.34 5.66 5.94 6.25 6.53 7.00 7.47
7.12 6.75 6.41 6.12 6.00 6.00 5.97 5.97 5.94 5.97 6.03 6.09 6.19 6.62 7.34 8.03 8.44 8.59 8.69 8.78 8.78 8.72 8.53 8.28 8.00 7.78 7.69 7.69 7.84 8.00 8.06 8.09 8.03 7.94 7.59 7.22 6.56 6.66 7.31 7.78 8.06 8.12 7.94 7.72 7.62 7.56 7.50 7.38 7.25 7.12 6.97 6.81 6.59 6.38 6.06 5.75 5.53 5.34 5.41 5.50 5.59 5.72 5.62 5.56 5.59 5.62 5.62 5.66 5.34 4.50 3.78 3.69 3.91 4.22 4.53 4.84 5.19 5.50 5.84 6.09 6.31 6.69 7.03
6.44 6.25 6.12 6.06 6.00 6.00 5.97 5.97 5.94 5.94 6.00 6.34 7.03 7.88 8.41 8.50 8.56 8.62 8.66 8.66 8.62 8.53 8.34 8.06 7.78 7.53 7.38 7.41 7.53 7.66 7.75 7.78 7.72 7.56 7.25 6.91 6.00 6.72 6.34 7.88 8.19 8.22 8.09 7.81 7.56 7.47 7.38 7.25 7.12 7.00 6.88 6.66 6.44 6.25 6.03 5.62 5.34 5.09 5.12 5.19 5.22 5.28 5.25 5.09 4.97 4.94 4.88 4.56 3.69 3.12 3.22 3.50 3.75 4.03 4.34 4.69 5.00 5.28 5.44 5.66 5.91 6.22 6.59
6.34 6.25 6.16 6.09 6.03 6.00 6.00 5.97 5.97 6.25 6.81 7.56 8.16 8.34 8.44 8.50 8.56 8.56 8.53 8.50 8.44 8.31 8.12 7.88 7.59 7.34 7.19 7.19 7.28 7.38 7.44 7.44 7.38 7.16 6.91 6.69 5.97 6.28 6.28 7.91 8.19 8.22 8.06 7.72 7.44 7.41 7.28 7.12 6.97 6.84 6.72 6.50 6.28 6.09 5.88 5.56 5.28 4.94 4.72 4.69 4.72 4.81 4.81 4.38 3.91 3.91 3.69 3.03 2.75 2.88 3.06 3.31 3.59 3.84 4.16 4.44 4.62 4.78 5.00 5.34 5.66 6.03 6.38
6.38 6.28 6.19 6.12 6.03 6.00 6.03 6.22 6.69 7.22 7.69 7.91 8.09 8.22 8.31 8.34 8.38 8.38 8.34 8.28 8.22 8.09 7.94 7.69 7.44 7.22 7.09 7.06 7.09 7.12 7.16 7.09 7.00 6.75 6.50 6.06 5.44 6.28 6.25 7.69 8.03 8.00 7.72 7.44 7.28 7.28 7.19 7.03 6.84 6.66 6.50 6.34 6.12 5.94 5.72 5.44 5.19 4.88 4.59 4.31 4.12 4.03 3.91 3.50 3.22 2.97 2.66 2.50 2.59 2.75 2.91 3.16 3.44 3.66 3.81 3.97 4.16 4.44 4.78 5.09 5.44 5.81 6.16
6.41 6.31 6.22 6.12 6.03 6.09 6.31 6.62 6.94 7.22 7.47 7.66 7.81 7.94 8.03 8.06 8.09 8.09 8.09 8.03 7.97 7.88 7.75 7.56 7.34 7.19 7.06 7.03 7.00 6.97 6.94 6.84 6.69 6.44 6.22 5.38 5.88 6.09 5.94 7.41 7.62 7.56 7.31 7.19 7.16 7.16 7.09 6.94 6.75 6.53 6.31 6.09 5.94 5.81 5.59 5.31 5.06 4.78 4.47 4.19 3.91 3.62 3.31 3.03 2.72 2.44 2.34 2.44 2.50 2.62 2.78 3.00 3.16 3.28 3.38 3.62 3.91 4.22 4.56 4.88 5.22 5.59 5.94
6.41 6.25 6.00 5.75 5.72 5.88 6.16 6.34 6.59 6.84 7.09 7.28 7.44 7.56 7.66 7.72 7.75 7.78 7.78 7.75 7.72 7.66 7.59 7.44 7.31 7.19 7.06 7.00 6.94 6.88 6.78 6.62 6.41 6.22 5.91 5.38 5.88 6.41 6.88 7.12 7.25 7.19 7.09 7.09 7.06 7.06 7.03 6.88 6.66 6.44 6.19 5.94 5.72 5.62 5.44 5.22 4.97 4.69 4.38 4.09 3.81 3.50 3.22 2.97 2.69 2.47 2.38 2.34 2.44 2.53 2.66 2.75 2.84 2.94 3.16 3.41 3.69 4.03 4.34 4.69 5.00 5.34 5.72
