arlandasctiles/Tile8,0.asc
ncols 128
nrows 128
xllcorner 0
yllcorner 0
cellsize 2.0
NODATA_value  -9999
[rows 0 to 31 of 128, columns 0 to 70 of 128]
-72.66 -72.62 -72.59 -72.56 -72.56 -72.53 -72.53 -72.53 -72.50 -72.50 -72.50 -72.50 -72.53 -72.50 -72.56 -72.56 -72.59 -72.59 -72.59 -72.62 -72.66 -72.69 -72.69 -72.62 -72.81 -72.69 -72.66 -72.62 -72.66 -72.50 -72.62 -72.50 -72.38 -72.16 -72.09 -71.91 -71.81 -71.69 -71.50 -71.28 -71.12 -70.97 -70.81 -70.69 -70.56 -70.44 -70.34 -70.31 -70.12 -70.03 -70.00 -69.75 -69.62 -69.50 -69.38 -69.28 -69.19 -69.09 -69.03 -68.12 -68.56 -67.81 -68.22 -67.97 -67.66 -67.81 -67.91 -67.38 -67.81 -67.47 -67.25
-72.81 -72.94 -72.94 -72.91 -72.91 -72.88 -72.88 -72.88 -72.84 -72.84 -72.84 -72.84 -72.88 -72.88 -72.91 -72.91 -72.94 -72.94 -72.94 -72.97 -72.97 -73.03 -73.03 -73.12 -73.12 -73.00 -72.97 -72.97 -73.06 -72.81 -73.00 -72.84 -72.69 -72.59 -72.44 -72.31 -72.19 -72.03 -71.94 -71.72 -71.53 -71.41 -71.22 -71.09 -71.00 -70.91 -70.78 -70.75 -70.59 -70.47 -70.38 -70.19 -70.06 -69.94 -69.84 -69.75 -69.69 -69.59 -69.50 -69.19 -68.78 -68.69 -68.81 -68.41 -68.44 -68.34 -68.25 -68.12 -68.25 -67.91 -68.19
-73.16 -73.28 -73.12 -73.25 -73.25 -73.22 -73.22 -73.22 -73.19 -73.19 -73.19 -73.19 -73.19 -73.19 -73.22 -73.22 -73.25 -73.25 -73.28 -73.31 -73.31 -73.34 -73.38 -73.41 -73.41 -73.31 -73.31 -73.28 -73.38 -73.19 -73.31 -73.16 -73.03 -72.94 -72.78 -72.66 -72.62 -72.38 -72.25 -72.09 -71.97 -71.81 -71.59 -71.56 -71.44 -71.38 -71.25 -71.16 -71.03 -70.94 -70.84 -70.69 -70.56 -70.28 -70.31 -70.22 -70.16 -70.09 -70.00 -69.62 -69.41 -69.38 -69.38 -68.94 -69.09 -68.81 -68.69 -68.78 -68.44 -68.62 -68.59
-73.50 -73.47 -73.47 -73.59 -73.62 -73.56 -73.56 -73.56 -73.56 -73.53 -73.53 -73.53 -73.53 -73.53 -73.56 -73.56 -73.59 -73.59 -73.62 -73.62 -73.66 -73.69 -73.69 -73.72 -73.72 -73.81 -73.78 -73.62 -73.62 -73.53 -73.56 -73.47 -73.38 -73.25 -73.16 -73.03 -73.00 -72.78 -72.72 -72.50 -72.53 -72.19 -72.16 -72.03 -71.84 -71.75 -71.66 -71.56 -71.50 -71.41 -71.31 -71.19 -71.09 -70.75 -70.78 -70.72 -70.66 -70.59 -70.53 -69.97 -70.19 -69.81 -69.88 -69.41 -69.59 -69.28 -69.16 -69.28 -68.88 -69.09 -68.66
-73.81 -73.78 -73.81 -73.94 -73.97 -73.91 -73.91 -73.91 -73.91 -73.88 -73.88 -73.88 -73.88 -73.88 -73.91 -73.91 -73.91 -73.94 -73.94 -73.97 -73.97 -74.00 -74.00 -74.03 -74.03 -74.12 -74.09 -74.00 -74.12 -74.00 -73.88 -73.81 -73.72 -73.72 -73.53 -73.41 -73.28 -73.16 -73.09 -72.91 -72.84 -72.66 -72.59 -72.47 -72.28 -72.34 -72.09 -72.00 -71.97 -71.84 -71.75 -71.72 -71.56 -71.41 -71.38 -71.19 -71.16 -71.06 -71.06 -70.53 -70.81 -70.28 -70.41 -69.91 -70.12 -69.75 -69.62 -69.75 -69.28 -69.59 -69.22
-74.12 -74.31 -74.12 -74.28 -74.31 -74.25 -74.25 -74.25 -74.25 -74.22 -74.22 -74.22 -74.22 -74.22 -74.25 -74.25 -74.25 -74.25 -74.28 -74.28 -74.31 -74.31 -74.34 -74.38 -74.38 -74.44 -74.41 -74.34 -74.44 -74.34 -74.22 -74.19 -74.09 -74.03 -73.91 -73.78 -73.72 -73.59 -73.56 -73.31 -73.31 -73.06 -73.03 -72.88 -72.75 -72.91 -72.53 -72.44 -72.34 -72.28 -72.28 -72.06 -72.00 -71.88 -71.88 -71.62 -71.59 -71.50 -71.50 -71.34 -71.31 -70.69 -71.00 -70.53 -70.75 -70.19 -70.06 -70.31 -69.69 -70.19 -69.62
-74.62 -74.62 -74.44 -74.62 -74.62 -74.62 -74.62 -74.56 -74.59 -74.56 -74.59 -74.56 -74.56 -74.56 -74.56 -74.56 -74.56 -74.59 -74.59 -74.62 -74.62 -74.62 -74.66 -74.69 -74.69 -74.75 -74.72 -74.84 -74.78 -74.62 -74.56 -74.56 -74.59 -74.47 -74.28 -74.25 -74.06 -73.97 -73.84 -73.72 -73.72 -73.47 -73.47 -73.31 -73.16 -73.38 -72.94 -72.88 -72.81 -72.78 -72.59 -72.50 -72.44 -72.31 -72.31 -72.09 -72.09 -71.97 -71.91 -71.84 -71.66 -71.25 -71.53 -71.16 -71.28 -70.94 -70.50 -70.84 -70.59 -70.72 -70.00
-74.94 -74.94 -74.78 -74.75 -74.94 -74.97 -74.94 -74.94 -74.97 -74.91 -74.91 -74.91 -74.88 -74.88 -74.88 -74.88 -74.91 -74.91 -74.91 -74.94 -74.94 -74.97 -74.97 -75.00 -75.00 -75.06 -75.06 -75.12 -75.09 -75.00 -74.94 -74.97 -74.78 -74.81 -74.66 -74.66 -74.44 -74.41 -74.25 -74.12 -74.09 -73.88 -73.84 -73.88 -73.56 -73.78 -73.34 -73.47 -73.22 -73.09 -73.00 -72.94 -72.88 -72.78 -72.66 -72.53 -72.56 -72.44 -72.34 -72.28 -72.12 -71.84 -72.06 -71.78 -71.75 -71.41 -71.09 -71.28 -71.16 -71.09 -70.66
-75.25 -75.09 -75.09 -75.09 -75.28 -75.09 -75.09 -75.28 -75.28 -75.25 -75.22 -75.25 -75.19 -75.22 -75.22 -75.19 -75.22 -75.22 -75.22 -75.25 -75.25 -75.28 -75.31 -75.31 -75.34 -75.34 -75.38 -75.41 -75.41 -75.31 -75.28 -75.38 -75.16 -75.19 -75.06 -75.00 -74.84 -74.81 -74.69 -74.53 -74.53 -74.28 -74.22 -74.16 -73.97 -74.16 -73.81 -73.78 -73.59 -73.59 -73.44 -73.38 -73.31 -73.22 -73.22 -73.00 -72.94 -72.78 -72.78 -72.69 -72.56 -72.44 -72.50 -72.31 -72.19 -71.66 -71.56 -71.66 -71.56 -71.53 -70.91
-75.56 -75.41 -75.41 -75.41 -75.41 -75.44 -75.41 -75.59 -75.59 -75.56 -75.56 -75.41 -75.53 -75.56 -75.53 -75.53 -75.53 -75.53 -75.56 -75.56 -75.56 -75.59 -75.62 -75.62 -75.66 -75.69 -75.69 -75.72 -75.72 -75.69 -75.66 -75.75 -75.59 -75.53 -75.41 -75.38 -75.22 -75.22 -75.09 -74.91 -75.00 -74.69 -74.62 -74.56 -74.41 -74.44 -74.25 -74.28 -74.19 -74.09 -73.84 -73.81 -73.75 -73.66 -73.56 -73.41 -73.28 -73.38 -73.22 -73.19 -73.00 -73.00 -72.91 -72.66 -72.66 -72.22 -72.00 -72.06 -71.91 -71.91 -71.50
-75.88 -75.72 -75.72 -75.72 -75.72 -75.72 -75.72 -75.91 -75.72 -75.88 -75.84 -75.72 -75.84 -75.88 -75.84 -75.84 -75.84 -75.84 -75.88 -75.88 -75.91 -75.91 -75.94 -75.97 -75.97 -76.00 -76.00 -76.06 -76.06 -76.00 -76.00 -75.91 -76.03 -75.88 -75.91 -75.66 -75.66 -75.59 -75.50 -75.28 -75.44 -75.09 -75.06 -75.12 -74.81 -74.75 -74.72 -74.62 -74.62 -74.47 -74.25 -74.19 -74.22 -74.09 -74.00 -73.84 -73.72 -73.78 -73.62 -73.50 -73.41 -73.38 -73.28 -73.19 -73.12 -72.53 -72.72 -72.59 -71.88 -72.34 -72.25
-76.00 -76.03 -76.03 -76.03 -76.03 -76.03 -76.03 -76.22 -76.03 -76.19 -76.16 -76.22 -76.12 -76.16 -76.12 -76.16 -76.16 -76.16 -76.16 -76.19 -76.22 -76.22 -76.25 -76.28 -76.31 -76.31 -76.34 -76.34 -76.41 -76.34 -76.34 -76.31 -76.47 -76.16 -76.28 -76.22 -76.03 -76.00 -75.81 -75.69 -75.88 -75.50 -75.47 -75.50 -75.16 -75.22 -75.25 -74.97 -75.00 -74.81 -74.69 -74.72 -74.50 -74.47 -74.44 -74.34 -74.31 -74.22 -74.03 -73.91 -73.84 -73.84 -73.62 -73.56 -73.47 -73.34 -73.16 -72.84 -72.78 -72.69 -72.59
-76.31 -76.34 -76.31 -76.34 -76.31 -76.34 -76.31 -76.31 -76.34 -76.47 -76.44 -76.47 -76.44 -76.44 -76.44 -76.44 -76.44 -76.47 -76.47 -76.50 -76.53 -76.53 -76.56 -76.59 -76.62 -76.62 -76.69 -76.66 -76.81 -76.66 -76.66 -76.66 -76.84 -76.50 -76.66 -76.41 -76.34 -76.38 -76.16 -76.09 -76.31 -75.88 -75.94 -75.81 -75.69 -75.56 -75.62 -75.44 -75.44 -75.25 -75.19 -74.97 -75.09 -74.84 -74.91 -74.62 -74.66 -74.44 -74.41 -74.25 -74.22 -74.09 -74.00 -73.88 -73.81 -73.72 -73.56 -73.06 -73.16 -72.91 -73.00
-76.62 -76.66 -76.62 -76.66 -76.62 -76.62 -76.62 -76.81 -76.62 -76.78 -76.72 -76.75 -76.72 -76.75 -76.72 -76.75 -76.75 -76.75 -76.78 -76.81 -76.81 -76.84 -76.88 -76.91 -76.94 -76.97 -77.03 -77.00 -77.16 -77.16 -77.00 -76.94 -77.12 -77.03 -77.03 -76.75 -76.81 -76.78 -76.56 -76.44 -76.69 -76.25 -76.22 -76.12 -76.06 -76.12 -75.97 -75.72 -75.88 -75.53 -75.59 -75.53 -75.50 -75.31 -75.16 -75.03 -75.03 -75.00 -74.78 -74.78 -74.59 -74.47 -74.41 -74.22 -74.19 -74.09 -74.00 -73.38 -73.59 -73.47 -73.38
-76.91 -76.94 -76.91 -76.94 -76.94 -76.94 -76.94 -77.09 -76.94 -77.06 -77.03 -77.03 -77.03 -77.03 -77.03 -77.03 -77.06 -77.06 -77.09 -77.09 -77.12 -77.16 -77.19 -77.22 -77.25 -77.28 -77.34 -77.34 -77.44 -77.44 -77.34 -77.47 -77.38 -77.38 -77.34 -77.25 -77.09 -77.00 -76.88 -76.78 -77.00 -76.59 -76.66 -76.47 -76.47 -76.41 -76.22 -76.19 -76.22 -75.94 -75.88 -75.88 -75.75 -75.66 -75.53 -75.56 -75.44 -75.31 -75.16 -75.09 -75.00 -74.97 -74.78 -74.66 -74.56 -74.50 -74.41 -73.69 -74.03 -73.97 -73.50
-77.22 -77.22 -77.22 -77.22 -77.22 -77.22 -77.25 -77.38 -77.22 -77.34 -77.31 -77.34 -77.31 -77.34 -77.34 -77.34 -77.34 -77.38 -77.38 -77.41 -77.44 -77.47 -77.50 -77.50 -77.56 -77.59 -77.62 -77.66 -77.75 -77.72 -77.66 -77.75 -77.62 -77.69 -77.59 -77.56 -77.41 -77.41 -77.19 -77.16 -77.22 -76.94 -77.06 -76.81 -76.84 -76.72 -76.66 -76.50 -76.53 -76.28 -76.31 -76.16 -76.06 -76.06 -75.97 -75.88 -75.88 -75.62 -75.56 -75.47 -75.38 -75.28 -75.16 -75.06 -74.97 -74.88 -74.81 -74.16 -74.47 -74.44 -74.12
-77.50 -77.50 -77.50 -77.50 -77.50 -77.69 -77.53 -77.66 -77.72 -77.62 -77.62 -77.62 -77.62 -77.62 -77.62 -77.62 -77.66 -77.66 -77.69 -77.72 -77.72 -77.75 -77.78 -77.81 -77.84 -77.88 -77.94 -77.94 -78.03 -78.03 -77.97 -78.03 -77.94 -77.97 -77.88 -77.88 -77.78 -77.75 -77.50 -77.53 -77.62 -77.31 -77.41 -77.12 -77.06 -77.03 -76.94 -76.84 -76.75 -76.66 -76.59 -76.56 -76.56 -76.34 -76.34 -76.19 -76.06 -76.00 -76.03 -75.84 -75.75 -75.69 -75.56 -75.47 -75.38 -75.25 -75.25 -74.69 -74.91 -74.84 -74.72
-77.78 -77.78 -77.78 -77.78 -77.97 -77.94 -77.94 -77.94 -77.97 -77.94 -77.94 -77.94 -77.91 -77.94 -77.94 -77.94 -77.94 -77.97 -77.97 -78.00 -78.03 -78.06 -78.09 -78.12 -78.16 -78.19 -78.22 -78.25 -78.31 -78.31 -78.28 -78.38 -78.25 -78.22 -78.31 -78.25 -78.12 -78.22 -77.84 -77.94 -77.75 -77.66 -77.66 -77.44 -77.50 -77.34 -77.22 -77.34 -77.16 -77.16 -76.88 -76.94 -76.88 -76.69 -76.72 -76.53 -76.44 -76.44 -76.44 -76.31 -76.12 -75.97 -75.97 -75.88 -75.78 -75.66 -75.66 -75.25 -75.34 -75.25 -75.12
-78.06 -78.06 -78.06 -78.25 -78.25 -78.22 -78.22 -78.22 -78.22 -78.22 -78.22 -78.22 -78.25 -78.25 -78.22 -78.25 -78.25 -78.25 -78.28 -78.31 -78.31 -78.34 -78.38 -78.41 -78.44 -78.47 -78.53 -78.53 -78.59 -78.59 -78.56 -78.69 -78.62 -78.59 -78.56 -78.62 -78.44 -78.50 -78.19 -78.38 -78.00 -78.16 -78.12 -77.75 -77.88 -77.75 -77.53 -77.66 -77.44 -77.38 -77.34 -77.31 -77.22 -77.03 -77.09 -76.91 -76.84 -76.78 -76.59 -76.53 -76.47 -76.41 -76.34 -76.25 -76.16 -76.00 -76.03 -75.84 -75.75 -75.62 -75.50
-78.34 -78.34 -78.38 -78.53 -78.38 -78.50 -78.53 -78.50 -78.50 -78.50 -78.50 -78.50 -78.53 -78.53 -78.53 -78.53 -78.53 -78.56 -78.56 -78.59 -78.59 -78.66 -78.66 -78.72 -78.75 -78.75 -78.84 -78.81 -78.88 -78.88 -79.00 -78.97 -78.97 -78.88 -78.91 -79.06 -78.72 -78.81 -78.53 -78.69 -78.31 -78.47 -78.34 -78.09 -78.25 -78.06 -78.00 -77.97 -77.75 -77.84 -77.69 -77.69 -77.56 -77.38 -77.47 -77.25 -77.16 -77.06 -77.12 -76.97 -76.84 -76.84 -76.72 -76.66 -76.53 -76.41 -76.41 -76.22 -76.09 -75.97 -75.84
-78.59 -78.59 -78.66 -78.62 -78.66 -78.81 -78.81 -78.78 -78.78 -78.78 -78.81 -78.78 -78.81 -78.81 -78.84 -78.84 -78.84 -78.88 -78.88 -78.91 -78.91 -78.97 -78.97 -79.03 -79.03 -79.06 -79.12 -79.09 -79.16 -79.16 -79.22 -79.22 -79.28 -79.28 -79.22 -79.38 -79.03 -79.16 -78.88 -78.97 -78.62 -78.84 -78.59 -78.41 -78.59 -78.38 -78.34 -78.25 -78.16 -78.19 -78.00 -78.03 -77.88 -77.72 -77.78 -77.62 -77.66 -77.50 -77.44 -77.44 -77.31 -77.22 -77.12 -76.91 -76.81 -76.81 -76.78 -76.59 -76.47 -76.28 -76.22
-78.84 -79.03 -78.88 -79.09 -78.91 -79.12 -79.12 -79.06 -79.09 -79.06 -79.09 -79.09 -79.09 -79.09 -79.12 -79.16 -79.12 -79.19 -79.16 -79.22 -79.19 -79.25 -79.25 -79.31 -79.31 -79.34 -79.38 -79.38 -79.44 -79.44 -79.50 -79.47 -79.47 -79.50 -79.56 -79.56 -79.34 -79.47 -79.19 -79.19 -79.00 -79.22 -78.91 -78.72 -78.91 -78.59 -78.62 -78.72 -78.53 -78.47 -78.34 -78.34 -78.19 -78.16 -78.09 -78.00 -78.00 -78.03 -77.78 -77.84 -77.66 -77.53 -77.50 -77.28 -77.16 -77.19 -77.12 -76.91 -76.78 -76.75 -76.53
-79.28 -79.28 -79.31 -79.34 -79.38 -79.41 -79.41 -79.34 -79.41 -79.34 -79.38 -79.38 -79.38 -79.41 -79.41 -79.44 -79.44 -79.47 -79.47 -79.50 -79.50 -79.53 -79.53 -79.59 -79.59 -79.59 -79.66 -79.66 -79.72 -79.72 -79.78 -79.75 -79.91 -79.91 -79.88 -79.78 -79.69 -79.81 -79.25 -79.38 -79.31 -79.50 -79.22 -79.09 -79.22 -78.91 -79.09 -78.97 -78.91 -78.78 -78.59 -78.69 -78.50 -78.50 -78.44 -78.44 -78.16 -78.38 -78.16 -78.19 -78.00 -77.84 -77.84 -77.62 -77.53 -77.56 -77.44 -77.22 -77.09 -76.97 -76.84
-79.50 -79.53 -79.56 -79.59 -79.62 -79.66 -79.69 -79.50 -79.50 -79.62 -79.69 -79.66 -79.69 -79.69 -79.69 -79.69 -79.72 -79.72 -79.75 -79.78 -79.78 -79.81 -79.81 -79.84 -79.84 -79.88 -79.91 -79.91 -79.97 -80.00 -80.03 -80.03 -80.09 -80.09 -80.12 -80.16 -80.03 -80.03 -79.81 -79.59 -79.84 -79.62 -79.66 -79.38 -79.53 -79.22 -79.41 -79.28 -79.31 -79.09 -78.91 -79.06 -78.88 -78.78 -78.72 -78.75 -78.53 -78.59 -78.31 -78.50 -78.25 -78.19 -77.97 -77.97 -77.78 -77.69 -77.56 -77.50 -77.41 -77.25 -77.12
-79.75 -79.78 -79.81 -79.84 -79.88 -79.91 -79.94 -79.75 -79.78 -79.97 -79.97 -79.94 -79.97 -79.94 -79.97 -79.97 -79.97 -80.00 -80.00 -80.03 -80.03 -80.03 -80.06 -80.06 -80.09 -80.12 -80.16 -80.19 -80.22 -80.25 -80.28 -80.31 -80.31 -80.28 -80.28 -80.31 -80.25 -80.25 -80.16 -80.00 -80.16 -79.94 -80.06 -79.72 -79.84 -79.50 -79.66 -79.59 -79.47 -79.50 -79.34 -79.50 -79.22 -79.09 -79.03 -79.06 -78.94 -78.84 -78.66 -78.78 -78.66 -78.47 -78.28 -78.31 -78.12 -78.00 -77.91 -77.81 -77.72 -77.53 -77.50
-80.00 -80.03 -80.06 -80.09 -80.12 -80.16 -80.19 -80.00 -80.03 -80.03 -80.06 -80.22 -80.25 -80.22 -80.25 -80.25 -80.25 -80.25 -80.25 -80.28 -80.28 -80.28 -80.31 -80.31 -80.34 -80.38 -80.41 -80.44 -80.47 -80.47 -80.53 -80.56 -80.59 -80.59 -80.59 -80.66 -80.66 -80.47 -80.53 -80.25 -80.47 -80.22 -80.31 -79.97 -80.03 -79.84 -80.09 -79.94 -79.75 -79.88 -79.66 -79.81 -79.53 -79.41 -79.31 -79.34 -79.22 -79.12 -78.94 -79.03 -78.88 -78.75 -78.59 -78.62 -78.44 -78.28 -78.22 -78.12 -78.00 -77.88 -77.81
-80.25 -80.28 -80.31 -80.34 -80.38 -80.41 -80.44 -80.47 -80.28 -80.28 -80.31 -80.50 -80.50 -80.47 -80.50 -80.50 -80.50 -80.50 -80.50 -80.53 -80.53 -80.53 -80.56 -80.56 -80.59 -80.62 -80.66 -80.66 -80.72 -80.72 -80.78 -80.81 -80.84 -80.81 -80.94 -80.88 -80.94 -80.84 -80.69 -80.47 -80.78 -80.47 -80.56 -80.44 -80.16 -80.31 -80.16 -80.25 -80.19 -80.22 -79.94 -80.06 -79.81 -79.88 -79.66 -79.66 -79.69 -79.38 -79.44 -79.28 -79.19 -79.00 -78.88 -78.81 -78.69 -78.56 -78.50 -78.34 -78.41 -78.25 -78.16
-80.50 -80.53 -80.56 -80.59 -80.62 -80.66 -80.66 -80.69 -80.53 -80.53 -80.56 -80.56 -80.75 -80.75 -80.75 -80.75 -80.75 -80.75 -80.75 -80.78 -80.78 -80.78 -80.81 -80.81 -80.84 -80.84 -80.88 -80.91 -80.94 -80.97 -81.03 -81.06 -81.09 -81.22 -81.16 -81.28 -81.16 -81.06 -80.88 -80.84 -81.03 -80.72 -80.75 -80.75 -80.38 -80.78 -80.34 -80.56 -80.31 -80.47 -80.22 -80.28 -79.97 -80.00 -80.06 -79.88 -80.00 -79.66 -79.72 -79.50 -79.50 -79.25 -79.19 -79.06 -79.12 -78.84 -78.75 -78.62 -78.50 -78.56 -78.44
-80.75 -80.78 -80.81 -80.84 -80.84 -80.88 -80.91 -80.94 -80.75 -80.78 -80.78 -80.81 -81.00 -81.03 -81.00 -81.00 -81.00 -81.00 -81.00 -81.03 -81.03 -81.03 -81.06 -81.06 -81.06 -81.09 -81.12 -81.16 -81.19 -81.19 -81.25 -81.28 -81.31 -81.38 -81.38 -81.50 -81.44 -81.34 -81.09 -81.19 -81.28 -81.00 -81.00 -80.94 -80.75 -81.00 -80.66 -80.88 -80.62 -80.66 -80.47 -80.50 -80.28 -80.41 -80.34 -80.09 -80.16 -79.94 -79.84 -79.81 -79.78 -79.56 -79.47 -79.31 -79.38 -79.12 -79.00 -79.09 -78.97 -78.66 -78.56
-80.97 -81.03 -81.03 -81.06 -80.91 -81.12 -80.97 -80.97 -81.00 -81.00 -81.03 -81.03 -81.03 -81.06 -81.25 -81.09 -81.25 -81.28 -81.25 -81.28 -81.28 -81.28 -81.28 -81.31 -81.31 -81.34 -81.34 -81.38 -81.41 -81.44 -81.47 -81.50 -81.53 -81.59 -81.62 -81.53 -81.66 -81.59 -81.38 -81.47 -81.53 -81.28 -81.34 -81.06 -81.12 -81.12 -81.03 -81.09 -80.91 -80.94 -80.81 -80.84 -80.53 -80.59 -80.47 -80.38 -80.34 -80.38 -80.09 -80.06 -80.03 -79.81 -79.69 -79.59 -79.59 -79.44 -79.28 -79.16 -79.03 -79.12 -79.00
-81.19 -81.03 -81.06 -81.09 -81.12 -81.16 -81.19 -81.19 -81.22 -81.22 -81.25 -81.28 -81.28 -81.31 -81.31 -81.31 -81.50 -81.53 -81.50 -81.53 -81.50 -81.53 -81.53 -81.53 -81.56 -81.56 -81.59 -81.59 -81.62 -81.66 -81.69 -81.69 -81.78 -81.75 -81.88 -81.88 -81.84 -81.88 -81.62 -81.62 -81.69 -81.50 -81.62 -81.25 -81.38 -81.28 -81.16 -81.31 -81.12 -81.09 -81.12 -80.94 -80.81 -80.81 -80.72 -80.62 -80.53 -80.62 -80.53 -80.31 -80.22 -80.09 -79.97 -79.88 -79.72 -79.66 -79.53 -79.53 -79.28 -79.34 -79.19
-81.22 -81.25 -81.28 -81.31 -81.34 -81.38 -81.41 -81.41 -81.44 -81.44 -81.50 -81.50 -81.50 -81.53 -81.53 -81.53 -81.53 -81.56 -81.75 -81.75 -81.75 -81.75 -81.75 -81.78 -81.78 -81.81 -81.81 -81.84 -81.84 -81.88 -81.91 -81.94 -82.03 -81.97 -82.09 -82.06 -82.06 -82.06 -81.91 -81.81 -81.84 -81.81 -81.78 -81.53 -81.62 -81.50 -81.41 -81.59 -81.38 -81.34 -81.41 -81.12 -81.09 -81.03 -81.00 -81.00 -80.91 -80.69 -80.66 -80.50 -80.50 -80.34 -80.22 -80.12 -79.97 -79.88 -79.78 -79.66 -79.75 -79.53 -79.31
