arlandasctiles/Tile5,3.asc
ncols 128
nrows 128
xllcorner 0
yllcorner 0
cellsize 2.0
NODATA_value  -9999
[rows 0 to 32 of 128, columns 0 to 74 of 128]
-12.88 -12.88 -12.66 -12.44 -12.16 -11.91 -11.53 -11.09 -10.56 -10.09 -9.59 -9.09 -8.50 -7.84 -7.09 -6.41 -5.72 -5.09 -4.50 -3.94 -3.41 -2.91 -2.44 -2.09 -1.78 -1.53 -1.28 -1.06 -0.84 -0.66 -0.47 -0.28 -0.12 0.00 0.09 0.19 0.28 0.34 0.41 0.47 0.53 0.56 0.62 0.69 0.72 0.75 0.81 0.84 0.88 0.91 0.94 1.00 1.03 1.06 1.09 1.12 1.19 1.31 1.50 1.72 1.97 2.28 2.59 2.91 3.25 3.59 3.94 4.28 4.56 4.84 5.06 5.19 5.22 5.25 5.25
-13.12 -12.97 -12.78 -12.75 -12.50 -12.22 -11.97 -11.62 -11.19 -10.78 -10.31 -9.75 -9.09 -8.38 -7.69 -7.00 -6.38 -5.75 -5.19 -4.62 -4.09 -3.56 -3.06 -2.59 -2.22 -1.91 -1.66 -1.41 -1.16 -0.94 -0.69 -0.50 -0.34 -0.19 -0.06 0.06 0.16 0.25 0.31 0.38 0.44 0.50 0.56 0.59 0.66 0.69 0.75 0.78 0.81 0.88 0.91 0.94 0.97 1.00 1.03 1.06 1.09 1.19 1.41 1.62 1.91 2.22 2.53 2.91 3.28 3.62 4.00 4.31 4.66 4.91 5.09 5.16 5.19 5.19 5.19
-13.38 -13.22 -13.03 -12.81 -12.81 -12.56 -12.31 -12.03 -11.69 -11.31 -10.88 -10.28 -9.59 -8.91 -8.25 -7.62 -7.03 -6.44 -5.88 -5.31 -4.78 -4.25 -3.72 -3.22 -2.75 -2.38 -2.09 -1.78 -1.50 -1.19 -0.97 -0.75 -0.56 -0.41 -0.25 -0.09 0.03 0.12 0.22 0.28 0.34 0.41 0.47 0.53 0.59 0.62 0.69 0.72 0.78 0.81 0.84 0.91 0.94 0.97 1.00 1.03 1.06 1.12 1.28 1.53 1.81 2.12 2.50 2.91 3.25 3.62 4.00 4.31 4.62 4.88 5.00 5.06 5.09 5.09 5.12
-13.62 -13.44 -13.28 -13.06 -12.88 -12.66 -12.62 -12.34 -12.06 -11.72 -11.38 -10.75 -10.12 -9.47 -8.84 -8.25 -7.69 -7.09 -6.56 -6.00 -5.47 -4.91 -4.38 -3.88 -3.41 -3.00 -2.56 -2.22 -1.78 -1.50 -1.25 -1.03 -0.81 -0.62 -0.44 -0.25 -0.09 0.03 0.12 0.19 0.28 0.34 0.41 0.47 0.50 0.56 0.62 0.69 0.72 0.78 0.81 0.84 0.91 0.94 0.97 1.00 1.00 1.03 1.19 1.41 1.72 2.03 2.44 2.84 3.22 3.59 3.94 4.28 4.56 4.78 4.91 4.94 4.97 5.00 5.06
-13.84 -13.69 -13.50 -13.31 -13.12 -12.94 -12.72 -12.69 -12.41 -12.16 -11.88 -11.25 -10.66 -10.03 -9.47 -8.91 -8.34 -7.78 -7.25 -6.69 -6.12 -5.59 -5.06 -4.56 -4.16 -3.66 -3.12 -2.50 -2.16 -1.88 -1.59 -1.34 -1.09 -0.88 -0.69 -0.47 -0.28 -0.12 0.00 0.09 0.19 0.25 0.31 0.38 0.44 0.50 0.56 0.62 0.69 0.72 0.78 0.81 0.88 0.91 0.94 0.97 1.00 1.00 1.06 1.31 1.59 1.97 2.38 2.75 3.16 3.53 3.88 4.22 4.47 4.66 4.78 4.81 4.88 4.91 4.97
-14.06 -13.91 -13.75 -13.56 -13.38 -13.19 -12.97 -12.78 -12.75 -12.50 -12.28 -11.75 -11.16 -10.62 -10.09 -9.53 -9.00 -8.47 -7.91 -7.34 -6.78 -6.25 -5.75 -5.34 -4.81 -4.25 -3.50 -3.03 -2.62 -2.28 -1.97 -1.69 -1.41 -1.16 -0.91 -0.69 -0.50 -0.28 -0.12 0.00 0.09 0.16 0.25 0.31 0.38 0.44 0.50 0.56 0.62 0.69 0.75 0.78 0.84 0.88 0.91 0.97 1.00 1.03 1.03 1.19 1.47 1.84 2.25 2.69 3.09 3.47 3.81 4.12 4.34 4.53 4.62 4.69 4.75 4.81 4.88
-14.28 -14.12 -13.97 -13.78 -13.62 -13.44 -13.25 -13.06 -12.88 -12.84 -12.62 -12.22 -11.75 -11.22 -10.69 -10.16 -9.66 -9.12 -8.56 -8.00 -7.44 -6.94 -6.53 -6.00 -5.41 -4.59 -4.06 -3.59 -3.16 -2.75 -2.38 -2.06 -1.75 -1.47 -1.19 -0.94 -0.72 -0.50 -0.28 -0.12 -0.03 0.06 0.16 0.22 0.31 0.38 0.44 0.50 0.59 0.66 0.69 0.75 0.81 0.88 0.91 0.97 1.00 1.06 1.12 1.19 1.38 1.72 2.12 2.56 3.00 3.34 3.69 3.97 4.22 4.41 4.50 4.59 4.66 4.72 4.78
-14.50 -14.34 -14.19 -14.00 -13.84 -13.66 -13.47 -13.31 -13.12 -12.94 -12.94 -12.69 -12.28 -11.81 -11.31 -10.78 -10.28 -9.75 -9.19 -8.66 -8.19 -7.72 -7.19 -6.62 -5.69 -5.16 -4.66 -4.19 -3.72 -3.31 -2.91 -2.50 -2.12 -1.81 -1.53 -1.22 -0.97 -0.72 -0.50 -0.28 -0.16 -0.03 0.06 0.16 0.22 0.31 0.38 0.47 0.53 0.59 0.66 0.72 0.78 0.84 0.91 0.97 1.03 1.06 1.16 1.25 1.34 1.59 2.00 2.44 2.88 3.25 3.56 3.81 4.06 4.28 4.38 4.47 4.53 4.62 4.69
-14.72 -14.56 -14.41 -14.22 -14.06 -13.88 -13.72 -13.53 -13.34 -13.19 -13.22 -12.97 -12.69 -12.34 -11.84 -11.34 -10.84 -10.34 -9.88 -9.44 -8.88 -8.31 -7.78 -7.00 -6.22 -5.72 -5.22 -4.75 -4.31 -3.91 -3.47 -3.03 -2.66 -2.28 -1.91 -1.56 -1.25 -0.97 -0.72 -0.50 -0.28 -0.16 -0.03 0.06 0.16 0.25 0.31 0.41 0.47 0.56 0.62 0.69 0.75 0.81 0.91 0.97 1.03 1.09 1.16 1.25 1.38 1.53 1.84 2.25 2.72 3.16 3.47 3.75 3.97 4.19 4.31 4.38 4.44 4.50 4.59
-14.88 -14.75 -14.59 -14.44 -14.25 -14.09 -13.91 -13.75 -13.56 -13.38 -13.19 -13.16 -12.91 -12.56 -12.28 -11.88 -11.44 -10.94 -10.41 -9.88 -9.34 -8.81 -8.25 -7.28 -6.78 -6.28 -5.81 -5.34 -4.91 -4.47 -4.03 -3.59 -3.22 -2.78 -2.34 -1.94 -1.56 -1.28 -1.00 -0.72 -0.50 -0.28 -0.16 -0.03 0.06 0.16 0.25 0.34 0.41 0.50 0.56 0.66 0.72 0.78 0.88 0.94 1.03 1.09 1.19 1.28 1.41 1.53 1.72 2.09 2.50 2.97 3.31 3.66 3.91 4.16 4.31 4.34 4.38 4.44 4.50
-15.06 -14.91 -14.75 -14.62 -14.44 -14.31 -14.12 -13.97 -13.75 -13.56 -13.34 -13.12 -13.06 -12.78 -12.44 -12.09 -11.72 -11.28 -10.81 -10.31 -9.81 -9.12 -8.34 -7.81 -7.34 -6.84 -6.41 -5.94 -5.50 -5.03 -4.62 -4.22 -3.78 -3.28 -2.81 -2.41 -2.03 -1.66 -1.31 -1.00 -0.72 -0.50 -0.31 -0.16 -0.03 0.09 0.19 0.28 0.34 0.44 0.50 0.56 0.66 0.72 0.81 0.91 1.00 1.09 1.19 1.28 1.41 1.53 1.69 1.91 2.28 2.72 3.12 3.50 3.88 4.16 4.34 4.38 4.34 4.34 4.44
-15.25 -15.09 -14.94 -14.78 -14.62 -14.47 -14.31 -14.12 -13.94 -13.72 -13.50 -13.25 -13.00 -12.94 -12.59 -12.28 -11.97 -11.59 -11.19 -10.72 -10.03 -9.34 -8.84 -8.38 -7.91 -7.44 -7.00 -6.53 -6.06 -5.62 -5.22 -4.78 -4.28 -3.75 -3.31 -2.91 -2.53 -2.12 -1.69 -1.34 -1.03 -0.75 -0.50 -0.31 -0.16 0.00 0.09 0.19 0.25 0.34 0.41 0.47 0.56 0.66 0.75 0.84 0.94 1.03 1.16 1.28 1.38 1.50 1.66 1.81 2.06 2.47 2.91 3.28 3.72 4.16 4.34 4.44 4.38 4.31 4.34
-15.38 -15.25 -15.12 -14.97 -14.81 -14.66 -14.50 -14.31 -14.12 -13.91 -13.66 -13.44 -13.19 -12.94 -12.84 -12.50 -12.19 -11.91 -11.56 -10.91 -10.28 -9.78 -9.34 -8.91 -8.47 -8.03 -7.56 -7.12 -6.69 -6.25 -5.81 -5.28 -4.75 -4.28 -3.88 -3.50 -3.06 -2.59 -2.16 -1.78 -1.38 -1.03 -0.75 -0.50 -0.31 -0.16 -0.03 0.06 0.12 0.22 0.28 0.38 0.47 0.56 0.66 0.78 0.88 1.00 1.12 1.22 1.38 1.50 1.62 1.78 1.94 2.22 2.62 3.03 3.47 3.94 4.31 4.47 4.50 4.38 4.34
-15.53 -15.38 -15.25 -15.12 -14.97 -14.81 -14.66 -14.47 -14.28 -14.06 -13.81 -13.59 -13.34 -13.12 -12.88 -12.75 -12.47 -12.19 -11.78 -11.16 -10.66 -10.22 -9.84 -9.44 -9.03 -8.59 -8.16 -7.72 -7.28 -6.81 -6.28 -5.75 -5.28 -4.84 -4.47 -4.00 -3.50 -3.06 -2.66 -2.22 -1.81 -1.41 -1.03 -0.75 -0.50 -0.34 -0.22 -0.09 -0.03 0.06 0.16 0.25 0.34 0.47 0.56 0.69 0.81 0.94 1.06 1.19 1.31 1.47 1.59 1.75 1.91 2.06 2.34 2.72 3.16 3.62 4.12 4.44 4.62 4.56 4.47
-15.62 -15.50 -15.38 -15.25 -15.09 -14.94 -14.78 -14.62 -14.41 -14.19 -13.97 -13.75 -13.53 -13.28 -13.06 -13.00 -12.72 -12.44 -11.97 -11.53 -11.09 -10.72 -10.34 -9.94 -9.53 -9.12 -8.72 -8.25 -7.78 -7.31 -6.78 -6.28 -5.84 -5.44 -4.97 -4.47 -4.00 -3.56 -3.12 -2.69 -2.22 -1.81 -1.44 -1.06 -0.75 -0.56 -0.44 -0.31 -0.22 -0.09 0.03 0.12 0.25 0.34 0.47 0.59 0.72 0.88 1.00 1.12 1.28 1.41 1.56 1.72 1.88 2.03 2.22 2.44 2.81 3.25 3.81 4.31 4.62 4.69 4.59
-15.75 -15.62 -15.50 -15.38 -15.22 -15.06 -14.91 -14.72 -14.53 -14.34 -14.12 -13.91 -13.69 -13.47 -13.25 -13.00 -12.94 -12.62 -12.28 -11.94 -11.62 -11.28 -10.88 -10.44 -10.00 -9.53 -9.09 -8.66 -8.22 -7.78 -7.28 -6.84 -6.44 -5.97 -5.44 -4.94 -4.50 -4.06 -3.59 -3.09 -2.66 -2.25 -1.84 -1.44 -1.06 -0.84 -0.69 -0.56 -0.44 -0.28 -0.16 0.00 0.12 0.25 0.38 0.50 0.66 0.78 0.94 1.06 1.22 1.34 1.50 1.66 1.81 1.97 2.16 2.38 2.59 2.91 3.41 4.00 4.53 4.59 4.56
-15.84 -15.72 -15.59 -15.47 -15.31 -15.16 -15.00 -14.84 -14.66 -14.47 -14.25 -14.06 -13.84 -13.62 -13.41 -13.19 -13.16 -12.84 -12.56 -12.25 -11.91 -11.53 -11.12 -10.69 -10.28 -9.84 -9.44 -9.03 -8.62 -8.22 -7.78 -7.34 -6.88 -6.44 -5.91 -5.44 -5.00 -4.50 -4.00 -3.53 -3.09 -2.66 -2.25 -1.88 -1.50 -1.16 -0.97 -0.81 -0.66 -0.50 -0.34 -0.19 -0.03 0.12 0.25 0.41 0.56 0.72 0.84 1.00 1.16 1.28 1.44 1.59 1.75 1.91 2.09 2.28 2.47 2.69 3.06 3.62 4.22 4.47 4.50
-15.94 -15.81 -15.69 -15.56 -15.41 -15.25 -15.12 -14.94 -14.78 -14.59 -14.41 -14.19 -13.97 -13.78 -13.56 -13.31 -13.09 -12.84 -12.72 -12.41 -12.06 -11.72 -11.38 -10.97 -10.56 -10.16 -9.78 -9.38 -8.97 -8.56 -8.16 -7.75 -7.31 -6.88 -6.41 -5.94 -5.44 -4.91 -4.44 -3.97 -3.53 -3.09 -2.69 -2.31 -1.94 -1.56 -1.28 -1.09 -0.91 -0.72 -0.56 -0.38 -0.19 0.00 0.16 0.31 0.47 0.62 0.78 0.94 1.06 1.22 1.38 1.53 1.69 1.84 2.00 2.16 2.34 2.56 2.81 3.22 3.81 4.25 4.41
-16.03 -15.91 -15.78 -15.66 -15.50 -15.34 -15.22 -15.06 -14.88 -14.72 -14.53 -14.31 -14.12 -13.91 -13.69 -13.44 -13.22 -12.94 -12.69 -12.56 -12.22 -11.91 -11.56 -11.22 -10.84 -10.47 -10.09 -9.69 -9.31 -8.91 -8.53 -8.12 -7.72 -7.31 -6.88 -6.34 -5.81 -5.31 -4.84 -4.41 -3.97 -3.56 -3.16 -2.75 -2.34 -1.97 -1.66 -1.41 -1.19 -0.97 -0.78 -0.59 -0.38 -0.19 0.03 0.19 0.38 0.53 0.69 0.84 1.00 1.16 1.31 1.47 1.62 1.75 1.91 2.06 2.25 2.44 2.62 2.94 3.41 3.97 4.25
-16.31 -15.97 -15.84 -15.72 -15.59 -15.44 -15.28 -15.16 -14.97 -14.81 -14.62 -14.44 -14.22 -14.03 -13.78 -13.56 -13.31 -13.06 -12.81 -12.53 -12.41 -12.09 -11.78 -11.47 -11.12 -10.75 -10.38 -10.00 -9.62 -9.25 -8.88 -8.50 -8.12 -7.75 -7.28 -6.75 -6.22 -5.75 -5.31 -4.88 -4.44 -4.00 -3.59 -3.19 -2.81 -2.44 -2.06 -1.72 -1.44 -1.25 -1.03 -0.78 -0.56 -0.34 -0.12 0.06 0.25 0.44 0.59 0.75 0.91 1.06 1.22 1.38 1.53 1.69 1.81 1.97 2.12 2.28 2.47 2.72 3.09 3.59 4.09
-16.38 -16.25 -15.94 -15.81 -15.66 -15.53 -15.38 -15.22 -15.06 -14.91 -14.75 -14.53 -14.34 -14.12 -13.91 -13.69 -13.44 -13.19 -12.94 -12.66 -12.38 -12.28 -11.97 -11.66 -11.34 -11.03 -10.66 -10.31 -9.94 -9.59 -9.22 -8.88 -8.50 -8.16 -7.66 -7.16 -6.66 -6.22 -5.75 -5.31 -4.88 -4.47 -4.06 -3.66 -3.28 -2.84 -2.44 -2.06 -1.78 -1.53 -1.28 -1.00 -0.75 -0.53 -0.28 -0.06 0.12 0.31 0.50 0.66 0.81 0.97 1.12 1.28 1.44 1.59 1.72 1.88 2.00 2.16 2.34 2.53 2.84 3.25 3.72
-16.44 -16.31 -16.19 -15.88 -15.75 -15.59 -15.47 -15.31 -15.16 -15.00 -14.81 -14.66 -14.44 -14.25 -14.03 -13.78 -13.56 -13.31 -13.06 -12.81 -12.53 -12.25 -11.97 -11.88 -11.56 -11.28 -10.94 -10.59 -10.25 -9.91 -9.56 -9.22 -8.91 -8.50 -8.00 -7.53 -7.09 -6.66 -6.19 -5.75 -5.31 -4.91 -4.50 -4.09 -3.66 -3.22 -2.75 -2.44 -2.09 -1.81 -1.53 -1.25 -0.97 -0.69 -0.44 -0.22 0.03 0.19 0.38 0.53 0.72 0.88 1.03 1.19 1.34 1.50 1.62 1.78 1.91 2.03 2.19 2.38 2.62 2.97 3.38
-16.47 -16.38 -16.25 -16.16 -15.81 -15.69 -15.53 -15.41 -15.25 -15.09 -14.91 -14.72 -14.53 -14.34 -14.12 -13.91 -13.69 -13.44 -13.19 -12.94 -12.69 -12.41 -12.16 -11.88 -11.78 -11.50 -11.19 -10.88 -10.53 -10.22 -9.91 -9.56 -9.28 -8.81 -8.34 -7.94 -7.50 -7.03 -6.59 -6.16 -5.75 -5.38 -4.94 -4.50 -4.00 -3.56 -3.22 -2.81 -2.41 -2.09 -1.78 -1.47 -1.16 -0.88 -0.62 -0.38 -0.12 0.06 0.25 0.41 0.59 0.75 0.91 1.06 1.22 1.38 1.53 1.66 1.81 1.94 2.06 2.22 2.44 2.72 3.06
-16.53 -16.44 -16.31 -16.19 -16.09 -15.75 -15.62 -15.47 -15.31 -15.16 -15.00 -14.81 -14.62 -14.44 -14.25 -14.03 -13.81 -13.56 -13.34 -13.09 -12.84 -12.56 -12.31 -12.06 -11.78 -11.72 -11.44 -11.16 -10.81 -10.50 -10.19 -9.91 -9.62 -9.16 -8.75 -8.34 -7.88 -7.44 -7.00 -6.59 -6.22 -5.78 -5.31 -4.81 -4.38 -4.03 -3.59 -3.19 -2.75 -2.38 -2.03 -1.72 -1.38 -1.06 -0.78 -0.53 -0.31 -0.06 0.12 0.28 0.47 0.62 0.78 0.97 1.12 1.28 1.41 1.56 1.69 1.81 1.94 2.09 2.28 2.53 2.81
-16.59 -16.50 -16.38 -16.25 -16.16 -16.03 -15.69 -15.53 -15.41 -15.25 -15.06 -14.91 -14.72 -14.53 -14.34 -14.12 -13.91 -13.69 -13.47 -13.22 -12.97 -12.75 -12.47 -12.22 -11.97 -11.72 -11.66 -11.38 -11.09 -10.78 -10.47 -10.19 -9.91 -9.56 -9.16 -8.72 -8.28 -7.88 -7.47 -7.06 -6.59 -6.09 -5.59 -5.19 -4.81 -4.41 -3.97 -3.56 -3.12 -2.72 -2.31 -1.94 -1.59 -1.25 -0.97 -0.72 -0.47 -0.25 -0.03 0.16 0.34 0.50 0.66 0.84 1.00 1.16 1.31 1.44 1.59 1.72 1.81 1.97 2.12 2.34 2.62
-16.69 -16.56 -16.44 -16.31 -16.22 -16.09 -15.75 -15.62 -15.47 -15.31 -15.16 -15.00 -14.81 -14.62 -14.44 -14.25 -14.03 -13.81 -13.59 -13.38 -13.12 -12.91 -12.66 -12.41 -12.16 -11.91 -11.66 -11.56 -11.31 -11.03 -10.72 -10.44 -10.16 -9.84 -9.50 -9.12 -8.72 -8.28 -7.84 -7.41 -6.88 -6.41 -5.97 -5.62 -5.19 -4.75 -4.34 -3.91 -3.47 -3.06 -2.62 -2.19 -1.75 -1.44 -1.16 -0.91 -0.69 -0.44 -0.22 0.00 0.19 0.38 0.53 0.72 0.88 1.03 1.19 1.34 1.47 1.59 1.72 1.84 2.03 2.22 2.44
-16.75 -16.62 -16.50 -16.38 -16.28 -16.16 -16.03 -15.69 -15.53 -15.41 -15.25 -15.06 -14.91 -14.72 -14.53 -14.34 -14.16 -13.94 -13.72 -13.50 -13.28 -13.03 -12.81 -12.56 -12.31 -12.06 -11.84 -11.78 -11.50 -11.25 -10.97 -10.66 -10.38 -10.06 -9.72 -9.34 -8.94 -8.56 -8.16 -7.66 -7.19 -6.78 -6.41 -5.97 -5.53 -5.12 -4.69 -4.25 -3.84 -3.41 -2.94 -2.44 -2.03 -1.69 -1.41 -1.12 -0.88 -0.62 -0.41 -0.16 0.06 0.25 0.41 0.59 0.75 0.91 1.06 1.22 1.38 1.50 1.62 1.75 1.91 2.09 2.28
-16.81 -16.69 -16.56 -16.44 -16.34 -16.22 -16.09 -15.97 -15.62 -15.47 -15.31 -15.16 -15.00 -14.81 -14.62 -14.44 -14.25 -14.06 -13.84 -13.62 -13.41 -13.19 -12.97 -12.72 -12.50 -12.25 -12.00 -11.78 -11.72 -11.44 -11.19 -10.91 -10.59 -10.28 -9.97 -9.59 -9.22 -8.81 -8.41 -8.00 -7.59 -7.16 -6.72 -6.31 -5.88 -5.47 -5.03 -4.62 -4.19 -3.69 -3.19 -2.75 -2.38 -2.00 -1.69 -1.38 -1.09 -0.84 -0.59 -0.34 -0.12 0.09 0.28 0.47 0.62 0.78 0.94 1.09 1.25 1.38 1.53 1.66 1.81 1.97 2.12
-16.88 -16.75 -16.66 -16.53 -16.41 -16.28 -16.16 -16.03 -15.88 -15.56 -15.41 -15.25 -15.06 -14.91 -14.72 -14.56 -14.38 -14.16 -13.97 -13.75 -13.56 -13.34 -13.12 -12.91 -12.66 -12.44 -12.19 -11.97 -11.72 -11.66 -11.41 -11.12 -10.84 -10.53 -10.22 -9.84 -9.47 -9.06 -8.69 -8.28 -7.88 -7.44 -7.03 -6.62 -6.19 -5.78 -5.38 -4.97 -4.47 -3.94 -3.50 -3.09 -2.72 -2.31 -1.94 -1.62 -1.31 -1.03 -0.78 -0.53 -0.28 -0.06 0.16 0.31 0.50 0.66 0.81 0.97 1.12 1.28 1.41 1.56 1.69 1.84 2.00
-16.94 -16.84 -16.72 -16.59 -16.47 -16.34 -16.22 -16.09 -15.94 -15.81 -15.69 -15.31 -15.16 -15.00 -14.81 -14.66 -14.47 -14.28 -14.09 -13.91 -13.69 -13.47 -13.28 -13.06 -12.81 -12.59 -12.38 -12.12 -11.91 -11.66 -11.59 -11.34 -11.06 -10.78 -10.44 -10.09 -9.72 -9.31 -8.91 -8.53 -8.12 -7.72 -7.31 -6.91 -6.53 -6.12 -5.72 -5.28 -4.69 -4.25 -3.84 -3.44 -3.06 -2.66 -2.19 -1.84 -1.53 -1.25 -0.97 -0.72 -0.47 -0.22 0.00 0.19 0.38 0.53 0.69 0.84 1.00 1.16 1.28 1.44 1.59 1.72 1.88
-17.03 -16.91 -16.78 -16.66 -16.53 -16.41 -16.28 -16.16 -16.03 -15.88 -15.75 -15.59 -15.25 -15.09 -14.91 -14.75 -14.56 -14.38 -14.22 -14.00 -13.81 -13.62 -13.41 -13.19 -13.00 -12.75 -12.53 -12.31 -12.06 -11.81 -11.59 -11.34 -11.09 -11.00 -10.69 -10.31 -9.94 -9.56 -9.16 -8.75 -8.38 -8.00 -7.59 -7.22 -6.81 -6.44 -6.03 -5.44 -5.00 -4.59 -4.22 -3.81 -3.38 -2.91 -2.47 -2.09 -1.75 -1.47 -1.19 -0.91 -0.66 -0.41 -0.16 0.06 0.22 0.41 0.56 0.72 0.88 1.03 1.19 1.31 1.47 1.59 1.75
-17.09 -16.97 -16.88 -16.75 -16.62 -16.50 -16.38 -16.22 -16.09 -15.97 -15.81 -15.66 -15.50 -15.38 -15.22 -14.84 -14.69 -14.50 -14.31 -14.12 -13.94 -13.75 -13.56 -13.34 -13.12 -12.94 -12.69 -12.47 -12.25 -12.00 -11.75 -11.50 -11.25 -11.00 -10.72 -10.56 -10.19 -9.78 -9.41 -9.00 -8.62 -8.25 -7.88 -7.50 -7.12 -6.75 -6.28 -5.75 -5.41 -5.00 -4.56 -4.09 -3.59 -3.12 -2.72 -2.31 -1.97 -1.69 -1.38 -1.09 -0.84 -0.59 -0.34 -0.12 0.09 0.25 0.44 0.59 0.75 0.91 1.03 1.19 1.34 1.47 1.62
-17.19 -17.06 -16.94 -16.81 -16.69 -16.56 -16.44 -16.31 -16.16 -16.03 -15.88 -15.75 -15.59 -15.44 -15.28 -15.12 -14.78 -14.59 -14.44 -14.25 -14.06 -13.88 -13.69 -13.50 -13.28 -13.06 -12.84 -12.62 -12.41 -12.16 -11.94 -11.69 -11.44 -11.19 -10.91 -10.78 -10.41 -10.03 -9.62 -9.25 -8.84 -8.50 -8.12 -7.75 -7.38 -7.03 -6.59 -6.19 -5.75 -5.28 -4.81 -4.28 -3.81 -3.38 -2.97 -2.56 -2.22 -1.91 -1.62 -1.31 -1.03 -0.75 -0.50 -0.28 -0.06 0.12 0.28 0.47 0.62 0.75 0.91 1.06 1.19 1.34 1.50
