arlandasctiles/Tile8,13.asc
ncols 128
nrows 128
xllcorner 0
yllcorner 0
cellsize 2.0
NODATA_value  -9999
[rows 0 to 34 of 128, columns 0 to 78 of 128]
-5.47 -5.62 -5.81 -5.88 -6.00 -6.09 -6.19 -6.22 -6.34 -6.31 -6.41 -6.41 -6.41 -6.38 -6.34 -6.31 -6.28 -6.22 -6.12 -6.03 -5.88 -5.72 -5.53 -5.31 -5.03 -4.84 -4.62 -4.44 -4.25 -4.06 -3.94 -3.78 -3.53 -3.38 -3.34 -3.44 -3.50 -3.41 -3.41 -3.56 -3.50 -3.53 -3.59 -3.75 -3.81 -3.81 -3.88 -3.94 -4.00 -4.03 -4.12 -4.22 -4.38 -4.47 -4.56 -4.62 -4.66 -4.72 -4.84 -5.03 -5.22 -5.50 -5.84 -6.19 -6.59 -6.97 -7.34 -7.78 -8.22 -8.69 -9.28 -9.81 -10.31 -10.66 -10.97 -11.31 -11.62 -11.91 -12.19
-4.97 -5.12 -5.31 -5.44 -5.53 -5.59 -5.62 -5.59 -5.72 -5.72 -5.78 -5.81 -5.84 -5.84 -5.84 -5.81 -5.78 -5.72 -5.66 -5.53 -5.41 -5.25 -5.00 -4.84 -4.50 -4.31 -4.09 -3.91 -3.72 -3.53 -3.38 -3.25 -3.06 -2.84 -2.88 -2.91 -3.00 -2.94 -2.94 -3.09 -3.03 -3.09 -3.16 -3.34 -3.38 -3.38 -3.44 -3.50 -3.56 -3.62 -3.72 -3.81 -3.91 -4.00 -4.09 -4.12 -4.16 -4.22 -4.31 -4.47 -4.66 -4.91 -5.25 -5.62 -6.00 -6.41 -6.81 -7.25 -7.72 -8.25 -8.84 -9.50 -9.97 -10.41 -10.75 -11.03 -11.44 -11.78 -12.06
-4.47 -4.75 -4.84 -4.94 -5.03 -5.03 -5.00 -5.00 -5.06 -5.06 -5.12 -5.19 -5.19 -5.28 -5.28 -5.28 -5.25 -5.19 -5.16 -5.00 -4.91 -4.75 -4.47 -4.34 -4.00 -3.81 -3.59 -3.38 -3.19 -3.00 -2.84 -2.72 -2.59 -2.38 -2.44 -2.44 -2.53 -2.50 -2.53 -2.66 -2.59 -2.69 -2.75 -2.91 -2.94 -2.97 -3.03 -3.09 -3.16 -3.19 -3.28 -3.38 -3.47 -3.53 -3.62 -3.62 -3.66 -3.72 -3.81 -3.94 -4.09 -4.31 -4.66 -5.03 -5.44 -5.84 -6.28 -6.72 -7.22 -7.78 -8.41 -8.91 -9.38 -9.88 -10.38 -10.84 -11.25 -11.62 -12.00
-4.03 -4.25 -4.34 -4.34 -4.44 -4.41 -4.34 -4.38 -4.44 -4.41 -4.47 -4.53 -4.53 -4.69 -4.69 -4.72 -4.69 -4.59 -4.59 -4.44 -4.38 -4.22 -3.97 -3.84 -3.53 -3.31 -3.09 -2.88 -2.69 -2.53 -2.34 -2.22 -2.16 -1.94 -2.00 -2.00 -2.09 -2.09 -2.12 -2.22 -2.19 -2.31 -2.38 -2.50 -2.53 -2.56 -2.62 -2.69 -2.75 -2.81 -2.88 -2.97 -3.03 -3.09 -3.16 -3.16 -3.19 -3.22 -3.28 -3.41 -3.53 -3.75 -4.06 -4.44 -4.84 -5.25 -5.72 -6.19 -6.72 -7.31 -7.84 -8.28 -8.78 -9.41 -10.06 -10.53 -11.00 -11.47 -11.78
-3.66 -3.75 -3.78 -3.78 -3.84 -3.78 -3.75 -3.75 -3.78 -3.78 -3.84 -3.91 -3.91 -4.06 -4.12 -4.12 -4.12 -4.03 -3.97 -3.88 -3.81 -3.75 -3.50 -3.34 -3.06 -2.81 -2.59 -2.41 -2.22 -2.03 -1.91 -1.78 -1.69 -1.56 -1.59 -1.62 -1.69 -1.72 -1.72 -1.84 -1.81 -1.94 -2.00 -2.09 -2.12 -2.19 -2.25 -2.31 -2.38 -2.41 -2.47 -2.56 -2.62 -2.66 -2.72 -2.69 -2.72 -2.75 -2.81 -2.88 -3.00 -3.19 -3.50 -3.84 -4.25 -4.69 -5.16 -5.69 -6.25 -6.75 -7.19 -7.69 -8.28 -8.97 -9.62 -10.06 -10.44 -10.91 -11.53
-3.19 -3.22 -3.22 -3.22 -3.25 -3.16 -3.12 -3.12 -3.16 -3.16 -3.22 -3.25 -3.28 -3.41 -3.50 -3.53 -3.53 -3.44 -3.38 -3.34 -3.28 -3.25 -3.03 -2.84 -2.62 -2.34 -2.16 -1.94 -1.75 -1.59 -1.50 -1.41 -1.34 -1.28 -1.25 -1.31 -1.31 -1.38 -1.38 -1.47 -1.47 -1.56 -1.62 -1.69 -1.75 -1.81 -1.88 -1.94 -1.97 -2.03 -2.09 -2.16 -2.22 -2.25 -2.28 -2.28 -2.28 -2.28 -2.31 -2.38 -2.47 -2.62 -2.94 -3.28 -3.69 -4.09 -4.59 -5.19 -5.69 -6.09 -6.56 -7.16 -7.81 -8.50 -9.03 -9.44 -9.97 -10.53 -11.19
-2.72 -2.69 -2.66 -2.66 -2.69 -2.53 -2.56 -2.53 -2.56 -2.59 -2.62 -2.69 -2.75 -2.81 -2.94 -2.97 -2.97 -2.91 -2.84 -2.81 -2.78 -2.69 -2.56 -2.34 -2.19 -1.94 -1.72 -1.53 -1.34 -1.22 -1.16 -1.09 -1.06 -1.03 -0.97 -1.00 -1.00 -1.06 -1.06 -1.12 -1.16 -1.22 -1.28 -1.34 -1.41 -1.47 -1.50 -1.56 -1.62 -1.66 -1.72 -1.78 -1.81 -1.84 -1.84 -1.84 -1.84 -1.84 -1.88 -1.91 -1.97 -2.12 -2.41 -2.72 -3.12 -3.56 -4.09 -4.62 -5.00 -5.44 -6.00 -6.66 -7.31 -7.84 -8.34 -8.84 -9.47 -10.12 -10.78
-2.22 -2.16 -2.09 -2.09 -2.09 -1.94 -1.97 -1.97 -2.03 -2.06 -2.09 -2.19 -2.28 -2.28 -2.41 -2.44 -2.47 -2.38 -2.34 -2.31 -2.28 -2.22 -2.12 -1.91 -1.75 -1.56 -1.31 -1.16 -1.03 -0.94 -0.88 -0.84 -0.81 -0.78 -0.75 -0.75 -0.72 -0.75 -0.75 -0.81 -0.84 -0.88 -0.94 -1.00 -1.06 -1.12 -1.19 -1.22 -1.28 -1.31 -1.38 -1.41 -1.44 -1.47 -1.47 -1.47 -1.44 -1.44 -1.44 -1.47 -1.47 -1.62 -1.88 -2.22 -2.59 -3.06 -3.56 -3.94 -4.34 -4.88 -5.50 -6.12 -6.66 -7.16 -7.75 -8.34 -9.00 -9.72 -10.41
-1.72 -1.62 -1.53 -1.53 -1.50 -1.41 -1.44 -1.47 -1.56 -1.56 -1.62 -1.75 -1.81 -1.81 -1.91 -1.94 -1.94 -1.88 -1.84 -1.81 -1.81 -1.75 -1.66 -1.50 -1.31 -1.16 -0.97 -0.84 -0.75 -0.66 -0.62 -0.59 -0.59 -0.56 -0.53 -0.53 -0.50 -0.50 -0.50 -0.50 -0.56 -0.56 -0.62 -0.69 -0.75 -0.78 -0.84 -0.91 -0.94 -1.00 -1.03 -1.06 -1.09 -1.09 -1.12 -1.09 -1.09 -1.09 -1.06 -1.06 -1.06 -1.22 -1.47 -1.75 -2.12 -2.56 -2.94 -3.31 -3.78 -4.38 -4.97 -5.47 -5.97 -6.53 -7.19 -7.84 -8.56 -9.31 -10.03
-1.19 -1.16 -1.00 -1.00 -0.97 -0.91 -0.97 -1.00 -1.09 -1.12 -1.19 -1.28 -1.31 -1.41 -1.44 -1.44 -1.41 -1.31 -1.22 -1.19 -1.16 -1.19 -1.19 -1.12 -0.91 -0.81 -0.66 -0.56 -0.47 -0.44 -0.41 -0.38 -0.38 -0.38 -0.34 -0.34 -0.28 -0.28 -0.25 -0.25 -0.28 -0.28 -0.34 -0.41 -0.44 -0.50 -0.56 -0.59 -0.62 -0.69 -0.72 -0.75 -0.78 -0.78 -0.78 -0.78 -0.78 -0.78 -0.75 -0.75 -0.84 -1.06 -1.31 -1.59 -1.88 -2.16 -2.41 -2.75 -3.31 -3.84 -4.34 -4.78 -5.34 -5.97 -6.66 -7.34 -8.09 -8.88 -9.69
-0.75 -0.69 -0.56 -0.53 -0.53 -0.50 -0.53 -0.59 -0.66 -0.69 -0.78 -0.84 -0.88 -0.97 -0.97 -0.94 -0.84 -0.72 -0.66 -0.59 -0.66 -0.66 -0.69 -0.72 -0.62 -0.53 -0.41 -0.34 -0.28 -0.22 -0.22 -0.19 -0.19 -0.19 -0.16 -0.16 -0.12 -0.09 -0.06 -0.03 -0.03 -0.03 -0.06 -0.12 -0.16 -0.22 -0.25 -0.31 -0.34 -0.38 -0.44 -0.47 -0.47 -0.50 -0.50 -0.50 -0.50 -0.50 -0.50 -0.56 -0.72 -0.91 -1.12 -1.38 -1.62 -1.84 -2.12 -2.47 -2.81 -3.25 -3.69 -4.22 -4.81 -5.47 -6.16 -6.88 -7.66 -8.47 -9.41
-0.41 -0.34 -0.25 -0.22 -0.22 -0.22 -0.25 -0.28 -0.31 -0.38 -0.44 -0.47 -0.50 -0.56 -0.56 -0.50 -0.44 -0.31 -0.25 -0.22 -0.25 -0.28 -0.34 -0.38 -0.34 -0.31 -0.22 -0.16 -0.09 -0.06 -0.03 -0.03 -0.03 -0.03 0.00 0.00 0.03 0.06 0.09 0.12 0.12 0.12 0.12 0.12 0.09 0.03 0.00 -0.03 -0.09 -0.12 -0.16 -0.19 -0.22 -0.25 -0.25 -0.28 -0.28 -0.28 -0.31 -0.44 -0.59 -0.75 -0.97 -1.16 -1.38 -1.59 -1.91 -2.19 -2.44 -2.69 -3.12 -3.69 -4.31 -4.97 -5.66 -6.41 -7.25 -8.16 -8.94
-0.16 -0.12 -0.06 -0.06 -0.03 -0.06 -0.06 -0.09 -0.12 -0.12 -0.19 -0.22 -0.22 -0.25 -0.25 -0.22 -0.16 -0.09 -0.06 -0.03 -0.03 -0.06 -0.12 -0.12 -0.09 -0.06 0.00 0.03 0.06 0.09 0.12 0.12 0.12 0.12 0.12 0.16 0.19 0.22 0.25 0.28 0.28 0.31 0.31 0.31 0.28 0.25 0.22 0.19 0.12 0.09 0.06 0.03 0.00 -0.03 -0.03 -0.06 -0.09 -0.12 -0.22 -0.31 -0.44 -0.59 -0.75 -0.94 -1.16 -1.41 -1.66 -1.91 -2.12 -2.34 -2.69 -3.22 -3.75 -4.38 -5.09 -5.94 -6.88 -7.66 -8.34
0.00 0.00 0.03 0.03 0.03 0.03 0.03 0.00 0.00 0.00 -0.03 -0.03 -0.03 -0.06 -0.03 -0.03 0.00 0.00 0.03 0.03 0.03 0.03 0.03 0.03 0.06 0.12 0.19 0.22 0.25 0.25 0.28 0.28 0.28 0.28 0.31 0.31 0.34 0.38 0.41 0.41 0.44 0.44 0.47 0.44 0.44 0.44 0.41 0.34 0.31 0.28 0.25 0.22 0.19 0.16 0.12 0.09 0.03 -0.03 -0.09 -0.19 -0.28 -0.44 -0.59 -0.78 -0.97 -1.19 -1.41 -1.59 -1.84 -2.06 -2.44 -2.81 -3.31 -3.91 -4.66 -5.44 -6.25 -6.97 -7.69
0.06 0.06 0.06 0.03 0.03 0.06 0.06 0.06 0.06 0.03 0.03 0.03 0.06 0.06 0.06 0.06 0.03 0.03 0.03 0.06 0.09 0.12 0.22 0.31 0.44 0.56 0.62 0.72 0.72 0.72 0.72 0.69 0.66 0.62 0.59 0.59 0.56 0.56 0.56 0.56 0.59 0.59 0.59 0.59 0.59 0.56 0.56 0.53 0.50 0.47 0.44 0.38 0.34 0.31 0.25 0.19 0.16 0.09 0.03 -0.03 -0.12 -0.28 -0.44 -0.59 -0.78 -0.97 -1.16 -1.34 -1.59 -1.84 -2.09 -2.44 -2.91 -3.53 -4.19 -4.84 -5.34 -5.94 -6.62
0.16 0.09 0.06 0.06 0.06 0.06 0.09 0.09 0.09 0.06 0.09 0.12 0.22 0.28 0.34 0.38 0.44 0.50 0.59 0.66 0.75 0.84 0.94 1.03 1.12 1.19 1.22 1.25 1.25 1.25 1.25 1.25 1.22 1.22 1.19 1.19 1.12 1.09 1.03 1.00 0.94 0.91 0.84 0.81 0.75 0.72 0.69 0.66 0.62 0.59 0.56 0.53 0.47 0.44 0.38 0.31 0.28 0.22 0.16 0.09 0.03 -0.09 -0.25 -0.41 -0.56 -0.75 -0.94 -1.12 -1.34 -1.59 -1.81 -2.12 -2.56 -3.09 -3.66 -4.12 -4.62 -5.25 -5.91
0.84 0.75 0.66 0.59 0.56 0.56 0.56 0.56 0.59 0.66 0.75 0.84 0.94 1.03 1.09 1.16 1.19 1.25 1.28 1.31 1.34 1.38 1.38 1.38 1.38 1.38 1.34 1.34 1.34 1.38 1.38 1.38 1.41 1.44 1.44 1.47 1.47 1.47 1.47 1.47 1.44 1.41 1.38 1.31 1.25 1.16 1.06 0.97 0.88 0.78 0.72 0.66 0.62 0.56 0.50 0.47 0.41 0.34 0.28 0.25 0.16 0.06 -0.06 -0.22 -0.38 -0.53 -0.72 -0.91 -1.09 -1.31 -1.53 -1.81 -2.19 -2.66 -3.06 -3.50 -4.03 -4.59 -5.28
1.56 1.53 1.47 1.44 1.41 1.38 1.38 1.38 1.38 1.41 1.44 1.47 1.38 1.28 1.28 1.31 1.31 1.38 1.41 1.44 1.44 1.47 1.50 1.53 1.50 1.47 1.44 1.38 1.47 1.50 1.53 1.53 1.50 1.44 1.47 1.53 1.56 1.56 1.56 1.56 1.56 1.59 1.59 1.59 1.59 1.59 1.56 1.50 1.41 1.28 1.16 1.03 0.88 0.75 0.66 0.59 0.53 0.47 0.44 0.38 0.31 0.22 0.09 -0.03 -0.19 -0.34 -0.50 -0.69 -0.84 -1.03 -1.25 -1.50 -1.81 -2.16 -2.56 -3.00 -3.50 -4.06 -4.81
1.66 1.62 1.62 1.59 1.59 1.56 1.56 1.56 1.56 1.56 1.56 1.56 1.59 1.59 1.59 1.62 1.62 1.62 1.66 1.66 1.69 1.69 1.69 1.69 1.69 1.66 1.62 1.62 1.62 1.66 1.66 1.66 1.66 1.66 1.66 1.66 1.66 1.66 1.69 1.69 1.69 1.72 1.72 1.69 1.66 1.66 1.66 1.69 1.69 1.66 1.62 1.53 1.41 1.25 1.09 0.91 0.75 0.62 0.59 0.53 0.47 0.34 0.25 0.12 0.00 -0.12 -0.28 -0.44 -0.59 -0.78 -0.97 -1.19 -1.41 -1.75 -2.12 -2.56 -3.03 -3.66 -4.25
1.78 1.75 1.78 1.78 1.78 1.78 1.78 1.78 1.78 1.78 1.78 1.78 1.78 1.84 1.84 1.88 1.88 1.84 1.81 1.84 1.84 1.84 1.84 1.84 1.81 1.81 1.78 1.78 1.78 1.78 1.78 1.78 1.78 1.78 1.78 1.78 1.81 1.81 1.81 1.81 1.78 1.81 1.81 1.81 1.78 1.75 1.75 1.72 1.69 1.69 1.69 1.69 1.69 1.62 1.56 1.44 1.28 1.12 0.97 0.78 0.66 0.50 0.41 0.28 0.19 0.06 -0.06 -0.22 -0.38 -0.53 -0.69 -0.88 -1.06 -1.41 -1.75 -2.16 -2.66 -3.16 -3.62
1.94 1.97 1.97 1.97 1.97 1.94 1.94 1.94 1.94 1.97 1.97 1.97 2.00 2.03 2.06 2.09 2.09 2.09 2.06 2.00 2.00 2.03 2.03 2.03 2.03 2.00 2.00 2.00 1.97 1.97 1.97 1.97 1.94 1.94 1.94 1.94 1.94 1.94 1.97 1.94 1.94 1.91 1.91 1.91 1.91 1.88 1.84 1.81 1.78 1.75 1.72 1.69 1.66 1.66 1.62 1.53 1.47 1.34 1.28 1.22 1.16 0.94 0.66 0.44 0.34 0.22 0.12 0.00 -0.12 -0.28 -0.44 -0.59 -0.78 -1.06 -1.41 -1.81 -2.25 -2.62 -2.94
2.12 2.12 2.12 2.12 2.12 2.12 2.12 2.12 2.12 2.16 2.16 2.19 2.19 2.22 2.28 2.34 2.38 2.41 2.38 2.34 2.28 2.28 2.28 2.28 2.28 2.25 2.22 2.19 2.16 2.12 2.12 2.06 2.06 2.06 2.06 2.06 2.06 2.09 2.09 2.09 2.06 2.06 2.06 2.03 2.03 2.00 1.97 1.97 1.94 1.91 1.88 1.81 1.75 1.66 1.62 1.56 1.50 1.44 1.34 1.28 1.19 1.16 1.00 0.75 0.59 0.47 0.34 0.22 0.09 -0.03 -0.19 -0.31 -0.50 -0.78 -1.09 -1.47 -1.81 -2.12 -2.38
2.28 2.28 2.28 2.28 2.31 2.41 2.47 2.53 2.56 2.59 2.62 2.66 2.69 2.75 2.81 2.84 2.88 2.88 2.84 2.81 2.78 2.75 2.72 2.69 2.62 2.59 2.56 2.50 2.47 2.41 2.38 2.28 2.22 2.22 2.19 2.19 2.19 2.22 2.22 2.22 2.19 2.19 2.22 2.19 2.19 2.16 2.12 2.09 2.06 2.03 1.97 1.91 1.84 1.75 1.66 1.62 1.59 1.53 1.44 1.38 1.28 1.19 1.06 0.91 0.75 0.62 0.50 0.38 0.28 0.16 0.06 -0.09 -0.25 -0.50 -0.81 -1.09 -1.41 -1.62 -1.94
2.44 2.44 2.44 2.56 2.69 2.75 2.78 2.81 2.81 2.84 2.91 2.94 2.97 3.00 3.00 3.00 3.00 3.00 2.97 2.94 2.91 2.84 2.81 2.75 2.72 2.66 2.62 2.56 2.53 2.47 2.41 2.34 2.31 2.34 2.34 2.34 2.31 2.31 2.31 2.31 2.34 2.34 2.31 2.31 2.28 2.28 2.25 2.25 2.22 2.19 2.12 2.03 1.97 1.88 1.72 1.69 1.66 1.59 1.53 1.47 1.41 1.31 1.16 1.03 0.91 0.78 0.66 0.53 0.44 0.31 0.22 0.09 -0.06 -0.28 -0.50 -0.78 -1.00 -1.25 -1.53
2.59 2.66 2.81 2.91 2.88 2.81 2.78 2.81 2.81 2.84 2.91 2.94 2.97 2.97 3.00 3.00 3.00 3.00 2.97 2.94 2.91 2.84 2.81 2.75 2.72 2.66 2.62 2.56 2.53 2.47 2.41 2.38 2.38 2.47 2.47 2.47 2.44 2.44 2.44 2.44 2.47 2.47 2.44 2.41 2.41 2.38 2.38 2.38 2.34 2.31 2.25 2.19 2.09 2.00 1.81 1.78 1.75 1.69 1.66 1.56 1.50 1.41 1.28 1.16 1.03 0.94 0.81 0.69 0.59 0.50 0.38 0.22 0.09 -0.06 -0.25 -0.44 -0.69 -0.91 -1.16
2.91 3.00 3.03 2.97 2.91 2.84 2.81 2.78 2.81 2.84 2.91 2.94 2.97 2.97 3.00 3.00 3.00 3.00 2.97 2.94 2.91 2.84 2.81 2.75 2.72 2.66 2.62 2.56 2.53 2.47 2.41 2.38 2.47 2.56 2.62 2.56 2.53 2.53 2.53 2.59 2.59 2.56 2.53 2.53 2.50 2.50 2.50 2.50 2.47 2.44 2.41 2.34 2.25 2.16 1.97 1.88 1.84 1.81 1.75 1.69 1.59 1.53 1.41 1.28 1.19 1.06 0.97 0.84 0.75 0.66 0.53 0.38 0.25 0.12 -0.03 -0.19 -0.38 -0.59 -0.81
3.19 3.12 3.06 3.00 2.94 2.88 2.81 2.78 2.81 2.84 2.91 2.94 2.97 2.97 3.00 3.03 3.03 3.03 3.00 2.97 2.94 2.91 2.84 2.78 2.75 2.69 2.62 2.59 2.53 2.50 2.44 2.47 2.59 2.66 2.62 2.62 2.59 2.59 2.62 2.72 2.69 2.66 2.62 2.62 2.59 2.59 2.59 2.59 2.59 2.56 2.53 2.50 2.38 2.31 2.16 2.00 1.97 1.91 1.88 1.78 1.72 1.62 1.53 1.44 1.34 1.22 1.12 1.00 0.91 0.78 0.69 0.53 0.41 0.28 0.16 0.03 -0.12 -0.31 -0.53
3.25 3.19 3.12 3.06 2.97 2.91 2.94 3.03 3.09 3.19 3.22 3.25 3.31 3.38 3.44 3.50 3.56 3.59 3.56 3.53 3.53 3.53 3.47 3.19 3.03 2.91 2.78 2.72 2.69 2.66 2.62 2.62 2.62 2.69 2.66 2.62 2.62 2.62 2.69 2.75 2.75 2.72 2.72 2.69 2.69 2.69 2.72 2.72 2.72 2.72 2.72 2.66 2.56 2.50 2.34 2.12 2.09 2.03 1.97 1.91 1.84 1.75 1.69 1.59 1.47 1.38 1.28 1.16 1.06 0.94 0.81 0.66 0.53 0.41 0.31 0.22 0.09 -0.06 -0.25
3.28 3.22 3.16 3.09 3.09 3.19 3.41 3.62 3.72 3.88 4.00 4.06 4.12 4.19 4.22 4.25 4.25 4.25 4.22 4.16 4.12 4.09 4.06 3.66 3.25 2.94 2.81 2.81 2.81 2.78 2.72 2.62 2.75 2.81 2.75 2.69 2.66 2.66 2.72 2.81 2.81 2.78 2.78 2.75 2.78 2.78 2.81 2.84 2.88 2.91 2.91 2.88 2.78 2.69 2.56 2.31 2.25 2.19 2.09 2.03 1.97 1.91 1.81 1.72 1.62 1.53 1.41 1.31 1.19 1.06 0.94 0.81 0.66 0.56 0.47 0.34 0.25 0.12 -0.03
3.31 3.25 3.22 3.25 3.56 3.91 4.09 4.22 4.34 4.41 4.47 4.56 4.62 4.66 4.69 4.72 4.72 4.69 4.66 4.59 4.53 4.53 4.50 4.22 3.75 3.38 3.16 3.12 3.19 3.22 3.16 3.16 3.28 3.28 3.12 2.94 2.84 2.84 2.91 2.94 2.84 2.81 2.81 2.81 2.81 2.88 2.91 2.97 3.03 3.06 3.09 3.12 3.03 2.94 2.81 2.53 2.44 2.34 2.28 2.22 2.12 2.06 1.97 1.88 1.78 1.69 1.56 1.44 1.34 1.22 1.06 0.91 0.78 0.66 0.56 0.47 0.38 0.25 0.16
3.34 3.34 3.53 3.94 4.22 4.41 4.56 4.72 4.84 4.91 4.97 5.03 5.09 5.12 5.16 5.19 5.19 5.16 5.12 5.03 4.97 4.97 4.94 4.88 4.53 4.19 4.00 4.06 4.31 4.28 4.03 3.97 4.09 4.41 4.16 3.69 3.47 3.47 3.56 3.56 3.28 3.03 2.97 2.97 3.00 3.00 3.03 3.09 3.25 3.41 3.44 3.34 3.28 3.19 3.12 3.06 2.97 2.78 2.50 2.38 2.31 2.25 2.16 2.12 2.03 1.91 1.78 1.66 1.50 1.34 1.19 1.03 0.88 0.75 0.66 0.59 0.50 0.38 0.28
3.62 3.94 4.28 4.50 4.69 4.88 5.03 5.19 5.31 5.41 5.47 5.53 5.59 5.62 5.66 5.69 5.69 5.66 5.62 5.50 5.41 5.41 5.38 5.31 5.25 5.19 5.16 5.06 5.03 4.97 5.00 5.06 5.06 5.06 5.06 5.00 4.94 4.88 4.75 4.38 4.00 3.78 3.78 3.78 3.75 3.66 3.69 3.84 3.94 3.81 3.69 3.59 3.53 3.47 3.41 3.31 3.19 3.03 2.91 2.75 2.62 2.50 2.44 2.34 2.28 2.19 2.06 1.91 1.72 1.53 1.31 1.12 0.94 0.81 0.72 0.66 0.56 0.50 0.41
4.38 4.59 4.78 5.00 5.19 5.34 5.50 5.66 5.78 5.91 6.00 6.03 6.09 6.12 6.16 6.19 6.19 6.19 6.12 6.09 6.09 6.06 6.03 5.94 5.88 5.81 5.72 5.62 5.56 5.53 5.47 5.50 5.50 5.47 5.47 5.41 5.34 5.25 5.12 5.00 4.78 4.56 4.47 4.44 4.44 4.41 4.38 4.31 4.25 4.16 4.06 3.97 3.88 3.78 3.66 3.53 3.44 3.31 3.22 3.12 3.03 3.00 2.97 2.88 2.81 2.69 2.50 2.28 2.03 1.78 1.47 1.22 0.97 0.84 0.75 0.69 0.62 0.56 0.50
4.94 5.12 5.31 5.50 5.66 5.84 6.00 6.16 6.28 6.41 6.53 6.56 6.56 6.59 6.62 6.66 6.72 6.78 6.78 6.75 6.72 6.72 6.69 6.62 6.53 6.41 6.28 6.19 6.09 6.03 5.97 5.94 5.94 5.91 5.91 5.84 5.78 5.69 5.56 5.38 5.12 4.88 4.84 4.81 4.78 4.72 4.69 4.62 4.56 4.47 4.38 4.28 4.16 4.03 3.91 3.78 3.72 3.62 3.56 3.50 3.44 3.38 3.34 3.28 3.19 3.09 2.97 2.84 2.66 2.34 1.97 1.59 1.28 0.97 0.81 0.69 0.62 0.56 0.53
5.47 5.62 5.81 5.97 6.16 6.31 6.47 6.62 6.78 6.94 7.06 7.19 7.28 7.28 7.34 7.38 7.47 7.53 7.47 7.44 7.41 7.38 7.34 7.28 7.16 7.03 6.84 6.72 6.56 6.50 6.41 6.38 6.38 6.38 6.34 6.31 6.25 6.16 6.00 5.81 5.56 5.31 5.22 5.16 5.09 5.06 5.00 4.94 4.84 4.75 4.62 4.53 4.44 4.28 4.16 4.06 4.03 3.97 3.91 3.88 3.81 3.78 3.72 3.69 3.62 3.56 3.47 3.38 3.25 3.00 2.53 2.06 1.62 1.25 0.97 0.78 0.66 0.59 0.53
