arlandasctiles/Tile[1,15].asc
ncols 128
nrows 128
xllcorner 0
yllcorner 0
cellsize 2.0
NODATA_value  -9999
[rows 96 to 127 of 128, columns 0 to 70 of 128]
-93.19 -93.03 -93.00 -92.97 -92.94 -92.88 -92.81 -92.78 -92.72 -92.66 -92.59 -92.53 -92.50 -92.44 -92.38 -92.34 -92.28 -92.22 -92.19 -92.12 -92.09 -92.06 -92.00 -92.16 -92.09 -92.06 -92.00 -91.97 -91.94 -91.88 -91.84 -91.81 -91.78 -91.75 -91.72 -91.69 -91.66 -91.66 -91.62 -91.59 -91.56 -91.56 -91.53 -91.50 -91.50 -91.47 -91.44 -91.44 -91.41 -91.38 -91.31 -91.28 -91.25 -91.22 -91.19 -91.12 -91.09 -91.06 -91.03 -91.00 -90.94 -90.91 -90.84 -90.78 -90.72 -90.62 -90.56 -90.47 -90.38 -90.28 -90.19
-93.00 -92.84 -92.81 -92.78 -92.75 -92.72 -92.66 -92.59 -92.53 -92.47 -92.44 -92.38 -92.31 -92.25 -92.22 -92.16 -92.12 -92.06 -92.03 -91.97 -91.94 -91.91 -91.84 -91.81 -91.75 -91.94 -91.88 -91.84 -91.78 -91.75 -91.72 -91.69 -91.66 -91.62 -91.59 -91.56 -91.53 -91.53 -91.50 -91.47 -91.44 -91.44 -91.41 -91.38 -91.38 -91.34 -91.31 -91.31 -91.25 -91.22 -91.19 -91.16 -91.09 -91.06 -91.03 -91.00 -90.94 -90.91 -90.88 -90.84 -90.78 -90.75 -90.69 -90.62 -90.56 -90.50 -90.41 -90.31 -90.22 -90.12 -90.03
-92.88 -92.69 -92.62 -92.62 -92.56 -92.53 -92.47 -92.41 -92.34 -92.31 -92.25 -92.19 -92.12 -92.09 -92.03 -92.00 -91.94 -91.91 -91.84 -91.81 -91.75 -91.72 -91.69 -91.66 -91.59 -91.56 -91.53 -91.69 -91.66 -91.62 -91.59 -91.56 -91.53 -91.50 -91.47 -91.44 -91.41 -91.41 -91.38 -91.34 -91.31 -91.31 -91.28 -91.25 -91.25 -91.22 -91.19 -91.16 -91.12 -91.09 -91.03 -91.00 -90.94 -90.91 -90.88 -90.84 -90.78 -90.75 -90.72 -90.69 -90.66 -90.59 -90.53 -90.50 -90.41 -90.34 -90.25 -90.16 -90.06 -90.00 -89.91
-92.50 -92.50 -92.44 -92.44 -92.41 -92.34 -92.28 -92.22 -92.38 -92.12 -92.06 -92.00 -91.94 -91.91 -91.84 -91.81 -91.75 -91.72 -91.66 -91.62 -91.56 -91.53 -91.50 -91.47 -91.44 -91.41 -91.38 -91.34 -91.31 -91.28 -91.47 -91.44 -91.41 -91.38 -91.34 -91.31 -91.28 -91.28 -91.25 -91.22 -91.22 -91.19 -91.16 -91.16 -90.94 -90.91 -90.88 -90.84 -90.97 -90.94 -90.88 -90.84 -90.78 -90.75 -90.72 -90.69 -90.62 -90.59 -90.56 -90.53 -90.50 -90.44 -90.41 -90.34 -90.28 -90.19 -90.09 -90.03 -89.94 -89.84 -89.75
-92.34 -92.31 -92.28 -92.25 -92.22 -92.34 -92.09 -92.22 -92.16 -91.94 -91.88 -91.81 -91.75 -91.72 -91.66 -91.59 -91.56 -91.50 -91.47 -91.44 -91.56 -91.34 -91.47 -91.28 -91.44 -91.22 -91.19 -91.19 -91.16 -91.12 -91.09 -91.09 -91.06 -91.25 -91.22 -91.19 -91.16 -91.16 -91.12 -91.09 -90.88 -90.88 -90.84 -90.81 -90.78 -90.75 -90.72 -90.69 -90.81 -90.78 -90.72 -90.69 -90.62 -90.59 -90.56 -90.50 -90.47 -90.44 -90.41 -90.38 -90.34 -90.28 -90.25 -90.19 -90.12 -90.03 -89.97 -89.88 -89.78 -89.69 -89.59
-92.12 -92.16 -92.06 -92.06 -92.03 -92.12 -92.09 -92.03 -91.97 -91.91 -91.88 -91.62 -91.56 -91.50 -91.44 -91.41 -91.56 -91.50 -91.44 -91.41 -91.34 -91.31 -91.28 -91.25 -91.25 -91.03 -91.00 -91.00 -91.00 -90.97 -90.94 -90.94 -90.91 -90.88 -90.88 -90.84 -90.81 -90.81 -90.78 -90.75 -90.75 -90.72 -90.69 -90.66 -90.62 -90.59 -90.56 -90.53 -90.66 -90.59 -90.56 -90.50 -90.47 -90.44 -90.38 -90.34 -90.31 -90.28 -90.25 -90.22 -90.16 -90.12 -90.09 -90.03 -89.97 -89.91 -89.81 -89.72 -89.66 -89.56 -89.44
-92.06 -91.97 -92.03 -91.88 -91.81 -91.91 -91.88 -91.81 -91.75 -91.72 -91.66 -91.41 -91.56 -91.31 -91.44 -91.38 -91.31 -91.28 -91.22 -91.19 -91.12 -91.09 -91.06 -91.06 -91.06 -90.84 -90.81 -90.81 -90.81 -90.78 -90.78 -90.75 -90.75 -90.72 -90.72 -90.69 -90.66 -90.66 -90.62 -90.62 -90.59 -90.56 -90.53 -90.50 -90.47 -90.44 -90.38 -90.56 -90.47 -90.44 -90.38 -90.34 -90.31 -90.25 -90.22 -90.19 -90.16 -90.12 -90.09 -90.06 -90.00 -89.97 -89.94 -89.88 -89.81 -89.75 -89.66 -89.59 -89.50 -89.41 -89.31
-91.78 -91.75 -91.75 -91.66 -91.59 -91.72 -91.66 -91.59 -91.38 -91.50 -91.44 -91.38 -91.31 -91.28 -91.19 -91.16 -91.09 -91.03 -91.00 -90.94 -90.91 -90.88 -90.84 -90.81 -90.81 -90.81 -90.81 -90.62 -90.59 -90.59 -90.59 -90.56 -90.56 -90.56 -90.53 -90.53 -90.50 -90.50 -90.47 -90.44 -90.44 -90.41 -90.38 -90.34 -90.31 -90.25 -90.41 -90.38 -90.31 -90.25 -90.22 -90.16 -90.12 -90.09 -90.06 -90.03 -90.00 -89.94 -89.91 -89.88 -89.84 -89.81 -89.78 -89.72 -89.66 -89.59 -89.53 -89.44 -89.38 -89.28 -89.19
-91.53 -91.53 -91.50 -91.41 -91.34 -91.31 -91.25 -91.19 -91.34 -91.25 -91.22 -91.16 -91.09 -91.03 -90.97 -90.91 -90.84 -90.81 -90.75 -90.72 -90.69 -90.66 -90.62 -90.59 -90.59 -90.59 -90.59 -90.59 -90.41 -90.41 -90.41 -90.38 -90.38 -90.38 -90.34 -90.34 -90.31 -90.31 -90.28 -90.25 -90.25 -90.22 -90.19 -90.16 -90.12 -90.09 -90.22 -90.16 -90.12 -90.06 -90.03 -90.00 -89.97 -89.91 -89.88 -89.84 -89.81 -89.78 -89.75 -89.72 -89.69 -89.66 -89.62 -89.56 -89.50 -89.44 -89.38 -89.31 -89.22 -89.12 -89.03
-91.28 -91.28 -91.25 -91.22 -91.31 -91.09 -91.03 -90.97 -91.09 -91.03 -90.97 -90.91 -90.84 -90.78 -90.72 -90.66 -90.62 -90.56 -90.53 -90.47 -90.44 -90.41 -90.41 -90.38 -90.38 -90.38 -90.34 -90.38 -90.34 -90.19 -90.34 -90.19 -90.34 -90.16 -90.12 -90.16 -90.12 -90.12 -90.09 -90.06 -90.06 -90.00 -90.00 -90.16 -89.94 -90.06 -90.00 -89.97 -89.94 -89.91 -89.84 -89.81 -89.78 -89.75 -89.72 -89.69 -89.66 -89.62 -89.59 -89.56 -89.53 -89.50 -89.47 -89.41 -89.38 -89.31 -89.25 -89.16 -89.09 -89.00 -88.91
-90.97 -91.03 -90.97 -90.97 -91.03 -91.03 -90.78 -90.72 -90.81 -90.78 -90.72 -90.66 -90.59 -90.53 -90.47 -90.44 -90.38 -90.31 -90.28 -90.25 -90.22 -90.19 -90.16 -90.16 -90.12 -90.12 -90.09 -90.12 -90.09 -90.16 -90.09 -90.16 -90.09 -89.97 -90.09 -89.94 -90.09 -89.94 -89.91 -89.88 -89.88 -90.03 -89.81 -89.94 -89.94 -89.88 -89.81 -89.78 -89.75 -89.72 -89.69 -89.66 -89.62 -89.59 -89.56 -89.53 -89.50 -89.47 -89.44 -89.41 -89.38 -89.34 -89.31 -89.28 -89.22 -89.16 -89.09 -89.03 -88.94 -88.88 -88.78
-90.75 -90.78 -90.66 -90.72 -90.69 -90.72 -90.53 -90.62 -90.59 -90.53 -90.47 -90.41 -90.34 -90.28 -90.22 -90.19 -90.12 -90.09 -90.03 -90.00 -89.97 -89.94 -89.94 -89.91 -89.91 -89.88 -89.88 -89.88 -89.88 -89.88 -89.84 -89.91 -89.88 -89.91 -89.88 -89.91 -89.88 -89.72 -89.69 -89.66 -89.66 -89.81 -89.59 -89.75 -89.72 -89.69 -89.62 -89.59 -89.56 -89.53 -89.50 -89.47 -89.44 -89.41 -89.38 -89.34 -89.31 -89.31 -89.28 -89.25 -89.22 -89.19 -89.16 -89.12 -89.06 -89.03 -88.97 -88.91 -88.81 -88.75 -88.66
-90.44 -90.50 -90.38 -90.47 -90.38 -90.44 -90.44 -90.38 -90.34 -90.28 -90.22 -90.16 -90.09 -90.03 -89.97 -89.91 -89.88 -89.84 -89.78 -89.75 -89.72 -89.69 -89.69 -89.66 -89.66 -89.66 -89.66 -89.62 -89.62 -89.62 -89.62 -89.66 -89.66 -89.66 -89.69 -89.69 -89.69 -89.69 -89.66 -89.47 -89.62 -89.59 -89.59 -89.56 -89.53 -89.47 -89.44 -89.41 -89.38 -89.34 -89.31 -89.28 -89.25 -89.25 -89.22 -89.19 -89.16 -89.12 -89.12 -89.09 -89.06 -89.03 -89.00 -88.97 -88.94 -88.88 -88.84 -88.78 -88.69 -88.62 -88.53
-90.12 -90.22 -90.16 -90.19 -90.12 -90.12 -90.16 -90.09 -90.06 -90.00 -89.97 -89.88 -89.81 -89.75 -89.72 -89.66 -89.62 -89.56 -89.53 -89.50 -89.47 -89.47 -89.44 -89.44 -89.41 -89.41 -89.41 -89.41 -89.41 -89.41 -89.41 -89.41 -89.44 -89.41 -89.44 -89.41 -89.47 -89.47 -89.41 -89.44 -89.41 -89.41 -89.38 -89.34 -89.31 -89.28 -89.25 -89.22 -89.19 -89.16 -89.12 -89.12 -89.09 -89.06 -89.03 -89.03 -89.00 -88.97 -88.97 -88.94 -88.91 -88.91 -88.88 -88.84 -88.81 -88.75 -88.69 -88.66 -88.56 -88.50 -88.44
-89.81 -90.06 -89.56 -89.88 -89.75 -89.78 -89.84 -89.78 -89.81 -89.75 -89.69 -89.62 -89.53 -89.50 -89.44 -89.38 -89.34 -89.31 -89.28 -89.25 -89.22 -89.19 -89.19 -89.19 -89.16 -89.16 -89.16 -89.16 -89.16 -89.16 -89.19 -89.16 -89.19 -89.16 -89.19 -89.19 -89.22 -89.22 -89.19 -89.22 -89.19 -89.19 -89.16 -89.16 -89.09 -89.09 -89.06 -89.03 -89.00 -88.97 -88.94 -88.94 -88.91 -88.91 -88.88 -88.84 -88.84 -88.81 -88.81 -88.78 -88.78 -88.75 -88.72 -88.69 -88.66 -88.62 -88.56 -88.53 -88.47 -88.41 -88.31
-89.50 -89.53 -89.34 -89.62 -89.47 -89.44 -89.50 -89.44 -89.44 -89.44 -89.38 -89.31 -89.22 -89.19 -89.12 -89.09 -89.06 -89.03 -89.00 -88.97 -88.97 -88.94 -88.94 -88.94 -88.91 -88.91 -88.91 -88.91 -88.91 -88.91 -88.91 -88.91 -88.94 -88.94 -88.97 -88.94 -89.00 -88.97 -88.97 -88.97 -88.94 -88.97 -88.94 -88.94 -88.91 -88.88 -88.84 -88.84 -88.81 -88.78 -88.78 -88.75 -88.72 -88.72 -88.69 -88.69 -88.69 -88.66 -88.66 -88.62 -88.62 -88.59 -88.59 -88.56 -88.53 -88.50 -88.47 -88.41 -88.34 -88.28 -88.22
-89.22 -88.91 -89.22 -89.12 -89.19 -89.16 -89.22 -89.12 -89.09 -89.06 -89.03 -88.97 -88.91 -88.88 -88.84 -88.81 -88.78 -88.75 -88.75 -88.72 -88.69 -88.69 -88.69 -88.66 -88.66 -88.66 -88.66 -88.66 -88.66 -88.66 -88.66 -88.66 -88.69 -88.69 -88.72 -88.69 -88.75 -88.72 -88.75 -88.75 -88.72 -88.75 -88.72 -88.72 -88.69 -88.69 -88.66 -88.62 -88.62 -88.59 -88.56 -88.56 -88.56 -88.53 -88.53 -88.53 -88.53 -88.50 -88.50 -88.50 -88.47 -88.47 -88.44 -88.44 -88.41 -88.38 -88.34 -88.28 -88.25 -88.19 -88.12
-88.81 -88.47 -88.91 -88.66 -88.81 -88.84 -88.97 -88.75 -88.78 -88.69 -88.69 -88.66 -88.62 -88.59 -88.56 -88.53 -88.50 -88.50 -88.47 -88.44 -88.44 -88.44 -88.41 -88.41 -88.41 -88.41 -88.41 -88.41 -88.41 -88.41 -88.41 -88.41 -88.44 -88.44 -88.47 -88.44 -88.50 -88.47 -88.53 -88.53 -88.50 -88.50 -88.50 -88.47 -88.50 -88.47 -88.44 -88.44 -88.41 -88.41 -88.38 -88.38 -88.38 -88.38 -88.38 -88.38 -88.34 -88.34 -88.34 -88.34 -88.34 -88.31 -88.31 -88.31 -88.28 -88.25 -88.22 -88.19 -88.12 -88.06 -88.00
-88.44 -88.12 -88.59 -88.41 -88.47 -88.50 -88.44 -88.44 -88.44 -88.38 -88.38 -88.34 -88.31 -88.31 -88.28 -88.25 -88.25 -88.22 -88.19 -88.19 -88.16 -88.16 -88.16 -88.16 -88.16 -88.16 -88.16 -88.16 -88.16 -88.16 -88.16 -88.16 -88.19 -88.19 -88.22 -88.22 -88.28 -88.22 -88.31 -88.25 -88.28 -88.28 -88.28 -88.22 -88.28 -88.22 -88.25 -88.22 -88.22 -88.22 -88.19 -88.19 -88.19 -88.19 -88.19 -88.19 -88.19 -88.19 -88.19 -88.19 -88.19 -88.19 -88.19 -88.19 -88.19 -88.16 -88.12 -88.06 -88.03 -87.97 -87.72
-88.09 -87.78 -88.25 -87.84 -88.12 -88.16 -88.09 -88.09 -88.09 -88.06 -88.06 -88.03 -88.03 -88.00 -88.00 -87.97 -87.97 -87.94 -87.94 -87.91 -87.91 -87.91 -87.88 -87.88 -87.88 -87.88 -87.91 -87.91 -87.91 -87.91 -87.91 -87.94 -87.94 -87.94 -87.94 -87.94 -88.03 -87.97 -88.06 -88.00 -88.03 -88.00 -88.06 -87.97 -88.03 -88.00 -88.00 -88.00 -88.00 -88.00 -88.00 -88.00 -88.00 -88.03 -88.03 -88.03 -88.03 -88.03 -88.06 -88.06 -88.06 -88.06 -88.06 -88.06 -88.06 -88.06 -88.00 -87.97 -87.91 -87.66 -87.59
-87.72 -87.34 -87.88 -87.69 -87.75 -87.81 -87.78 -87.78 -87.78 -87.75 -87.75 -87.75 -87.72 -87.72 -87.69 -87.69 -87.69 -87.66 -87.66 -87.62 -87.62 -87.62 -87.62 -87.62 -87.62 -87.62 -87.66 -87.66 -87.66 -87.66 -87.66 -87.69 -87.66 -87.69 -87.69 -87.69 -87.75 -87.72 -87.78 -87.72 -87.75 -87.72 -87.78 -87.72 -87.78 -87.78 -87.78 -87.81 -87.78 -87.81 -87.81 -87.81 -87.81 -87.84 -87.84 -87.88 -87.88 -87.88 -87.91 -87.91 -87.94 -87.94 -87.94 -87.94 -87.94 -87.72 -87.69 -87.66 -87.56 -87.53 -87.44
-87.34 -86.97 -87.44 -87.28 -87.44 -87.50 -87.47 -87.47 -87.47 -87.47 -87.44 -87.44 -87.44 -87.44 -87.41 -87.41 -87.41 -87.38 -87.38 -87.38 -87.38 -87.38 -87.38 -87.38 -87.38 -87.38 -87.38 -87.41 -87.38 -87.41 -87.41 -87.41 -87.41 -87.44 -87.44 -87.44 -87.47 -87.47 -87.50 -87.47 -87.50 -87.47 -87.53 -87.50 -87.53 -87.53 -87.56 -87.59 -87.59 -87.59 -87.62 -87.62 -87.66 -87.66 -87.69 -87.69 -87.72 -87.75 -87.75 -87.78 -87.78 -87.81 -87.81 -87.62 -87.59 -87.59 -87.53 -87.53 -87.47 -87.31 -87.31
-86.88 -86.97 -87.03 -86.97 -87.12 -87.16 -87.28 -87.16 -87.16 -87.16 -87.16 -87.16 -87.12 -87.12 -87.12 -87.12 -87.09 -87.09 -87.09 -87.09 -87.09 -87.09 -87.09 -87.12 -87.12 -87.12 -87.12 -87.16 -87.12 -87.16 -87.16 -87.16 -87.16 -87.19 -87.19 -87.19 -87.19 -87.22 -87.25 -87.22 -87.25 -87.25 -87.25 -87.25 -87.28 -87.31 -87.31 -87.34 -87.38 -87.38 -87.44 -87.44 -87.47 -87.50 -87.50 -87.53 -87.56 -87.59 -87.59 -87.62 -87.66 -87.69 -87.50 -87.47 -87.50 -87.47 -87.44 -87.34 -87.28 -87.19 -87.22
-86.31 -86.72 -86.72 -86.53 -86.81 -86.84 -86.84 -86.84 -86.84 -86.84 -86.84 -86.84 -86.84 -86.84 -86.84 -86.84 -86.81 -86.81 -86.81 -86.81 -86.81 -86.84 -86.84 -86.84 -86.88 -86.88 -86.88 -86.88 -86.88 -86.91 -86.91 -86.94 -86.91 -86.94 -86.94 -86.97 -86.94 -86.97 -87.03 -86.97 -87.00 -87.00 -87.03 -87.00 -87.03 -87.06 -87.09 -87.12 -87.16 -87.16 -87.22 -87.22 -87.25 -87.28 -87.31 -87.38 -87.38 -87.44 -87.44 -87.50 -87.53 -87.34 -87.34 -87.31 -87.34 -87.25 -87.25 -87.25 -87.06 -86.94 -87.00
-86.22 -86.41 -86.12 -86.16 -86.47 -86.53 -86.53 -86.62 -86.53 -86.53 -86.56 -86.56 -86.56 -86.56 -86.56 -86.56 -86.56 -86.53 -86.53 -86.56 -86.56 -86.56 -86.59 -86.59 -86.59 -86.62 -86.62 -86.62 -86.62 -86.66 -86.66 -86.72 -86.66 -86.75 -86.69 -86.75 -86.72 -86.72 -86.81 -86.72 -86.75 -86.75 -86.78 -86.78 -86.81 -86.81 -86.84 -86.88 -86.91 -86.94 -86.97 -87.00 -87.06 -87.09 -87.12 -87.19 -87.22 -87.25 -87.28 -87.34 -87.16 -87.19 -87.19 -87.12 -87.25 -87.06 -86.97 -86.94 -86.88 -86.88 -86.78
-85.94 -86.00 -85.59 -85.84 -86.12 -86.19 -86.22 -86.19 -86.22 -86.25 -86.25 -86.25 -86.25 -86.28 -86.28 -86.28 -86.28 -86.28 -86.28 -86.28 -86.28 -86.31 -86.31 -86.34 -86.34 -86.34 -86.38 -86.38 -86.38 -86.41 -86.41 -86.47 -86.41 -86.34 -86.44 -86.53 -86.47 -86.47 -86.47 -86.47 -86.50 -86.50 -86.53 -86.53 -86.56 -86.56 -86.59 -86.66 -86.66 -86.72 -86.75 -86.81 -86.84 -86.91 -86.97 -87.00 -87.03 -87.09 -87.12 -86.97 -87.00 -87.00 -87.03 -86.97 -87.03 -86.88 -86.72 -86.66 -86.75 -86.62 -86.56
-85.59 -85.62 -85.41 -85.56 -85.81 -85.91 -85.91 -85.88 -85.94 -85.97 -85.97 -85.97 -85.97 -85.97 -85.97 -86.00 -86.00 -86.00 -86.00 -86.00 -86.03 -86.03 -86.06 -86.06 -86.09 -86.09 -86.09 -86.12 -86.12 -86.16 -86.16 -86.25 -86.19 -86.09 -86.22 -86.12 -86.25 -86.25 -86.22 -86.22 -86.22 -86.25 -86.28 -86.28 -86.31 -86.34 -86.38 -86.41 -86.44 -86.50 -86.53 -86.59 -86.66 -86.69 -86.75 -86.81 -86.84 -86.91 -86.94 -86.78 -86.81 -86.78 -86.81 -86.72 -86.66 -86.69 -86.50 -86.41 -86.53 -86.38 -86.25
-85.31 -85.28 -84.97 -85.28 -85.44 -85.59 -85.59 -85.66 -85.62 -85.69 -85.66 -85.69 -85.69 -85.69 -85.69 -85.72 -85.72 -85.72 -85.72 -85.75 -85.75 -85.78 -85.78 -85.81 -85.81 -85.84 -85.84 -85.88 -85.88 -85.91 -85.88 -86.00 -85.94 -85.84 -85.97 -85.84 -85.94 -86.00 -85.94 -85.97 -85.97 -85.97 -86.00 -86.03 -86.06 -86.09 -86.12 -86.16 -86.19 -86.25 -86.31 -86.38 -86.47 -86.47 -86.56 -86.62 -86.66 -86.53 -86.56 -86.59 -86.62 -86.56 -86.59 -86.56 -86.41 -86.44 -86.25 -86.34 -86.25 -86.06 -85.91
-84.97 -85.00 -84.50 -85.00 -84.69 -85.28 -85.28 -85.31 -85.31 -85.34 -85.38 -85.38 -85.41 -85.41 -85.41 -85.44 -85.44 -85.44 -85.47 -85.47 -85.50 -85.53 -85.53 -85.56 -85.56 -85.59 -85.59 -85.59 -85.59 -85.66 -85.62 -85.72 -85.69 -85.56 -85.69 -85.72 -85.69 -85.72 -85.69 -85.72 -85.72 -85.72 -85.75 -85.75 -85.81 -85.84 -85.88 -85.91 -85.97 -86.03 -86.06 -86.16 -86.25 -86.28 -86.38 -86.41 -86.25 -86.31 -86.38 -86.34 -86.41 -86.34 -86.25 -86.38 -86.16 -86.16 -86.12 -86.06 -85.88 -85.78 -85.75
-84.62 -84.69 -84.50 -84.41 -84.31 -84.88 -84.97 -84.97 -85.03 -85.06 -85.06 -85.09 -85.12 -85.12 -85.16 -85.16 -85.16 -85.19 -85.19 -85.22 -85.22 -85.25 -85.28 -85.28 -85.31 -85.31 -85.34 -85.34 -85.34 -85.41 -85.38 -85.44 -85.44 -85.47 -85.44 -85.41 -85.44 -85.44 -85.47 -85.47 -85.47 -85.47 -85.50 -85.50 -85.56 -85.59 -85.62 -85.66 -85.72 -85.78 -85.81 -85.91 -86.00 -86.03 -85.97 -86.19 -86.06 -86.06 -86.16 -86.12 -86.19 -86.16 -86.12 -86.19 -85.88 -85.88 -85.78 -85.75 -85.66 -85.34 -85.38
-83.94 -84.31 -84.25 -84.03 -84.34 -84.53 -84.62 -84.69 -84.72 -84.75 -84.78 -84.81 -84.84 -84.84 -84.88 -84.88 -84.91 -84.91 -84.94 -84.94 -84.97 -85.00 -85.00 -85.03 -85.06 -85.06 -85.06 -85.12 -85.09 -85.16 -85.12 -85.19 -85.22 -85.16 -85.19 -85.16 -85.19 -85.16 -85.19 -85.19 -85.22 -85.19 -85.25 -85.25 -85.28 -85.31 -85.38 -85.41 -85.47 -85.53 -85.56 -85.66 -85.75 -85.78 -85.72 -85.78 -85.84 -85.84 -85.97 -85.88 -85.84 -85.94 -85.81 -85.88 -85.72 -85.53 -85.50 -85.38 -85.25 -85.00 -84.94
-83.50 -83.97 -83.97 -83.97 -84.12 -84.22 -84.31 -84.38 -84.44 -84.47 -84.50 -84.53 -84.56 -84.59 -84.59 -84.62 -84.62 -84.66 -84.66 -84.69 -84.72 -84.72 -84.75 -84.78 -84.78 -84.81 -84.81 -84.88 -84.84 -84.72 -84.88 -84.75 -84.75 -84.91 -84.78 -84.91 -84.97 -84.91 -84.94 -84.91 -84.94 -84.91 -84.94 -84.97 -85.03 -85.06 -85.09 -85.16 -85.19 -85.25 -85.31 -85.41 -85.50 -85.53 -85.50 -85.50 -85.62 -85.59 -85.69 -85.62 -85.56 -85.62 -85.62 -85.44 -85.34 -85.31 -85.25 -85.03 -84.91 -84.75 -84.59
