arlandasctiles/Tile5,15.asc
ncols 128
nrows 128
xllcorner 0
yllcorner 0
cellsize 2.0
NODATA_value  -9999
[rows 60 to 89 of 128, columns 0 to 68 of 128]
-100.69 -100.75 -100.84 -100.91 -100.97 -101.06 -101.12 -101.19 -101.28 -101.34 -101.44 -101.50 -101.59 -101.66 -101.75 -101.81 -101.91 -101.97 -102.06 -102.12 -102.19 -102.25 -102.31 -102.41 -102.47 -102.53 -102.62 -102.72 -102.78 -102.88 -102.97 -103.09 -103.22 -103.22 -103.59 -103.56 -103.97 -103.78 -103.53 -104.25 -103.72 -104.41 -104.47 -103.91 -104.12 -104.59 -104.00 -104.47 -104.16 -103.84 -103.91 -103.91 -104.53 -103.81 -104.59 -104.09 -104.56 -103.88 -104.44 -103.81 -104.41 -103.78 -104.41 -104.31 -103.84 -104.16 -104.12 -104.38 -104.16
-100.41 -100.47 -100.56 -100.62 -100.69 -100.75 -100.84 -100.91 -100.97 -101.06 -101.12 -101.22 -101.28 -101.38 -101.44 -101.53 -101.62 -101.69 -101.78 -101.84 -101.91 -101.97 -102.03 -102.12 -102.19 -102.25 -102.34 -102.44 -102.50 -102.59 -102.69 -102.78 -102.91 -102.78 -103.25 -102.97 -103.69 -103.31 -103.03 -103.94 -103.28 -103.91 -104.03 -103.78 -103.38 -104.34 -103.69 -103.81 -104.03 -103.25 -103.44 -103.41 -104.31 -103.41 -104.28 -103.88 -104.25 -103.50 -104.09 -103.47 -104.09 -103.47 -104.06 -103.81 -103.50 -104.03 -103.78 -104.09 -103.84
-100.12 -100.19 -100.28 -100.34 -100.41 -100.47 -100.56 -100.62 -100.69 -100.78 -100.84 -100.94 -101.00 -101.09 -101.16 -101.25 -101.31 -101.41 -101.47 -101.56 -101.62 -101.69 -101.75 -101.81 -101.91 -101.97 -102.03 -102.12 -102.22 -102.28 -102.38 -102.44 -102.56 -102.38 -102.91 -102.75 -103.38 -102.91 -102.69 -103.56 -102.91 -103.69 -103.19 -103.72 -103.16 -104.06 -103.31 -103.06 -103.78 -102.72 -103.06 -103.12 -104.06 -103.38 -103.91 -103.62 -103.91 -103.38 -103.81 -103.28 -103.81 -103.19 -103.72 -103.22 -103.16 -103.66 -103.50 -103.78 -103.50
-99.84 -99.91 -100.00 -100.06 -100.12 -100.19 -100.28 -100.34 -100.41 -100.47 -100.56 -100.62 -100.72 -100.78 -100.88 -100.94 -101.03 -101.12 -101.19 -101.25 -101.34 -101.41 -101.47 -101.53 -101.62 -101.69 -101.75 -101.84 -101.94 -102.00 -102.09 -102.16 -102.25 -102.22 -102.75 -102.34 -103.09 -102.53 -102.31 -103.12 -102.44 -103.34 -102.69 -103.38 -102.78 -103.72 -103.00 -102.69 -103.44 -102.53 -102.78 -102.91 -103.78 -102.94 -103.59 -103.44 -103.59 -102.88 -103.53 -102.88 -103.50 -102.94 -103.38 -102.69 -102.91 -103.12 -103.34 -103.34 -103.25
-99.56 -99.62 -99.69 -99.78 -99.84 -99.91 -99.97 -100.06 -100.12 -100.19 -100.28 -100.34 -100.41 -100.50 -100.56 -100.66 -100.75 -100.81 -100.91 -100.97 -101.03 -101.12 -101.19 -101.25 -101.34 -101.41 -101.50 -101.56 -101.75 -101.72 -101.78 -101.94 -101.97 -101.78 -102.41 -102.00 -102.78 -102.19 -102.03 -102.75 -102.03 -103.03 -102.34 -103.12 -102.44 -103.38 -102.69 -102.38 -103.22 -102.25 -102.38 -102.72 -103.22 -102.62 -103.34 -103.25 -103.28 -102.59 -103.09 -102.62 -103.22 -102.62 -103.16 -102.56 -102.72 -102.81 -102.97 -102.97 -103.12
-99.28 -99.34 -99.41 -99.50 -99.56 -99.62 -99.69 -99.78 -99.84 -99.91 -99.97 -100.03 -100.12 -100.19 -100.28 -100.34 -100.44 -100.53 -100.59 -100.69 -100.75 -100.81 -100.91 -100.97 -101.06 -101.12 -101.22 -101.28 -101.41 -101.41 -101.50 -101.69 -101.72 -101.53 -102.16 -101.56 -102.53 -101.88 -101.66 -102.38 -101.75 -102.75 -102.00 -102.84 -102.09 -103.03 -102.38 -102.06 -102.91 -101.88 -102.06 -102.53 -102.81 -102.34 -103.06 -103.03 -102.72 -102.78 -102.59 -102.53 -102.78 -102.31 -102.94 -102.31 -102.50 -102.56 -102.78 -102.59 -102.72
-99.00 -99.06 -99.12 -99.22 -99.28 -99.34 -99.41 -99.47 -99.56 -99.62 -99.69 -99.75 -99.81 -99.91 -99.97 -100.06 -100.12 -100.22 -100.31 -100.38 -100.44 -100.53 -100.59 -100.69 -100.75 -100.84 -100.94 -101.00 -101.09 -101.16 -101.22 -101.44 -101.47 -101.28 -101.88 -101.28 -101.97 -101.56 -101.34 -102.03 -101.53 -102.47 -101.66 -102.56 -101.84 -102.66 -102.03 -101.94 -102.47 -101.66 -101.81 -102.34 -102.34 -102.19 -102.78 -102.78 -102.22 -102.59 -102.34 -102.28 -102.50 -102.25 -102.47 -101.94 -102.34 -102.28 -102.50 -102.31 -102.47
-98.69 -98.78 -98.84 -98.91 -99.00 -99.03 -99.12 -99.19 -99.25 -99.31 -99.41 -99.47 -99.53 -99.59 -99.66 -99.75 -99.81 -99.91 -100.00 -100.06 -100.16 -100.22 -100.31 -100.41 -100.47 -100.62 -100.66 -100.75 -100.81 -100.94 -100.97 -101.00 -101.22 -101.00 -101.47 -101.06 -101.62 -101.22 -101.16 -101.69 -101.16 -102.06 -101.28 -102.25 -101.62 -102.31 -101.69 -101.88 -101.84 -101.31 -101.47 -102.12 -101.97 -102.06 -102.50 -102.53 -101.88 -102.41 -102.00 -102.12 -102.41 -102.03 -102.22 -101.78 -102.25 -102.03 -102.19 -102.09 -102.09
-98.41 -98.50 -98.56 -98.62 -98.69 -98.75 -98.81 -98.88 -98.97 -99.03 -99.09 -99.19 -99.22 -99.28 -99.38 -99.44 -99.53 -99.59 -99.69 -99.78 -99.84 -99.94 -100.00 -100.12 -100.19 -100.31 -100.38 -100.47 -100.50 -100.78 -100.69 -100.72 -100.97 -100.72 -101.03 -100.81 -101.47 -100.88 -101.06 -101.25 -100.81 -101.50 -101.00 -101.94 -101.31 -101.94 -101.47 -101.56 -101.12 -100.97 -101.25 -101.88 -101.66 -101.91 -102.25 -102.28 -101.59 -102.19 -101.75 -101.88 -102.12 -101.59 -101.94 -101.69 -101.88 -101.78 -101.88 -101.84 -101.66
-98.12 -98.19 -98.25 -98.31 -98.41 -98.47 -98.53 -98.59 -98.66 -98.75 -98.81 -98.91 -98.94 -99.00 -99.06 -99.12 -99.22 -99.31 -99.38 -99.47 -99.56 -99.62 -99.72 -99.81 -99.91 -100.00 -100.09 -100.19 -100.19 -100.38 -100.44 -100.47 -100.66 -100.47 -100.66 -100.53 -101.09 -100.34 -100.97 -100.72 -100.66 -100.88 -100.75 -101.56 -100.97 -101.53 -101.19 -101.06 -100.78 -100.94 -101.03 -101.62 -101.59 -101.59 -102.00 -102.03 -101.28 -101.91 -101.41 -101.44 -101.84 -101.25 -101.59 -101.50 -101.50 -101.56 -101.56 -101.56 -101.28
-97.84 -97.91 -97.97 -98.03 -98.09 -98.16 -98.25 -98.31 -98.38 -98.44 -98.50 -98.59 -98.62 -98.69 -98.75 -98.81 -98.91 -99.00 -99.06 -99.16 -99.25 -99.34 -99.44 -99.50 -99.62 -99.72 -99.78 -99.91 -99.88 -100.19 -100.16 -100.19 -100.28 -100.22 -100.25 -100.28 -100.78 -100.03 -100.78 -100.38 -100.47 -100.47 -100.66 -100.97 -100.66 -101.12 -101.09 -100.62 -100.66 -100.66 -100.72 -101.38 -101.38 -101.22 -101.78 -101.81 -101.00 -101.66 -101.22 -101.06 -101.31 -101.25 -101.41 -101.25 -101.00 -101.31 -101.28 -101.31 -100.94
-97.56 -97.62 -97.69 -97.75 -97.81 -97.88 -97.94 -98.00 -98.06 -98.12 -98.16 -98.28 -98.31 -98.38 -98.44 -98.50 -98.59 -98.69 -98.75 -98.84 -98.94 -99.03 -99.12 -99.22 -99.31 -99.44 -99.50 -99.59 -99.62 -99.84 -99.91 -100.09 -99.94 -99.94 -100.00 -99.97 -100.47 -99.97 -100.53 -99.97 -100.19 -100.22 -100.59 -100.34 -100.84 -100.50 -101.03 -100.22 -100.56 -100.28 -100.53 -101.09 -101.16 -100.75 -101.56 -101.56 -100.75 -101.41 -100.88 -101.09 -100.69 -101.06 -101.00 -100.97 -100.84 -101.03 -101.03 -101.00 -100.66
-97.28 -97.31 -97.41 -97.44 -97.50 -97.56 -97.62 -97.69 -97.75 -97.81 -97.84 -97.94 -97.97 -98.03 -98.09 -98.19 -98.28 -98.38 -98.44 -98.53 -98.62 -98.72 -98.81 -98.91 -99.00 -99.12 -99.16 -99.38 -99.44 -99.56 -99.62 -99.62 -99.66 -99.72 -99.72 -99.66 -100.16 -99.50 -100.22 -99.78 -99.91 -99.94 -100.44 -100.00 -100.47 -100.12 -100.69 -99.88 -100.44 -100.03 -100.59 -100.75 -100.94 -100.66 -101.34 -101.34 -100.53 -101.19 -100.53 -100.94 -100.38 -100.88 -100.75 -100.53 -100.72 -100.75 -100.69 -100.62 -100.59
-97.00 -97.03 -97.12 -97.16 -97.22 -97.28 -97.31 -97.38 -97.41 -97.50 -97.53 -97.59 -97.66 -97.72 -97.78 -97.88 -97.97 -98.03 -98.12 -98.22 -98.31 -98.41 -98.50 -98.59 -98.69 -98.78 -98.84 -99.12 -98.88 -99.31 -99.38 -99.38 -99.41 -99.50 -99.47 -99.41 -99.62 -99.31 -99.66 -99.53 -99.62 -99.62 -100.28 -99.72 -100.28 -99.78 -100.38 -99.59 -100.34 -99.84 -100.44 -100.25 -100.75 -100.41 -101.12 -101.06 -100.31 -100.94 -100.25 -100.72 -100.16 -100.44 -100.44 -100.19 -100.44 -100.19 -100.09 -100.38 -100.31
-96.50 -96.75 -96.66 -96.88 -96.94 -96.97 -97.03 -97.06 -97.09 -97.16 -97.22 -97.28 -97.34 -97.41 -97.47 -97.56 -97.62 -97.72 -97.81 -97.91 -98.00 -98.09 -98.19 -98.28 -98.34 -98.44 -98.50 -98.69 -98.53 -99.06 -99.12 -99.16 -99.12 -99.28 -99.25 -99.09 -99.31 -99.09 -99.50 -99.50 -99.28 -99.28 -99.81 -99.31 -99.94 -99.47 -100.00 -99.38 -99.97 -99.62 -100.19 -99.94 -100.53 -100.09 -100.88 -100.78 -100.00 -100.69 -99.97 -100.47 -99.75 -100.22 -100.12 -99.81 -100.00 -99.84 -99.53 -100.00 -100.06
-96.19 -96.25 -96.34 -96.56 -96.66 -96.69 -96.72 -96.78 -96.81 -96.88 -96.94 -96.94 -97.03 -97.06 -97.16 -97.22 -97.31 -97.41 -97.50 -97.59 -97.69 -97.75 -97.88 -97.97 -98.03 -98.12 -98.22 -98.28 -98.22 -98.75 -98.84 -98.84 -98.84 -99.03 -98.94 -98.91 -99.03 -98.91 -99.00 -99.19 -98.72 -99.03 -99.34 -99.00 -99.31 -99.25 -99.53 -99.19 -99.66 -99.34 -99.88 -99.66 -100.25 -99.81 -100.62 -100.41 -99.88 -100.16 -99.66 -100.19 -99.41 -99.88 -99.84 -99.44 -99.47 -99.50 -99.09 -99.59 -99.72
-95.88 -95.94 -96.03 -96.09 -96.16 -96.22 -96.44 -96.50 -96.53 -96.50 -96.62 -96.62 -96.69 -96.75 -96.81 -96.91 -97.00 -97.06 -97.16 -97.25 -97.34 -97.41 -97.53 -97.62 -97.72 -97.78 -97.88 -97.81 -98.09 -98.44 -98.56 -98.62 -98.53 -98.75 -98.34 -98.69 -98.75 -98.69 -98.66 -98.94 -98.47 -98.97 -98.75 -98.78 -98.91 -99.06 -99.12 -99.00 -99.22 -99.06 -99.47 -99.31 -100.00 -99.47 -100.12 -99.81 -99.94 -99.91 -99.22 -99.66 -99.16 -99.31 -99.50 -99.19 -98.88 -98.97 -98.69 -99.09 -99.28
-95.56 -95.62 -95.91 -95.78 -96.00 -95.91 -96.12 -96.16 -96.22 -96.19 -96.25 -96.28 -96.38 -96.44 -96.50 -96.59 -96.66 -96.75 -96.81 -96.91 -97.00 -97.09 -97.19 -97.28 -97.38 -97.44 -97.53 -97.59 -97.91 -98.09 -98.22 -98.31 -98.31 -98.31 -98.28 -98.41 -98.47 -98.44 -98.34 -98.66 -98.22 -98.75 -98.28 -98.56 -98.66 -98.81 -98.75 -98.84 -98.72 -99.06 -98.94 -99.00 -99.56 -99.09 -99.78 -99.16 -99.56 -99.19 -98.97 -99.28 -98.88 -98.75 -99.03 -98.88 -98.41 -98.41 -98.16 -98.72 -98.81
-95.25 -95.31 -95.38 -95.44 -95.69 -95.75 -95.81 -95.81 -95.88 -95.88 -95.94 -95.97 -96.03 -96.09 -96.19 -96.25 -96.34 -96.41 -96.50 -96.56 -96.66 -96.75 -96.75 -96.97 -97.03 -97.12 -97.25 -97.34 -97.56 -97.47 -97.84 -98.00 -98.06 -97.97 -98.03 -98.12 -98.22 -98.16 -98.09 -98.22 -98.03 -98.31 -98.06 -98.34 -98.44 -98.53 -98.59 -98.53 -98.41 -98.91 -98.59 -98.66 -99.25 -98.75 -99.44 -98.91 -99.19 -98.88 -98.62 -98.94 -98.53 -98.38 -98.53 -98.53 -98.06 -97.84 -97.66 -98.31 -98.25
-94.94 -95.00 -95.06 -95.12 -95.19 -95.44 -95.50 -95.47 -95.53 -95.53 -95.59 -95.66 -95.72 -95.78 -95.84 -95.94 -96.00 -96.06 -96.16 -96.22 -96.31 -96.38 -96.41 -96.62 -96.69 -96.78 -96.97 -97.03 -97.12 -97.00 -97.50 -97.66 -97.78 -97.53 -97.72 -97.81 -97.97 -97.84 -97.84 -97.84 -97.91 -97.78 -97.84 -98.09 -98.16 -98.09 -98.28 -98.31 -98.00 -98.50 -98.25 -98.34 -98.94 -98.44 -99.09 -98.56 -98.75 -98.69 -98.28 -98.59 -98.22 -98.09 -98.00 -98.12 -97.75 -97.38 -97.25 -97.81 -97.62
-94.59 -94.66 -94.75 -95.00 -94.88 -95.09 -95.16 -95.12 -95.19 -95.22 -95.28 -95.31 -95.38 -95.47 -95.53 -95.59 -95.66 -95.75 -95.81 -95.88 -95.97 -96.03 -96.09 -96.22 -96.28 -96.44 -96.59 -96.62 -96.50 -96.69 -97.22 -97.25 -97.47 -97.38 -97.34 -97.53 -97.69 -97.56 -97.66 -97.56 -97.69 -97.53 -97.69 -97.81 -97.97 -97.72 -98.12 -97.88 -97.75 -98.16 -97.91 -98.00 -98.56 -98.09 -98.75 -98.16 -98.28 -98.50 -98.03 -98.25 -97.91 -97.78 -97.62 -97.66 -97.44 -97.00 -96.91 -97.28 -97.09
-94.28 -94.34 -94.41 -94.66 -94.53 -94.75 -94.81 -94.81 -94.88 -94.91 -94.94 -95.00 -95.06 -95.12 -95.19 -95.28 -95.34 -95.41 -95.47 -95.56 -95.62 -95.69 -95.78 -95.88 -95.94 -96.09 -96.19 -96.22 -96.12 -96.31 -96.91 -96.66 -97.19 -97.00 -97.03 -97.19 -97.38 -97.28 -97.41 -97.31 -97.47 -97.25 -97.50 -97.38 -97.59 -97.41 -97.88 -97.50 -97.44 -97.84 -97.56 -97.78 -98.09 -97.75 -98.34 -97.78 -97.91 -98.19 -97.72 -97.91 -97.62 -97.44 -97.25 -97.12 -97.09 -96.62 -96.53 -96.91 -96.50
-93.94 -94.00 -94.09 -94.12 -94.22 -94.28 -94.50 -94.56 -94.53 -94.62 -94.62 -94.69 -94.75 -94.81 -94.88 -94.94 -95.00 -95.06 -95.16 -95.22 -95.28 -95.34 -95.44 -95.59 -95.62 -95.88 -95.81 -95.84 -95.72 -96.00 -96.47 -96.16 -96.84 -96.62 -96.69 -96.84 -97.03 -96.97 -97.12 -97.03 -97.16 -97.12 -97.00 -97.19 -97.19 -97.09 -97.53 -97.19 -97.12 -97.53 -97.19 -97.59 -97.62 -97.41 -97.88 -97.41 -97.56 -97.78 -97.28 -97.47 -97.31 -97.06 -96.84 -96.78 -96.81 -96.31 -96.16 -96.53 -95.88
-93.62 -93.69 -93.75 -93.81 -93.88 -93.94 -94.12 -94.25 -94.19 -94.28 -94.28 -94.38 -94.41 -94.47 -94.53 -94.62 -94.69 -94.75 -94.81 -94.88 -94.94 -95.03 -95.09 -95.34 -95.19 -95.66 -95.38 -95.50 -95.25 -95.72 -95.88 -95.81 -96.44 -95.94 -96.31 -96.56 -96.72 -96.62 -96.81 -96.75 -96.88 -96.69 -96.72 -96.88 -96.97 -96.75 -97.06 -96.94 -96.81 -97.19 -96.88 -97.41 -97.19 -97.09 -97.25 -97.12 -97.25 -97.31 -96.88 -97.00 -96.84 -96.69 -96.50 -96.34 -96.41 -96.03 -95.75 -96.19 -95.44
-93.31 -93.34 -93.44 -93.47 -93.56 -93.62 -93.81 -93.91 -93.88 -93.97 -93.97 -94.03 -94.09 -94.16 -94.22 -94.28 -94.34 -94.41 -94.50 -94.56 -94.62 -94.69 -94.75 -94.88 -94.84 -95.06 -95.00 -95.12 -94.78 -95.31 -95.06 -95.41 -95.81 -95.78 -95.88 -96.16 -96.28 -96.34 -96.50 -96.44 -96.59 -96.38 -96.47 -96.50 -96.53 -96.44 -96.62 -96.69 -96.44 -96.84 -96.53 -97.09 -96.75 -96.84 -96.78 -96.88 -96.81 -96.72 -96.66 -96.53 -96.53 -96.25 -96.09 -95.94 -96.00 -95.75 -95.38 -95.94 -95.06
-92.97 -93.03 -93.12 -93.16 -93.22 -93.28 -93.47 -93.41 -93.56 -93.62 -93.66 -93.69 -93.75 -93.81 -93.88 -93.97 -94.03 -94.09 -94.16 -94.22 -94.28 -94.34 -94.41 -94.47 -94.59 -94.81 -94.69 -94.69 -94.47 -94.84 -94.66 -95.06 -95.28 -95.31 -95.53 -95.81 -95.91 -96.09 -96.16 -96.09 -96.28 -96.09 -96.12 -96.28 -96.09 -96.16 -96.19 -96.31 -96.12 -96.47 -96.22 -96.72 -96.31 -96.47 -96.12 -96.50 -96.34 -96.12 -96.25 -96.00 -96.03 -95.91 -95.66 -95.53 -95.56 -95.38 -94.84 -95.66 -94.72
-92.62 -92.66 -92.78 -92.81 -92.88 -92.94 -93.16 -93.25 -93.22 -93.28 -93.31 -93.38 -93.44 -93.50 -93.56 -93.62 -93.69 -93.78 -93.84 -93.91 -94.00 -94.03 -94.12 -94.16 -94.41 -94.41 -94.56 -94.28 -94.25 -94.50 -94.41 -94.69 -94.88 -94.84 -95.19 -95.41 -95.59 -95.59 -95.75 -95.75 -95.91 -95.81 -95.91 -95.97 -95.69 -95.97 -95.78 -95.88 -95.91 -96.09 -95.84 -96.31 -95.91 -96.09 -95.78 -95.97 -95.78 -95.66 -95.78 -95.69 -95.53 -95.66 -95.22 -95.12 -95.06 -95.00 -94.25 -95.12 -94.47
-92.25 -92.34 -92.41 -92.47 -92.56 -92.62 -92.84 -92.88 -92.91 -92.97 -93.00 -93.06 -93.09 -93.16 -93.22 -93.31 -93.38 -93.44 -93.50 -93.56 -93.69 -93.69 -93.91 -93.81 -93.97 -93.94 -94.06 -93.97 -94.00 -94.25 -94.12 -94.38 -94.41 -94.66 -94.91 -95.16 -95.19 -95.44 -95.38 -95.44 -95.50 -95.50 -95.50 -95.56 -95.38 -95.41 -95.53 -95.47 -95.41 -95.72 -95.47 -95.94 -95.53 -95.59 -95.41 -95.47 -95.28 -95.25 -95.28 -95.34 -94.97 -95.38 -94.78 -94.69 -94.56 -94.66 -93.84 -94.34 -94.41
-91.91 -92.00 -92.06 -92.12 -92.22 -92.44 -92.53 -92.56 -92.59 -92.66 -92.72 -92.75 -92.78 -92.84 -92.91 -92.97 -93.06 -93.12 -93.19 -93.25 -93.38 -93.38 -93.66 -93.53 -93.66 -93.75 -93.72 -93.66 -93.69 -94.00 -93.69 -94.06 -94.12 -94.41 -94.59 -94.78 -94.94 -95.00 -95.22 -95.12 -95.12 -95.19 -95.16 -95.12 -95.06 -95.03 -95.06 -95.06 -95.09 -95.31 -95.12 -95.53 -95.16 -95.28 -95.00 -94.97 -94.75 -94.78 -94.72 -95.06 -94.50 -94.97 -94.34 -94.28 -94.09 -94.22 -93.59 -93.72 -94.19
-91.56 -91.66 -91.72 -91.78 -91.88 -92.12 -92.19 -92.22 -92.31 -92.31 -92.44 -92.41 -92.53 -92.53 -92.59 -92.66 -92.72 -92.81 -92.88 -92.94 -93.06 -93.06 -93.19 -93.25 -93.38 -93.50 -93.41 -93.38 -93.34 -93.44 -93.53 -93.75 -93.81 -94.03 -94.16 -94.34 -94.59 -94.56 -94.84 -94.84 -94.88 -94.88 -94.88 -94.81 -94.75 -94.75 -94.69 -94.72 -94.78 -94.88 -94.72 -95.16 -94.75 -94.91 -94.62 -94.53 -94.25 -94.31 -94.28 -94.56 -94.06 -94.53 -93.91 -93.91 -93.66 -93.72 -93.38 -93.25 -93.91
