arlandasctiles/Tile[8,11].asc
ncols 128
nrows 128
xllcorner 0
yllcorner 0
cellsize 2.0
NODATA_value  -9999
[rows 0 to 33 of 128, columns 0 to 76 of 128]
51.09 51.06 51.06 51.09 51.12 51.19 51.31 51.31 51.38 51.41 51.53 51.53 51.59 51.50 51.44 51.28 51.12 50.91 50.53 50.22 49.78 49.44 49.06 48.62 48.09 47.62 47.22 46.88 46.56 46.25 45.94 45.59 45.25 44.91 44.53 44.31 44.12 43.94 43.78 43.66 43.53 43.44 43.34 43.25 43.16 43.09 43.03 42.97 42.94 42.88 42.84 42.78 42.69 42.62 42.56 42.44 42.31 42.19 41.75 41.81 41.91 41.69 41.47 41.16 40.81 40.38 39.94 39.44 38.91 38.34 37.75 37.16 36.44 35.97 36.25 36.19 36.25
51.12 51.09 51.09 51.09 51.09 51.19 51.19 51.25 51.31 51.44 51.50 51.62 51.62 51.66 51.56 51.50 51.28 51.03 50.75 50.34 50.03 49.69 49.28 48.84 48.38 47.88 47.50 47.16 46.84 46.56 46.25 45.91 45.56 45.09 44.81 44.66 44.41 44.22 44.12 44.00 43.88 43.78 43.69 43.62 43.56 43.50 43.44 43.38 43.34 43.31 43.25 43.19 43.16 43.06 43.00 42.88 42.78 42.66 42.53 42.12 42.12 42.12 41.88 41.59 41.28 40.91 40.50 40.06 39.62 39.16 38.66 38.16 37.69 37.34 37.41 37.44 37.44
51.16 51.12 51.12 51.09 51.09 51.09 51.16 51.22 51.25 51.41 51.53 51.66 51.66 51.69 51.62 51.56 51.34 51.16 50.81 50.56 50.22 49.88 49.53 49.09 48.59 48.16 47.75 47.41 47.12 46.84 46.56 46.22 45.91 45.44 45.16 45.00 44.69 44.56 44.50 44.34 44.25 44.16 44.06 44.00 43.94 43.88 43.81 43.78 43.72 43.69 43.66 43.62 43.56 43.50 43.44 43.31 43.22 43.06 42.94 42.78 42.41 42.41 42.31 42.00 41.72 41.41 41.06 40.69 40.31 39.91 39.50 39.09 38.72 38.41 38.31 38.44 38.38
51.19 51.16 51.16 51.12 51.12 51.12 51.12 51.16 51.22 51.38 51.53 51.62 51.69 51.66 51.66 51.62 51.38 51.22 50.97 50.69 50.41 50.06 49.72 49.31 48.84 48.41 48.03 47.69 47.41 47.16 46.88 46.53 46.22 45.75 45.50 45.38 45.06 44.94 44.84 44.69 44.66 44.53 44.44 44.34 44.28 44.22 44.19 44.16 44.12 44.09 44.06 44.03 44.00 43.94 43.88 43.75 43.62 43.50 43.34 43.16 42.97 42.62 42.66 42.38 42.12 41.88 41.59 41.31 41.00 40.66 40.31 39.97 39.66 39.38 39.25 39.44 39.34
51.22 51.19 51.19 51.16 51.16 51.12 51.12 51.12 51.19 51.31 51.44 51.59 51.66 51.69 51.69 51.50 51.44 51.19 51.00 50.78 50.50 50.22 49.84 49.47 49.03 48.62 48.28 47.97 47.69 47.44 47.22 46.88 46.56 46.09 45.88 45.72 45.41 45.31 45.12 45.09 45.03 44.91 44.78 44.72 44.62 44.56 44.50 44.50 44.47 44.47 44.44 44.44 44.41 44.38 44.31 44.22 44.06 43.91 43.72 43.53 43.31 43.09 42.75 42.84 42.53 42.31 42.09 41.88 41.62 41.34 41.09 40.81 40.50 40.25 40.19 40.25 40.16
51.22 51.22 51.19 51.19 51.16 51.16 51.16 51.12 51.16 51.28 51.41 51.53 51.66 51.66 51.62 51.53 51.41 51.22 51.03 50.78 50.56 50.28 49.97 49.59 49.22 48.84 48.53 48.25 47.97 47.75 47.53 47.19 46.91 46.44 46.22 46.09 45.78 45.69 45.50 45.44 45.28 45.19 45.19 45.06 44.94 44.88 44.84 44.81 44.81 44.81 44.81 44.84 44.84 44.81 44.75 44.66 44.50 44.34 44.12 43.91 43.66 43.41 43.19 42.97 43.03 42.75 42.59 42.44 42.25 42.06 41.84 41.59 41.31 41.09 40.91 40.84 40.78
51.25 51.25 51.22 51.22 51.19 51.19 51.19 51.19 51.22 51.28 51.38 51.47 51.56 51.56 51.59 51.50 51.41 51.22 51.06 50.84 50.59 50.34 50.03 49.69 49.34 49.03 48.75 48.50 48.25 48.03 47.84 47.56 47.25 46.78 46.56 46.47 46.16 46.06 45.88 45.75 45.66 45.56 45.44 45.34 45.25 45.19 45.16 45.12 45.12 45.16 45.19 45.25 45.28 45.31 45.25 45.12 44.97 44.75 44.53 44.28 44.03 43.78 43.59 43.34 43.25 43.19 43.03 42.97 42.88 42.75 42.59 42.38 42.09 41.81 41.62 41.38 41.53
51.28 51.25 51.25 51.22 51.22 51.22 51.19 51.22 51.22 51.25 51.28 51.38 51.44 51.50 51.47 51.41 51.34 51.19 51.00 50.81 50.59 50.34 50.06 49.78 49.50 49.22 48.97 48.75 48.53 48.34 48.16 47.97 47.62 47.16 46.94 46.81 46.53 46.44 46.28 46.12 45.97 45.91 45.69 45.72 45.53 45.47 45.44 45.38 45.44 45.53 45.53 45.66 45.78 45.78 45.75 45.62 45.44 45.19 44.94 44.66 44.41 44.19 44.00 43.81 43.53 43.69 43.44 43.44 43.44 43.41 43.31 43.12 42.88 42.59 42.00 41.81 42.12
51.31 51.28 51.28 51.25 51.25 51.22 51.22 51.22 51.25 51.28 51.25 51.28 51.34 51.41 51.41 51.31 51.22 51.12 50.97 50.75 50.56 50.31 50.09 49.84 49.62 49.38 49.19 48.97 48.78 48.62 48.47 48.31 47.97 47.66 47.31 47.19 46.91 46.81 46.56 46.50 46.34 46.22 46.09 46.03 45.91 45.75 45.78 45.72 45.81 45.91 45.91 46.06 46.19 46.31 46.28 46.12 45.91 45.62 45.31 45.06 44.81 44.62 44.44 44.25 44.06 44.00 44.22 43.88 43.97 44.03 43.97 43.81 43.56 43.28 43.06 43.00 43.12
51.31 51.31 51.28 51.28 51.25 51.25 51.25 51.25 51.25 51.25 51.28 51.22 51.22 51.22 51.25 51.22 51.16 51.03 50.84 50.72 50.56 50.34 50.12 49.91 49.72 49.53 49.34 49.19 49.03 48.88 48.75 48.59 48.38 48.00 47.69 47.56 47.25 47.19 46.94 46.88 46.69 46.53 46.47 46.41 46.12 46.06 46.00 46.06 46.12 46.16 46.31 46.44 46.62 46.72 46.78 46.69 46.38 46.06 45.72 45.47 45.28 45.06 44.91 44.72 44.56 44.41 44.53 44.47 44.47 44.53 44.53 44.44 44.31 44.09 43.91 43.94 44.03
51.34 51.31 51.31 51.28 51.28 51.25 51.25 51.25 51.25 51.22 51.22 51.19 51.19 51.12 51.16 51.12 51.06 50.91 50.78 50.72 50.53 50.38 50.16 49.94 49.78 49.66 49.53 49.38 49.25 49.16 49.03 48.91 48.81 48.41 48.16 47.94 47.66 47.56 47.28 47.25 47.00 46.91 46.84 46.78 46.44 46.47 46.34 46.38 46.50 46.53 46.66 46.84 46.97 47.06 47.19 47.16 46.88 46.53 46.19 45.94 45.75 45.56 45.38 45.22 45.06 44.94 44.81 44.94 44.94 44.97 45.00 45.00 44.97 45.00 45.16 45.44 45.62
51.38 51.34 51.31 51.31 51.28 51.28 51.25 51.25 51.25 51.22 51.19 51.12 51.09 51.06 51.06 51.03 51.00 50.91 50.81 50.66 50.53 50.34 50.19 50.00 49.84 49.75 49.66 49.56 49.50 49.41 49.28 49.22 49.12 48.72 48.62 48.41 48.03 47.97 47.66 47.62 47.38 47.28 47.22 47.09 46.78 46.72 46.66 46.75 46.88 46.91 47.03 47.16 47.28 47.41 47.62 47.59 47.34 47.03 46.69 46.44 46.25 46.06 45.91 45.75 45.62 45.50 45.41 45.19 45.38 45.44 45.47 45.53 45.59 45.69 45.84 46.25 46.47
51.38 51.34 51.34 51.31 51.31 51.28 51.28 51.25 51.22 51.22 51.19 51.12 51.09 51.06 51.00 50.97 50.94 50.84 50.72 50.69 50.56 50.38 50.25 50.03 49.91 49.88 49.81 49.75 49.69 49.62 49.53 49.47 49.41 49.31 48.97 48.84 48.59 48.31 48.06 48.03 47.75 47.69 47.59 47.50 47.16 47.09 47.03 47.12 47.22 47.22 47.34 47.47 47.59 47.81 47.88 47.97 47.81 47.53 47.22 46.97 46.78 46.59 46.44 46.31 46.16 46.03 45.94 45.91 45.56 45.78 45.97 46.06 46.16 46.31 46.50 46.75 47.03
51.41 51.38 51.34 51.34 51.31 51.28 51.28 51.25 51.22 51.22 51.19 51.12 51.12 51.06 51.03 50.97 50.94 50.81 50.78 50.66 50.56 50.41 50.22 50.06 49.97 49.97 49.97 49.94 49.88 49.81 49.78 49.72 49.66 49.59 49.38 49.22 49.12 48.78 48.41 48.38 48.12 48.06 47.97 47.88 47.47 47.41 47.38 47.44 47.56 47.53 47.62 47.75 47.97 48.06 48.12 48.31 48.28 48.03 47.78 47.50 47.31 47.16 47.00 46.84 46.69 46.56 46.44 46.38 46.34 45.97 46.22 46.56 46.72 46.91 47.12 47.41 47.66
51.41 51.41 51.38 51.34 51.31 51.31 51.28 51.25 51.25 51.22 51.19 51.12 51.12 51.09 51.06 51.00 50.94 50.84 50.78 50.69 50.59 50.41 50.28 50.22 50.22 50.22 50.19 50.09 50.06 50.00 49.97 49.94 49.91 49.88 49.81 49.62 49.47 49.31 48.97 48.72 48.47 48.41 48.31 48.22 47.81 47.72 47.69 47.75 47.81 47.78 47.97 48.09 48.16 48.25 48.47 48.62 48.66 48.53 48.31 48.09 47.88 47.72 47.56 47.41 47.22 47.06 46.94 46.84 46.81 46.81 46.47 46.84 47.25 47.47 47.75 48.03 48.31
51.44 51.41 51.38 51.38 51.34 51.31 51.28 51.25 51.25 51.22 51.19 51.12 51.12 51.09 51.09 51.03 50.97 50.91 50.78 50.69 50.59 50.47 50.41 50.47 50.56 50.53 50.47 50.31 50.25 50.19 50.19 50.16 50.12 50.09 50.06 50.06 49.88 49.78 49.50 49.25 49.00 48.84 48.75 48.62 48.22 48.12 48.06 48.12 48.19 48.12 48.22 48.28 48.47 48.56 48.75 48.81 48.88 49.06 48.84 48.66 48.47 48.28 48.09 47.94 47.75 47.56 47.41 47.31 47.28 47.31 47.31 47.12 47.66 48.00 48.31 48.62 48.97
51.44 51.44 51.41 51.38 51.34 51.31 51.28 51.25 51.25 51.22 51.19 51.12 51.12 51.09 51.03 51.03 51.00 50.97 50.84 50.81 50.84 50.84 50.84 50.91 50.97 50.94 50.78 50.62 50.53 50.41 50.34 50.34 50.31 50.31 50.34 50.31 50.31 50.16 49.94 49.72 49.34 49.22 49.09 48.91 48.66 48.53 48.47 48.47 48.50 48.47 48.50 48.56 48.66 48.81 48.88 48.94 49.22 49.28 49.34 49.19 49.03 48.84 48.62 48.44 48.22 48.00 47.84 47.72 47.69 47.75 47.88 47.81 47.94 48.53 48.84 49.19 49.59
51.47 51.44 51.41 51.38 51.34 51.31 51.31 51.28 51.25 51.22 51.19 51.12 51.12 51.09 51.06 51.03 51.06 51.09 51.12 51.12 51.22 51.31 51.50 51.59 51.72 51.62 51.41 51.16 50.91 50.69 50.59 50.56 50.50 50.50 50.50 50.56 50.56 50.56 50.28 50.25 49.72 49.44 49.31 49.12 48.94 48.84 48.78 48.75 48.75 48.72 48.69 48.84 48.91 48.97 49.00 49.28 49.31 49.41 49.59 49.72 49.50 49.34 49.16 48.91 48.66 48.41 48.22 48.09 48.06 48.12 48.31 48.50 48.47 48.84 49.38 49.75 50.19
51.47 51.47 51.44 51.41 51.38 51.34 51.31 51.28 51.22 51.22 51.19 51.12 51.12 51.09 51.09 51.16 51.19 51.28 51.44 51.66 51.94 52.19 52.28 52.31 52.34 52.31 52.12 51.88 51.44 51.06 50.88 50.78 50.69 50.66 50.69 50.75 50.81 50.81 50.62 50.44 50.25 49.81 49.59 49.41 49.22 49.12 49.06 49.00 49.00 48.97 49.00 49.03 49.09 49.19 49.38 49.38 49.47 49.62 49.78 49.88 49.72 49.62 49.66 49.31 49.00 48.72 48.50 48.41 48.38 48.50 48.72 48.97 49.25 49.38 49.78 50.25 50.69
51.50 51.47 51.44 51.41 51.38 51.34 51.31 51.28 51.22 51.19 51.19 51.12 51.12 51.12 51.12 51.22 51.31 51.53 51.81 52.25 52.44 52.53 52.59 52.62 52.62 52.59 52.50 52.31 51.97 51.53 51.12 51.00 50.84 50.81 50.84 50.81 50.94 50.97 50.81 50.72 50.47 50.09 49.88 49.66 49.50 49.38 49.31 49.25 49.25 49.25 49.28 49.31 49.50 49.50 49.50 49.69 49.69 49.81 49.88 49.97 49.75 49.81 49.84 49.56 49.31 48.94 48.66 48.66 48.66 48.84 49.12 49.41 49.72 50.00 50.19 50.62 51.09
51.50 51.50 51.47 51.44 51.41 51.34 51.31 51.28 51.22 51.19 51.12 51.12 51.09 51.19 51.28 51.44 51.69 52.03 52.34 52.47 52.56 52.62 52.69 52.69 52.69 52.66 52.59 52.47 52.31 52.00 51.66 51.28 51.06 50.94 50.94 51.00 51.06 51.06 51.03 50.75 50.59 50.38 50.12 49.91 49.72 49.62 49.53 49.50 49.50 49.53 49.59 49.78 49.78 49.81 49.81 49.91 49.94 49.94 50.00 50.12 49.94 49.91 49.78 49.72 49.38 49.12 48.81 49.00 48.97 49.16 49.50 49.88 50.22 50.53 50.81 50.97 51.38
51.53 51.50 51.47 51.44 51.41 51.38 51.31 51.28 51.22 51.19 51.12 51.16 51.16 51.28 51.50 51.75 52.12 52.38 52.47 52.56 52.62 52.66 52.69 52.69 52.69 52.66 52.62 52.53 52.44 52.31 52.16 51.75 51.38 51.19 51.09 51.12 51.25 51.25 51.16 50.94 50.84 50.56 50.34 50.12 49.94 49.84 49.75 49.72 49.69 49.75 49.84 50.03 50.09 50.06 50.09 50.09 50.09 50.16 50.19 50.34 50.06 50.03 49.91 49.88 49.66 49.31 49.12 49.25 49.50 49.53 49.91 50.31 50.69 51.03 51.31 51.62 51.75
51.56 51.53 51.50 51.47 51.44 51.41 51.34 51.28 51.22 51.22 51.25 51.25 51.34 51.56 51.88 52.12 52.31 52.44 52.53 52.59 52.62 52.66 52.66 52.66 52.66 52.62 52.59 52.56 52.50 52.47 52.41 52.25 51.91 51.59 51.34 51.34 51.38 51.44 51.31 51.09 50.91 50.69 50.53 50.31 50.16 50.03 49.94 49.91 49.88 49.91 50.00 50.12 50.19 50.22 50.22 50.25 50.28 50.44 50.44 50.50 50.19 50.16 50.09 50.16 49.88 49.47 49.38 49.59 49.72 50.06 50.34 50.81 51.12 51.47 51.81 52.09 52.34
51.56 51.56 51.53 51.50 51.47 51.41 51.34 51.28 51.25 51.31 51.38 51.47 51.75 52.06 52.22 52.34 52.44 52.50 52.56 52.59 52.59 52.62 52.62 52.59 52.59 52.56 52.53 52.53 52.50 52.47 52.47 52.47 52.38 51.94 51.62 51.53 51.53 51.53 51.47 51.25 50.97 50.84 50.69 50.50 50.31 50.19 50.09 50.03 50.03 50.03 50.06 50.19 50.22 50.28 50.31 50.38 50.47 50.50 50.59 50.62 50.34 50.34 50.28 50.38 50.06 49.88 49.84 49.88 50.06 50.41 50.78 51.12 51.47 51.88 52.19 52.47 52.72
51.59 51.56 51.56 51.53 51.50 51.44 51.41 51.38 51.34 51.47 51.66 51.97 52.28 52.38 52.44 52.50 52.50 52.53 52.56 52.56 52.56 52.56 52.56 52.53 52.50 52.50 52.47 52.47 52.44 52.44 52.47 52.50 52.50 52.31 51.91 51.69 51.69 51.69 51.59 51.38 51.12 50.97 50.84 50.62 50.50 50.38 50.28 50.22 50.16 50.12 50.06 50.12 50.16 50.16 50.25 50.34 50.44 50.53 50.47 50.50 50.31 50.53 50.34 50.56 50.47 50.28 50.25 50.22 50.47 50.75 51.09 51.41 51.81 52.12 52.47 52.75 53.03
51.59 51.59 51.56 51.53 51.50 51.50 51.44 51.47 51.56 51.72 52.19 52.50 52.53 52.56 52.59 52.59 52.56 52.56 52.56 52.53 52.53 52.50 52.47 52.47 52.44 52.41 52.41 52.38 52.38 52.38 52.44 52.47 52.50 52.41 52.12 51.91 51.78 51.75 51.78 51.56 51.34 51.06 50.84 50.78 50.66 50.53 50.47 50.41 50.34 50.25 50.22 50.16 50.12 50.19 50.16 50.28 50.34 50.34 50.41 50.62 50.31 50.47 50.34 50.72 50.78 50.66 50.62 50.75 50.81 51.06 51.28 51.69 51.97 52.31 52.62 52.94 53.25
51.59 51.56 51.53 51.53 51.53 51.56 51.50 51.62 51.81 52.25 52.66 52.72 52.72 52.72 52.69 52.66 52.62 52.56 52.53 52.50 52.47 52.44 52.41 52.38 52.34 52.31 52.31 52.28 52.28 52.28 52.38 52.41 52.47 52.41 52.31 52.12 51.97 51.91 51.84 51.72 51.53 51.25 51.09 50.97 50.94 50.81 50.66 50.56 50.62 50.50 50.38 50.25 50.16 50.22 50.25 50.22 50.28 50.34 50.38 50.50 50.34 50.41 50.62 50.72 50.81 50.94 51.12 51.25 51.31 51.34 51.69 51.81 52.12 52.44 52.78 53.09 53.44
51.59 51.56 51.53 51.53 51.53 51.59 51.66 51.88 52.19 52.66 52.84 52.84 52.84 52.78 52.75 52.69 52.62 52.59 52.53 52.47 52.44 52.38 52.34 52.31 52.28 52.25 52.22 52.19 52.19 52.19 52.25 52.34 52.41 52.41 52.38 52.34 52.22 52.06 52.00 51.88 51.75 51.50 51.38 51.25 51.16 51.12 51.00 50.97 50.78 50.66 50.50 50.47 50.34 50.34 50.28 50.28 50.22 50.16 50.19 50.31 50.34 50.47 50.56 50.94 50.84 51.19 51.41 51.56 51.91 51.91 51.84 52.06 52.28 52.56 52.88 53.25 53.56
51.56 51.53 51.53 51.53 51.53 51.62 51.81 52.22 52.69 52.88 52.94 52.94 52.91 52.84 52.78 52.72 52.66 52.56 52.50 52.44 52.38 52.31 52.28 52.22 52.19 52.16 52.12 52.09 52.09 52.09 52.16 52.25 52.34 52.44 52.44 52.44 52.41 52.31 52.12 51.97 51.84 51.78 51.62 51.59 51.47 51.38 51.31 51.25 51.00 50.88 50.81 50.78 50.66 50.66 50.59 50.47 50.31 50.31 50.38 50.50 50.66 50.84 50.84 51.16 51.34 51.66 51.78 52.06 52.12 52.25 52.31 52.38 52.53 52.88 53.12 53.44 53.78
51.56 51.53 51.53 51.53 51.59 51.78 52.16 52.62 52.94 53.00 53.03 53.00 52.94 52.88 52.81 52.72 52.66 52.56 52.47 52.41 52.34 52.25 52.19 52.16 52.09 52.06 52.03 52.03 52.03 52.03 52.09 52.22 52.31 52.41 52.47 52.50 52.50 52.44 52.25 52.06 51.94 51.91 51.91 51.84 51.75 51.66 51.56 51.38 51.28 51.16 51.06 51.00 50.97 50.88 50.75 50.56 50.47 50.47 50.50 50.59 50.69 50.84 51.00 51.22 51.47 51.81 52.03 52.31 52.56 52.59 52.81 52.75 52.84 53.16 53.47 53.84 54.16
51.53 51.53 51.56 51.62 51.75 52.09 52.66 53.00 53.06 53.09 53.09 53.03 52.97 52.91 52.81 52.72 52.62 52.53 52.47 52.38 52.28 52.19 52.12 52.06 52.03 52.00 52.00 52.00 52.03 52.06 52.09 52.19 52.28 52.38 52.44 52.47 52.47 52.47 52.41 52.28 52.12 52.03 52.00 52.00 52.00 51.97 51.84 51.72 51.53 51.38 51.25 51.19 51.16 51.06 50.88 50.66 50.59 50.59 50.62 50.69 50.78 50.91 51.00 51.31 51.53 51.97 52.44 52.62 52.88 53.03 53.03 53.28 53.41 53.66 53.81 54.12 54.47
51.53 51.53 51.53 51.72 52.03 52.75 53.19 53.19 53.19 53.19 53.12 53.09 53.00 52.94 52.84 52.72 52.62 52.53 52.44 52.31 52.22 52.12 52.06 52.00 51.94 51.91 51.94 52.00 52.03 52.09 52.16 52.19 52.25 52.31 52.38 52.44 52.44 52.47 52.47 52.44 52.28 52.19 52.12 52.16 52.16 52.16 52.12 51.97 51.81 51.66 51.50 51.38 51.22 51.12 50.94 50.81 50.75 50.72 50.75 50.81 50.88 51.00 51.22 51.31 51.81 52.00 52.56 53.06 53.25 53.38 53.44 53.47 53.72 54.03 54.16 54.44 54.72
51.53 51.53 51.66 51.97 52.62 53.34 53.34 53.31 53.28 53.22 53.19 53.12 53.03 52.94 52.84 52.72 52.62 52.50 52.41 52.28 52.16 52.06 52.00 51.91 51.88 51.94 51.97 52.03 52.09 52.16 52.19 52.25 52.28 52.31 52.34 52.38 52.41 52.47 52.50 52.56 52.50 52.31 52.25 52.19 52.25 52.31 52.34 52.22 52.12 51.91 51.75 51.59 51.50 51.31 51.09 50.94 50.88 50.88 50.88 50.91 51.00 51.09 51.28 51.50 51.84 52.31 52.66 53.22 53.59 53.75 53.81 54.00 54.03 54.19 54.41 54.72 54.97
51.56 51.69 52.00 52.47 53.03 53.25 53.34 53.34 53.31 53.25 53.22 53.12 53.06 52.97 52.84 52.72 52.62 52.50 52.34 52.22 52.12 52.00 51.91 51.91 51.94 52.00 52.06 52.09 52.16 52.22 52.25 52.28 52.34 52.38 52.41 52.44 52.47 52.50 52.56 52.59 52.56 52.44 52.28 52.25 52.25 52.31 52.41 52.44 52.34 52.25 52.06 51.91 51.69 51.50 51.28 51.09 51.03 51.00 51.00 51.03 51.12 51.22 51.41 51.72 52.12 52.50 52.97 53.34 53.66 53.94 54.00 54.22 54.34 54.53 54.62 54.88 55.09
