arlandasctiles/Tile[14,7].asc
ncols 128
nrows 128
xllcorner 0
yllcorner 0
cellsize 2.0
NODATA_value  -9999
[rows 0 to 31 of 128, columns 0 to 71 of 128]
-14.50 -14.56 -14.62 -14.69 -14.78 -14.97 -15.16 -15.41 -15.59 -15.84 -16.19 -16.50 -16.56 -17.06 -17.38 -17.66 -17.97 -18.16 -18.50 -18.97 -19.56 -20.06 -20.69 -21.22 -21.62 -22.25 -23.00 -23.69 -24.41 -25.16 -25.81 -26.66 -27.16 -27.81 -28.09 -28.62 -29.19 -29.88 -30.81 -31.66 -32.41 -33.28 -34.12 -35.16 -36.22 -37.28 -38.16 -39.09 -40.03 -41.19 -42.16 -42.97 -43.75 -44.75 -45.47 -45.78 -46.22 -46.62 -47.16 -47.72 -48.47 -49.38 -49.97 -50.50 -51.25 -51.59 -51.94 -52.25 -52.59 -52.91 -53.19 -53.50
-13.75 -13.81 -13.88 -13.97 -14.09 -14.31 -14.47 -14.66 -14.81 -15.12 -15.50 -15.69 -15.94 -16.44 -16.78 -16.94 -17.38 -17.56 -17.97 -18.53 -19.03 -19.59 -20.06 -20.38 -21.00 -21.78 -22.47 -23.25 -23.91 -24.56 -25.41 -26.06 -26.53 -27.12 -27.69 -28.41 -29.03 -29.75 -30.34 -31.16 -32.06 -32.97 -33.91 -35.06 -36.22 -37.28 -38.31 -39.28 -40.25 -41.16 -42.22 -43.31 -44.09 -44.88 -45.97 -46.72 -47.00 -47.22 -47.69 -48.19 -48.66 -49.16 -50.03 -50.69 -51.28 -51.94 -52.28 -52.62 -52.94 -53.25 -53.53 -53.81
-13.03 -13.06 -13.19 -13.28 -13.41 -13.59 -13.75 -13.94 -14.09 -14.44 -14.78 -15.00 -15.44 -15.78 -16.12 -16.31 -16.72 -16.94 -17.47 -17.91 -18.44 -18.88 -19.16 -19.88 -20.66 -21.31 -21.94 -22.66 -23.44 -24.28 -24.97 -25.47 -26.12 -26.75 -27.41 -28.16 -28.88 -29.62 -30.50 -31.31 -32.16 -33.12 -34.06 -35.06 -36.16 -37.25 -38.31 -39.47 -40.69 -41.78 -42.62 -43.44 -44.31 -45.03 -45.78 -46.81 -47.72 -48.22 -48.59 -48.84 -49.28 -49.84 -50.41 -51.06 -51.78 -51.97 -52.66 -53.00 -53.31 -53.59 -53.88 -54.12
-12.34 -12.38 -12.47 -12.59 -12.75 -12.91 -13.06 -13.22 -13.44 -13.81 -14.12 -14.41 -14.84 -15.12 -15.53 -15.78 -16.19 -16.62 -16.94 -17.31 -17.88 -18.22 -18.91 -19.66 -20.12 -20.66 -21.47 -22.28 -22.94 -23.72 -24.34 -25.06 -25.66 -26.53 -27.31 -28.03 -28.78 -29.50 -30.25 -31.38 -32.41 -33.34 -34.38 -35.19 -36.16 -37.34 -38.66 -39.72 -40.78 -41.94 -42.84 -43.78 -44.59 -45.47 -46.19 -46.88 -47.84 -48.47 -49.09 -49.56 -49.72 -50.28 -50.88 -51.41 -51.84 -52.75 -52.62 -53.44 -53.72 -53.97 -54.22 -54.47
-11.56 -11.66 -11.78 -11.94 -12.09 -12.25 -12.38 -12.53 -12.81 -13.16 -13.50 -13.81 -14.25 -14.56 -15.00 -15.28 -15.62 -15.88 -16.25 -16.78 -17.28 -17.91 -18.62 -19.16 -19.69 -20.34 -21.06 -21.72 -22.44 -23.19 -23.88 -24.47 -25.25 -26.06 -26.81 -27.66 -28.66 -29.53 -30.44 -31.38 -32.53 -33.50 -34.59 -35.78 -36.88 -37.50 -37.81 -38.69 -40.28 -41.94 -43.19 -44.16 -45.09 -45.84 -46.62 -47.59 -48.25 -49.03 -49.41 -50.12 -50.62 -51.00 -51.62 -51.91 -52.34 -52.72 -53.62 -53.56 -54.19 -54.38 -54.59 -54.81
-10.78 -10.91 -11.06 -11.25 -11.41 -11.59 -11.72 -11.91 -12.25 -12.59 -12.94 -13.28 -13.72 -14.06 -14.50 -14.75 -15.03 -15.38 -15.81 -16.38 -16.97 -17.69 -18.22 -18.72 -19.19 -19.91 -20.59 -21.25 -22.00 -22.81 -23.72 -24.47 -25.28 -26.19 -27.03 -28.03 -28.78 -29.62 -30.78 -31.72 -32.69 -33.78 -34.94 -36.12 -37.47 -38.88 -39.19 -39.97 -41.06 -42.12 -43.31 -44.47 -45.41 -46.38 -47.06 -47.75 -48.56 -49.53 -50.34 -50.59 -51.16 -51.59 -52.19 -52.75 -53.06 -53.19 -53.84 -54.34 -54.59 -54.75 -54.94 -55.12
-10.06 -10.19 -10.34 -10.53 -10.69 -10.88 -11.03 -11.34 -11.72 -12.06 -12.47 -12.88 -13.28 -13.62 -13.97 -14.22 -14.53 -15.00 -15.47 -15.97 -16.50 -17.22 -17.81 -18.38 -19.12 -19.81 -20.47 -21.09 -21.91 -22.69 -23.47 -24.22 -25.00 -25.97 -27.00 -27.84 -28.97 -30.00 -30.88 -32.00 -33.09 -34.12 -35.53 -37.16 -38.59 -40.12 -40.03 -40.88 -41.72 -42.72 -43.94 -44.97 -46.00 -46.84 -48.00 -48.38 -48.84 -49.31 -50.31 -51.38 -51.94 -52.25 -52.75 -53.41 -54.03 -53.88 -53.94 -54.59 -54.94 -55.12 -55.28 -55.50
-9.41 -9.53 -9.66 -9.84 -10.00 -10.19 -10.41 -10.75 -11.19 -11.62 -12.12 -12.50 -12.81 -13.12 -13.44 -13.84 -14.22 -14.69 -15.16 -15.75 -16.34 -16.88 -17.34 -18.03 -18.72 -19.41 -20.06 -20.84 -21.72 -22.69 -23.47 -24.25 -25.16 -26.12 -26.97 -28.03 -28.91 -29.81 -30.94 -32.00 -33.25 -34.41 -35.47 -36.59 -37.91 -40.06 -41.72 -43.09 -44.09 -44.28 -44.72 -45.44 -46.41 -47.38 -48.16 -49.34 -49.75 -49.88 -50.38 -51.16 -52.34 -52.88 -53.25 -53.91 -54.34 -54.66 -54.81 -54.59 -55.31 -55.47 -55.66 -55.84
-8.75 -8.88 -9.00 -9.19 -9.34 -9.56 -9.91 -10.28 -10.72 -11.28 -11.75 -12.03 -12.31 -12.62 -13.00 -13.44 -13.88 -14.38 -14.97 -15.47 -15.94 -16.50 -17.25 -17.88 -18.69 -19.50 -20.25 -20.94 -21.75 -22.53 -23.56 -24.47 -25.22 -26.06 -27.16 -28.03 -29.00 -30.12 -31.47 -32.78 -33.53 -34.66 -36.09 -37.66 -38.91 -39.56 -40.47 -41.88 -43.81 -45.53 -46.53 -46.88 -47.16 -47.84 -48.72 -49.53 -50.75 -50.88 -50.94 -51.34 -52.03 -53.22 -53.69 -53.75 -54.53 -54.91 -55.22 -55.44 -55.50 -55.81 -56.00 -56.19
-8.12 -8.25 -8.41 -8.56 -8.78 -9.09 -9.47 -9.91 -10.41 -10.97 -11.19 -11.47 -11.81 -12.19 -12.56 -13.03 -13.50 -14.03 -14.62 -15.16 -15.75 -16.53 -17.22 -18.03 -18.59 -19.34 -20.03 -20.75 -21.50 -22.47 -23.25 -24.06 -25.19 -26.28 -27.19 -28.25 -29.22 -30.12 -31.12 -32.34 -33.69 -34.31 -35.38 -36.66 -37.91 -39.06 -40.44 -41.91 -43.25 -44.41 -46.50 -47.78 -48.69 -49.03 -49.56 -50.12 -51.03 -52.03 -51.59 -52.00 -52.31 -52.94 -54.00 -54.44 -54.38 -55.22 -55.47 -55.62 -55.94 -56.12 -56.31 -56.53
-7.53 -7.66 -7.81 -8.06 -8.34 -8.72 -9.12 -9.59 -10.16 -10.38 -10.59 -10.97 -11.38 -11.81 -12.22 -12.66 -13.16 -13.75 -14.34 -15.00 -15.69 -16.53 -17.38 -18.22 -18.94 -19.50 -20.06 -20.59 -21.44 -22.25 -23.25 -24.19 -25.12 -26.19 -27.28 -28.25 -29.47 -30.94 -32.09 -33.06 -33.81 -35.09 -36.12 -37.19 -38.47 -39.72 -40.91 -42.12 -43.44 -44.81 -45.94 -47.25 -48.81 -49.84 -50.62 -51.00 -51.47 -52.50 -52.97 -52.50 -52.88 -53.28 -53.78 -54.78 -55.25 -55.53 -55.75 -56.09 -56.16 -56.44 -56.62 -56.84
-6.97 -7.12 -7.34 -7.62 -8.00 -8.38 -8.81 -9.31 -9.62 -9.81 -10.16 -10.56 -11.00 -11.47 -11.91 -12.34 -12.91 -13.47 -14.09 -14.78 -15.53 -16.28 -17.03 -17.81 -18.56 -19.47 -20.28 -20.97 -21.75 -22.56 -23.31 -24.19 -25.25 -26.19 -27.22 -28.34 -29.75 -31.16 -32.47 -33.72 -34.25 -35.41 -36.66 -37.78 -38.97 -40.03 -41.22 -42.50 -43.72 -45.16 -46.72 -47.47 -48.47 -49.72 -50.91 -51.66 -52.50 -53.00 -53.41 -53.72 -53.44 -53.81 -54.16 -54.59 -55.50 -55.81 -56.06 -56.28 -56.53 -56.72 -56.94 -57.16
-6.44 -6.66 -6.97 -7.31 -7.69 -8.09 -8.50 -8.88 -9.09 -9.41 -9.81 -10.22 -10.69 -11.16 -11.62 -12.12 -12.62 -13.22 -13.88 -14.59 -15.38 -16.12 -16.81 -17.59 -18.38 -19.09 -19.91 -20.81 -21.72 -22.59 -23.34 -24.19 -25.19 -26.22 -27.19 -28.59 -30.12 -31.56 -32.88 -34.34 -36.09 -36.84 -37.62 -38.50 -39.47 -40.59 -41.81 -43.09 -44.50 -45.88 -47.62 -47.97 -48.75 -49.59 -50.38 -51.47 -52.69 -53.25 -53.75 -54.19 -54.53 -54.47 -54.69 -55.09 -55.22 -56.19 -56.41 -56.62 -56.78 -56.97 -57.25 -57.47
-6.03 -6.31 -6.66 -7.00 -7.38 -7.78 -8.12 -8.41 -8.69 -9.06 -9.47 -9.94 -10.41 -10.88 -11.41 -11.94 -12.47 -13.06 -13.75 -14.47 -15.22 -16.03 -16.84 -17.56 -18.28 -19.09 -19.94 -20.84 -21.81 -22.84 -23.81 -24.69 -25.44 -26.44 -27.91 -29.44 -30.97 -32.47 -33.91 -35.06 -35.56 -36.88 -38.28 -39.84 -40.81 -41.53 -42.59 -43.78 -45.12 -46.44 -47.47 -48.75 -49.81 -50.38 -50.91 -51.62 -52.28 -53.28 -54.12 -54.56 -54.97 -55.34 -55.50 -55.47 -55.78 -56.44 -56.78 -56.97 -57.19 -57.34 -57.56 -57.81
-5.72 -6.00 -6.34 -6.69 -7.06 -7.44 -7.72 -8.00 -8.34 -8.78 -9.22 -9.72 -10.25 -10.81 -11.41 -11.97 -12.53 -13.16 -13.81 -14.50 -15.31 -16.12 -16.94 -17.66 -18.47 -19.22 -20.06 -20.97 -21.81 -22.66 -23.62 -24.75 -26.00 -26.97 -27.84 -29.12 -30.53 -31.81 -32.97 -34.06 -35.81 -37.34 -38.47 -39.22 -40.88 -42.25 -43.34 -44.47 -45.66 -46.88 -47.78 -48.72 -49.81 -51.12 -51.88 -52.25 -52.72 -53.34 -54.28 -54.97 -55.31 -55.69 -56.09 -56.44 -56.31 -56.62 -57.19 -57.38 -57.56 -57.78 -57.97 -58.12
-5.41 -5.69 -6.03 -6.41 -6.75 -7.06 -7.31 -7.69 -8.09 -8.59 -9.12 -9.69 -10.25 -10.84 -11.44 -12.03 -12.59 -13.22 -13.91 -14.66 -15.41 -16.22 -17.00 -17.84 -18.69 -19.53 -20.41 -21.19 -22.00 -22.81 -23.75 -24.78 -26.06 -27.19 -28.44 -29.72 -31.00 -32.19 -33.38 -34.31 -35.84 -37.62 -39.38 -40.66 -41.28 -42.41 -43.78 -45.16 -46.44 -47.81 -49.06 -49.22 -49.97 -50.81 -52.12 -53.06 -53.59 -53.81 -54.44 -55.38 -55.69 -56.00 -56.34 -56.69 -57.03 -57.31 -57.47 -57.78 -57.97 -58.09 -58.25 -58.47
-5.12 -5.44 -5.78 -6.09 -6.41 -6.69 -7.06 -7.50 -8.03 -8.53 -9.09 -9.66 -10.25 -10.88 -11.50 -12.09 -12.69 -13.31 -14.00 -14.75 -15.53 -16.34 -17.19 -18.06 -18.94 -19.94 -20.78 -21.44 -22.19 -23.03 -23.97 -25.00 -26.34 -27.72 -28.97 -30.25 -31.47 -32.56 -33.72 -34.94 -35.75 -37.06 -38.59 -40.53 -42.09 -43.19 -44.44 -45.84 -47.31 -48.81 -49.88 -50.72 -51.12 -51.53 -52.22 -53.16 -54.22 -54.69 -54.53 -55.41 -56.03 -56.31 -56.62 -56.94 -57.25 -57.56 -57.88 -57.91 -58.12 -58.47 -58.62 -58.88
-4.84 -5.16 -5.50 -5.78 -6.09 -6.47 -6.94 -7.44 -7.97 -8.50 -9.09 -9.69 -10.28 -10.91 -11.56 -12.16 -12.78 -13.44 -14.16 -14.88 -15.62 -16.44 -17.28 -18.12 -19.00 -19.91 -20.97 -22.16 -22.97 -23.78 -24.47 -25.41 -26.75 -28.22 -29.62 -30.97 -32.19 -33.44 -34.69 -35.34 -36.94 -37.75 -39.44 -40.78 -42.06 -43.50 -44.78 -46.09 -47.50 -48.62 -49.25 -50.72 -51.94 -52.56 -52.75 -53.38 -54.22 -55.22 -55.66 -55.84 -56.31 -56.62 -56.91 -57.22 -57.53 -57.84 -58.16 -58.22 -58.44 -58.69 -58.97 -59.19
-4.59 -4.91 -5.22 -5.53 -5.91 -6.38 -6.88 -7.41 -7.94 -8.50 -9.09 -9.72 -10.34 -11.00 -11.66 -12.28 -12.94 -13.62 -14.31 -15.06 -15.81 -16.56 -17.38 -18.28 -19.25 -20.22 -21.16 -22.19 -23.50 -24.59 -25.38 -26.38 -27.28 -28.53 -29.72 -30.94 -32.25 -33.53 -34.16 -36.50 -38.56 -39.88 -40.53 -41.34 -42.44 -43.62 -44.97 -46.38 -47.78 -49.22 -50.03 -50.69 -51.91 -53.16 -53.75 -54.19 -54.69 -55.16 -55.84 -56.25 -56.56 -56.91 -57.16 -57.53 -57.84 -58.16 -58.41 -58.50 -58.75 -59.03 -59.38 -59.50
-4.34 -4.66 -4.97 -5.38 -5.84 -6.31 -6.81 -7.38 -7.94 -8.50 -9.12 -9.78 -10.41 -11.06 -11.75 -12.41 -13.09 -13.78 -14.53 -15.28 -16.06 -16.88 -17.69 -18.53 -19.47 -20.44 -21.44 -22.50 -23.53 -25.03 -26.31 -27.19 -28.28 -29.50 -30.66 -31.59 -32.66 -34.12 -35.69 -37.19 -38.50 -39.94 -41.47 -42.66 -43.66 -44.75 -45.88 -47.03 -48.06 -49.31 -50.81 -51.88 -52.47 -53.38 -54.12 -54.66 -55.22 -55.72 -56.12 -56.53 -56.69 -57.22 -57.34 -57.66 -57.94 -58.25 -58.50 -58.78 -59.06 -59.31 -59.62 -59.84
-4.12 -4.47 -4.84 -5.31 -5.78 -6.28 -6.81 -7.38 -7.94 -8.53 -9.19 -9.81 -10.50 -11.25 -12.00 -12.69 -13.41 -14.09 -14.84 -15.59 -16.41 -17.25 -18.12 -19.00 -19.94 -21.00 -22.12 -23.31 -24.41 -25.31 -26.34 -27.78 -29.09 -30.25 -31.31 -32.47 -33.47 -34.34 -35.53 -36.91 -38.19 -39.50 -41.00 -42.56 -43.88 -45.00 -46.00 -46.91 -47.97 -49.03 -50.34 -51.88 -53.06 -53.91 -54.44 -54.91 -55.25 -55.72 -56.16 -56.53 -56.91 -57.28 -57.59 -57.91 -58.25 -58.53 -58.81 -59.06 -59.34 -59.62 -59.97 -60.31
-3.97 -4.38 -4.81 -5.25 -5.75 -6.25 -6.81 -7.38 -7.97 -8.59 -9.28 -9.97 -10.66 -11.31 -11.97 -12.56 -13.22 -13.91 -14.66 -15.47 -16.34 -17.31 -18.31 -19.34 -20.34 -21.44 -22.56 -23.59 -24.69 -25.72 -26.81 -28.06 -29.72 -31.53 -33.03 -33.78 -34.66 -35.59 -36.53 -37.88 -39.31 -40.75 -42.19 -43.81 -45.50 -46.59 -47.84 -49.09 -49.84 -49.94 -50.91 -51.97 -53.25 -54.12 -54.47 -54.97 -55.41 -55.84 -56.31 -56.72 -57.12 -57.50 -57.84 -58.19 -58.50 -58.81 -59.09 -59.38 -59.66 -59.94 -60.22 -60.66
-3.88 -4.31 -4.75 -5.22 -5.72 -6.25 -6.81 -7.41 -8.03 -8.66 -9.25 -9.84 -10.53 -11.28 -12.00 -12.69 -13.38 -14.09 -14.88 -15.69 -16.56 -17.50 -18.53 -19.62 -20.78 -22.06 -23.81 -25.62 -26.78 -27.91 -28.78 -29.47 -31.03 -32.25 -33.41 -34.72 -35.94 -36.97 -37.69 -38.53 -39.53 -40.62 -41.81 -43.00 -44.16 -45.28 -46.56 -48.09 -50.03 -51.22 -52.03 -52.81 -53.47 -54.03 -54.47 -55.03 -55.56 -56.06 -56.50 -56.94 -57.34 -57.72 -58.09 -58.44 -58.75 -59.06 -59.38 -59.69 -59.97 -60.22 -60.53 -60.91
-3.81 -4.25 -4.72 -5.19 -5.72 -6.25 -6.81 -7.41 -7.97 -8.53 -9.22 -9.94 -10.69 -11.41 -12.16 -12.84 -13.56 -14.31 -15.12 -15.97 -16.88 -17.84 -18.84 -19.88 -20.88 -22.03 -23.44 -24.84 -26.09 -27.56 -29.00 -29.62 -29.66 -30.66 -31.62 -33.41 -35.88 -37.16 -38.28 -39.59 -41.03 -42.38 -43.62 -44.78 -45.84 -46.97 -48.19 -49.50 -50.56 -51.44 -52.16 -52.88 -53.50 -54.16 -54.72 -55.16 -55.62 -56.16 -56.66 -57.09 -57.53 -57.97 -58.34 -58.69 -59.00 -59.34 -59.66 -59.97 -60.25 -60.56 -60.84 -61.09
-3.78 -4.22 -4.69 -5.16 -5.69 -6.25 -6.81 -7.34 -7.97 -8.62 -9.34 -10.06 -10.81 -11.59 -12.31 -13.00 -13.75 -14.53 -15.38 -16.22 -17.16 -18.12 -19.25 -20.69 -21.97 -23.03 -23.81 -24.47 -25.53 -26.53 -27.84 -30.03 -31.19 -32.47 -33.69 -34.72 -35.34 -36.41 -37.84 -39.34 -40.72 -42.06 -43.34 -44.56 -45.69 -46.56 -47.50 -48.59 -49.75 -51.06 -52.12 -52.91 -53.56 -54.03 -54.66 -55.31 -56.00 -56.53 -56.97 -57.38 -57.75 -58.12 -58.53 -58.91 -59.25 -59.56 -59.91 -60.25 -60.53 -60.84 -61.12 -61.44
-3.75 -4.19 -4.62 -5.12 -5.66 -6.19 -6.75 -7.38 -8.06 -8.75 -9.47 -10.19 -10.97 -11.75 -12.47 -13.19 -13.94 -14.72 -15.56 -16.47 -17.41 -18.44 -19.47 -20.41 -21.00 -21.88 -23.25 -24.53 -25.66 -26.84 -28.06 -29.22 -30.38 -31.62 -32.91 -34.28 -35.62 -37.03 -38.53 -40.06 -41.56 -42.69 -43.84 -45.03 -46.16 -47.28 -48.41 -49.44 -50.47 -51.47 -52.09 -52.81 -53.47 -54.12 -54.72 -55.28 -55.84 -56.41 -56.91 -57.47 -57.94 -58.38 -58.78 -59.16 -59.53 -59.84 -60.12 -60.50 -60.81 -61.12 -61.41 -61.72
-3.69 -4.12 -4.59 -5.09 -5.62 -6.19 -6.81 -7.47 -8.12 -8.81 -9.56 -10.31 -11.09 -11.88 -12.62 -13.34 -14.09 -14.91 -15.78 -16.69 -17.59 -18.56 -19.62 -20.94 -22.16 -22.81 -23.25 -24.66 -26.25 -27.56 -28.72 -29.88 -30.94 -32.06 -33.19 -34.28 -35.44 -36.72 -38.12 -39.59 -40.88 -42.06 -43.28 -44.47 -45.72 -47.16 -48.53 -49.56 -50.56 -51.28 -52.03 -52.75 -53.47 -54.19 -54.91 -55.62 -56.25 -56.81 -57.28 -57.69 -58.12 -58.53 -58.97 -59.38 -59.78 -60.16 -60.47 -60.75 -61.06 -61.38 -61.69 -62.16
-3.62 -4.09 -4.56 -5.06 -5.66 -6.25 -6.88 -7.53 -8.22 -8.94 -9.69 -10.44 -11.22 -12.03 -12.78 -13.50 -14.28 -15.09 -15.97 -16.84 -17.81 -19.09 -20.75 -22.03 -23.25 -24.06 -24.19 -24.72 -26.25 -28.06 -29.78 -31.25 -32.12 -33.16 -34.31 -35.44 -36.75 -37.81 -39.00 -40.31 -41.62 -42.91 -44.28 -45.41 -46.47 -47.50 -48.47 -49.47 -50.47 -51.38 -52.03 -52.78 -53.50 -54.16 -54.84 -55.47 -56.12 -56.69 -57.25 -57.75 -58.25 -58.72 -59.16 -59.56 -59.94 -60.31 -60.69 -61.03 -61.34 -61.66 -61.97 -62.28
-3.62 -4.09 -4.59 -5.16 -5.72 -6.34 -7.03 -7.72 -8.41 -9.12 -9.88 -10.66 -11.44 -12.25 -12.97 -13.69 -14.47 -15.28 -16.16 -17.03 -17.97 -18.97 -19.91 -20.94 -22.38 -24.44 -25.31 -26.22 -26.69 -28.03 -29.88 -31.62 -32.88 -34.03 -35.09 -36.06 -36.94 -37.56 -38.41 -39.47 -40.72 -42.12 -43.59 -45.06 -46.38 -47.44 -48.53 -49.53 -50.44 -51.31 -52.09 -52.84 -53.56 -54.31 -55.03 -55.72 -56.34 -56.94 -57.47 -58.00 -58.50 -58.97 -59.41 -59.81 -60.22 -60.59 -60.94 -61.25 -61.59 -61.91 -62.22 -62.56
-3.62 -4.09 -4.62 -5.22 -5.88 -6.53 -7.19 -7.84 -8.53 -9.25 -9.97 -10.72 -11.50 -12.31 -13.03 -13.81 -14.66 -15.47 -16.34 -17.25 -18.22 -19.34 -20.59 -21.97 -23.59 -24.69 -25.62 -26.59 -27.78 -29.25 -30.44 -31.25 -32.34 -33.72 -35.06 -35.97 -36.94 -37.97 -39.19 -40.50 -41.81 -43.03 -44.22 -45.19 -46.00 -46.91 -47.97 -49.06 -50.06 -51.12 -52.09 -52.84 -53.59 -54.34 -55.12 -55.81 -56.38 -57.00 -57.59 -58.16 -58.66 -59.12 -59.53 -59.97 -60.38 -60.75 -61.16 -61.47 -61.81 -62.16 -62.50 -62.81
-3.59 -4.09 -4.66 -5.25 -5.81 -6.41 -7.03 -7.69 -8.41 -9.16 -9.94 -10.72 -11.59 -12.53 -13.41 -14.25 -15.09 -15.91 -16.72 -17.56 -18.53 -19.69 -21.00 -22.31 -23.53 -24.62 -25.69 -26.81 -28.03 -29.34 -30.59 -31.78 -32.97 -34.06 -35.03 -35.59 -36.47 -37.72 -38.88 -40.03 -41.69 -43.00 -44.22 -45.34 -46.44 -47.47 -48.44 -49.41 -50.38 -51.31 -52.16 -52.94 -53.75 -54.56 -55.34 -55.91 -56.56 -57.19 -57.78 -58.34 -58.84 -59.31 -59.75 -60.19 -60.62 -61.03 -61.34 -61.69 -62.06 -62.38 -62.75 -63.06
-3.53 -4.03 -4.56 -5.12 -5.72 -6.31 -6.97 -7.66 -8.34 -9.06 -9.84 -10.69 -11.66 -12.62 -13.41 -14.12 -14.91 -15.78 -16.69 -17.62 -18.53 -19.44 -20.31 -21.16 -22.31 -23.56 -24.81 -26.31 -27.59 -28.88 -30.22 -31.78 -32.88 -33.97 -35.03 -36.09 -37.38 -38.50 -39.50 -40.41 -40.84 -42.09 -43.50 -44.94 -46.41 -47.56 -48.47 -49.41 -50.38 -51.31 -52.22 -53.06 -53.78 -54.56 -55.34 -56.03 -56.69 -57.38 -58.03 -58.47 -59.00 -59.50 -59.94 -60.38 -60.78 -61.19 -61.53 -61.91 -62.28 -62.62 -62.97 -63.28
