arlandasctiles/Tile[15,1].asc
ncols 128
nrows 128
xllcorner 0
yllcorner 0
cellsize 2.0
NODATA_value  -9999
[rows 29 to 57 of 128, columns 0 to 66 of 128]
-150.91 -150.94 -151.00 -151.03 -151.06 -151.09 -151.16 -151.19 -151.22 -151.25 -151.31 -151.34 -151.38 -151.44 -151.47 -151.50 -151.53 -151.59 -151.62 -151.66 -151.72 -151.75 -151.78 -151.84 -151.88 -151.94 -151.97 -152.00 -152.06 -152.09 -152.16 -152.19 -152.22 -152.25 -152.28 -152.31 -152.34 -152.38 -152.38 -152.41 -152.44 -152.44 -152.47 -152.50 -152.50 -152.53 -152.56 -152.56 -152.59 -152.62 -152.62 -152.66 -152.69 -152.72 -152.75 -152.75 -152.78 -152.81 -152.84 -152.88 -152.88 -152.91 -152.94 -152.97 -152.97 -153.00 -153.03
-151.00 -151.06 -151.09 -151.12 -151.16 -151.19 -151.25 -151.28 -151.31 -151.34 -151.41 -151.44 -151.47 -151.50 -151.56 -151.59 -151.62 -151.69 -151.72 -151.75 -151.81 -151.84 -151.88 -151.94 -151.97 -152.03 -152.06 -152.09 -152.16 -152.19 -152.22 -152.28 -152.31 -152.34 -152.38 -152.41 -152.44 -152.44 -152.47 -152.50 -152.50 -152.53 -152.56 -152.56 -152.59 -152.62 -152.66 -152.66 -152.69 -152.72 -152.75 -152.75 -152.78 -152.81 -152.84 -152.88 -152.91 -152.91 -152.94 -152.97 -153.00 -153.03 -153.06 -153.06 -153.09 -153.12 -153.12
-151.12 -151.16 -151.19 -151.22 -151.25 -151.31 -151.34 -151.38 -151.41 -151.44 -151.50 -151.53 -151.56 -151.59 -151.62 -151.69 -151.72 -151.75 -151.81 -151.84 -151.88 -151.94 -151.97 -152.03 -152.06 -152.09 -152.16 -152.19 -152.25 -152.28 -152.31 -152.34 -152.41 -152.44 -152.44 -152.47 -152.50 -152.53 -152.56 -152.56 -152.59 -152.62 -152.62 -152.66 -152.69 -152.72 -152.72 -152.75 -152.78 -152.81 -152.84 -152.88 -152.88 -152.91 -152.94 -152.97 -153.00 -153.03 -153.06 -153.09 -153.09 -153.12 -153.16 -153.19 -153.22 -153.22 -153.25
-151.22 -151.25 -151.28 -151.31 -151.34 -151.38 -151.44 -151.47 -151.50 -151.53 -151.56 -151.62 -151.66 -151.69 -151.72 -151.78 -151.81 -151.84 -151.88 -151.94 -151.97 -152.03 -152.06 -152.09 -152.16 -152.19 -152.25 -152.28 -152.31 -152.38 -152.41 -152.44 -152.47 -152.50 -152.53 -152.56 -152.59 -152.59 -152.62 -152.66 -152.69 -152.69 -152.72 -152.75 -152.78 -152.81 -152.81 -152.84 -152.88 -152.91 -152.94 -152.97 -153.00 -153.03 -153.06 -153.06 -153.09 -153.12 -153.16 -153.19 -153.22 -153.25 -153.28 -153.28 -153.31 -153.34 -153.38
-151.31 -151.34 -151.38 -151.41 -151.44 -151.47 -151.53 -151.56 -151.59 -151.62 -151.66 -151.69 -151.75 -151.78 -151.81 -151.84 -151.91 -151.94 -151.97 -152.03 -152.06 -152.09 -152.16 -152.19 -152.25 -152.28 -152.31 -152.38 -152.41 -152.44 -152.50 -152.53 -152.56 -152.59 -152.59 -152.62 -152.66 -152.69 -152.72 -152.72 -152.75 -152.78 -152.81 -152.84 -152.88 -152.88 -152.91 -152.94 -152.97 -153.00 -153.03 -153.06 -153.09 -153.12 -153.16 -153.19 -153.22 -153.25 -153.28 -153.31 -153.31 -153.34 -153.38 -153.41 -153.44 -153.47 -153.47
-151.41 -151.44 -151.47 -151.50 -151.53 -151.56 -151.59 -151.66 -151.69 -151.72 -151.75 -151.78 -151.81 -151.88 -151.91 -151.94 -151.97 -152.03 -152.06 -152.09 -152.16 -152.19 -152.25 -152.28 -152.31 -152.38 -152.41 -152.44 -152.50 -152.53 -152.56 -152.59 -152.62 -152.66 -152.69 -152.72 -152.75 -152.75 -152.78 -152.81 -152.84 -152.88 -152.91 -152.94 -152.94 -152.97 -153.00 -153.03 -153.06 -153.09 -153.12 -153.16 -153.19 -153.22 -153.25 -153.28 -153.31 -153.34 -153.38 -153.41 -153.44 -153.47 -153.50 -153.53 -153.53 -153.56 -153.59
-151.50 -151.53 -151.56 -151.59 -151.62 -151.66 -151.69 -151.72 -151.78 -151.81 -151.84 -151.88 -151.91 -151.94 -152.00 -152.03 -152.06 -152.12 -152.16 -152.19 -152.25 -152.28 -152.31 -152.38 -152.41 -152.47 -152.50 -152.53 -152.56 -152.62 -152.66 -152.69 -152.72 -152.75 -152.75 -152.78 -152.81 -152.84 -152.88 -152.91 -152.94 -152.97 -153.00 -153.00 -153.03 -153.06 -153.09 -153.12 -153.16 -153.19 -153.22 -153.25 -153.28 -153.31 -153.34 -153.38 -153.44 -153.44 -153.47 -153.50 -153.53 -153.56 -153.59 -153.62 -153.66 -153.69 -153.72
-151.59 -151.62 -151.66 -151.69 -151.72 -151.75 -151.78 -151.81 -151.84 -151.91 -151.94 -151.97 -152.00 -152.03 -152.09 -152.12 -152.16 -152.19 -152.25 -152.28 -152.31 -152.38 -152.41 -152.47 -152.50 -152.53 -152.59 -152.62 -152.66 -152.69 -152.72 -152.75 -152.78 -152.81 -152.84 -152.88 -152.91 -152.94 -152.97 -153.00 -153.00 -153.03 -153.06 -153.09 -153.12 -153.16 -153.19 -153.22 -153.25 -153.28 -153.31 -153.38 -153.41 -153.44 -153.47 -153.50 -153.53 -153.56 -153.59 -153.62 -153.66 -153.69 -153.72 -153.75 -153.75 -153.78 -153.81
-151.69 -151.72 -151.75 -151.78 -151.81 -151.84 -151.88 -151.91 -151.94 -151.97 -152.00 -152.06 -152.09 -152.12 -152.16 -152.22 -152.25 -152.28 -152.34 -152.38 -152.41 -152.47 -152.50 -152.53 -152.59 -152.62 -152.66 -152.69 -152.75 -152.78 -152.81 -152.84 -152.88 -152.91 -152.94 -152.94 -152.97 -153.00 -153.03 -153.06 -153.09 -153.12 -153.16 -153.19 -153.22 -153.25 -153.28 -153.31 -153.34 -153.41 -153.44 -153.47 -153.50 -153.53 -153.56 -153.59 -153.62 -153.66 -153.69 -153.72 -153.75 -153.78 -153.81 -153.84 -153.88 -153.91 -153.94
-151.81 -151.81 -151.84 -151.88 -151.91 -151.94 -151.97 -152.00 -152.03 -152.06 -152.09 -152.16 -152.19 -152.22 -152.25 -152.28 -152.34 -152.38 -152.41 -152.47 -152.50 -152.56 -152.59 -152.62 -152.66 -152.72 -152.75 -152.78 -152.81 -152.84 -152.88 -152.91 -152.94 -152.97 -153.00 -153.03 -153.06 -153.09 -153.12 -153.16 -153.19 -153.22 -153.25 -153.28 -153.31 -153.34 -153.38 -153.41 -153.47 -153.50 -153.53 -153.56 -153.59 -153.62 -153.66 -153.69 -153.72 -153.75 -153.78 -153.81 -153.84 -153.91 -153.94 -153.94 -153.97 -154.00 -154.03
-151.88 -151.91 -151.94 -151.97 -152.00 -152.03 -152.06 -152.09 -152.12 -152.16 -152.19 -152.22 -152.28 -152.31 -152.34 -152.38 -152.44 -152.47 -152.50 -152.56 -152.59 -152.62 -152.69 -152.72 -152.75 -152.78 -152.81 -152.88 -152.91 -152.94 -152.97 -153.00 -153.03 -153.06 -153.09 -153.12 -153.16 -153.19 -153.22 -153.25 -153.28 -153.31 -153.34 -153.38 -153.41 -153.44 -153.47 -153.50 -153.56 -153.59 -153.62 -153.66 -153.69 -153.72 -153.75 -153.78 -153.84 -153.88 -153.91 -153.94 -153.97 -154.00 -154.03 -154.06 -154.09 -154.12 -154.16
-151.97 -152.00 -152.03 -152.06 -152.09 -152.12 -152.16 -152.19 -152.22 -152.25 -152.28 -152.31 -152.34 -152.41 -152.44 -152.47 -152.50 -152.56 -152.59 -152.62 -152.69 -152.72 -152.75 -152.81 -152.84 -152.88 -152.91 -152.94 -152.97 -153.00 -153.03 -153.06 -153.09 -153.12 -153.16 -153.19 -153.22 -153.25 -153.28 -153.34 -153.38 -153.41 -153.44 -153.47 -153.50 -153.53 -153.56 -153.62 -153.66 -153.69 -153.72 -153.75 -153.78 -153.81 -153.84 -153.91 -153.94 -153.97 -154.00 -154.03 -154.06 -154.09 -154.12 -154.16 -154.19 -154.22 -154.25
-152.06 -152.09 -152.12 -152.16 -152.16 -152.19 -152.22 -152.25 -152.31 -152.34 -152.38 -152.41 -152.44 -152.47 -152.53 -152.56 -152.59 -152.66 -152.69 -152.72 -152.78 -152.81 -152.84 -152.88 -152.91 -152.94 -153.00 -153.03 -153.06 -153.09 -153.12 -153.16 -153.19 -153.22 -153.25 -153.28 -153.31 -153.34 -153.38 -153.41 -153.44 -153.50 -153.53 -153.56 -153.59 -153.62 -153.66 -153.72 -153.75 -153.78 -153.81 -153.84 -153.88 -153.91 -153.97 -154.00 -154.03 -154.06 -154.09 -154.12 -154.16 -154.22 -154.25 -154.28 -154.31 -154.34 -154.38
-152.12 -152.16 -152.19 -152.22 -152.25 -152.28 -152.31 -152.34 -152.38 -152.41 -152.47 -152.50 -152.53 -152.56 -152.62 -152.66 -152.69 -152.72 -152.78 -152.81 -152.84 -152.91 -152.94 -152.97 -153.00 -153.03 -153.06 -153.09 -153.12 -153.16 -153.19 -153.22 -153.25 -153.31 -153.34 -153.38 -153.41 -153.44 -153.47 -153.50 -153.53 -153.56 -153.62 -153.66 -153.69 -153.72 -153.75 -153.81 -153.84 -153.88 -153.91 -153.94 -153.97 -154.03 -154.06 -154.09 -154.12 -154.16 -154.19 -154.25 -154.28 -154.31 -154.34 -154.38 -154.41 -154.44 -154.47
-152.22 -152.25 -152.28 -152.31 -152.34 -152.38 -152.41 -152.44 -152.47 -152.50 -152.53 -152.59 -152.62 -152.66 -152.69 -152.75 -152.78 -152.81 -152.88 -152.91 -152.94 -152.97 -153.00 -153.06 -153.09 -153.12 -153.16 -153.19 -153.22 -153.25 -153.28 -153.31 -153.34 -153.38 -153.41 -153.44 -153.50 -153.53 -153.56 -153.59 -153.62 -153.66 -153.72 -153.75 -153.78 -153.81 -153.84 -153.91 -153.94 -153.97 -154.00 -154.03 -154.06 -154.12 -154.16 -154.19 -154.22 -154.25 -154.31 -154.34 -154.38 -154.41 -154.44 -154.47 -154.50 -154.56 -154.59
-152.31 -152.31 -152.34 -152.38 -152.41 -152.44 -152.50 -152.53 -152.56 -152.59 -152.62 -152.66 -152.72 -152.75 -152.78 -152.81 -152.88 -152.91 -152.94 -153.00 -153.03 -153.06 -153.09 -153.12 -153.16 -153.19 -153.22 -153.25 -153.28 -153.31 -153.34 -153.41 -153.44 -153.47 -153.50 -153.53 -153.56 -153.59 -153.66 -153.69 -153.72 -153.75 -153.78 -153.84 -153.88 -153.91 -153.94 -154.00 -154.03 -154.06 -154.09 -154.12 -154.19 -154.22 -154.25 -154.28 -154.31 -154.38 -154.41 -154.44 -154.47 -154.50 -154.53 -154.59 -154.62 -154.66 -154.69
-152.38 -152.41 -152.44 -152.47 -152.50 -152.53 -152.56 -152.59 -152.62 -152.69 -152.72 -152.75 -152.78 -152.84 -152.88 -152.91 -152.97 -153.00 -153.03 -153.06 -153.09 -153.12 -153.19 -153.22 -153.25 -153.28 -153.31 -153.34 -153.38 -153.41 -153.44 -153.47 -153.50 -153.53 -153.59 -153.62 -153.66 -153.69 -153.72 -153.78 -153.81 -153.84 -153.88 -153.94 -153.97 -154.00 -154.03 -154.09 -154.12 -154.16 -154.19 -154.22 -154.28 -154.31 -154.34 -154.38 -154.41 -154.47 -154.50 -154.53 -154.56 -154.59 -154.66 -154.69 -154.72 -154.75 -154.81
-152.44 -152.47 -152.50 -152.53 -152.56 -152.59 -152.66 -152.69 -152.72 -152.75 -152.78 -152.84 -152.88 -152.91 -152.97 -153.00 -153.03 -153.06 -153.12 -153.16 -153.19 -153.22 -153.25 -153.28 -153.31 -153.34 -153.38 -153.41 -153.44 -153.47 -153.53 -153.56 -153.59 -153.62 -153.66 -153.69 -153.75 -153.78 -153.81 -153.88 -153.91 -153.94 -153.97 -154.03 -154.06 -154.09 -154.12 -154.16 -154.22 -154.25 -154.28 -154.31 -154.34 -154.41 -154.44 -154.47 -154.50 -154.56 -154.59 -154.62 -154.66 -154.72 -154.75 -154.78 -154.81 -154.88 -154.91
-152.50 -152.53 -152.56 -152.59 -152.62 -152.69 -152.72 -152.75 -152.78 -152.84 -152.88 -152.91 -152.97 -153.00 -153.03 -153.06 -153.12 -153.16 -153.19 -153.22 -153.25 -153.28 -153.31 -153.34 -153.38 -153.44 -153.47 -153.50 -153.53 -153.56 -153.59 -153.62 -153.66 -153.72 -153.75 -153.78 -153.81 -153.88 -153.91 -153.94 -154.00 -154.03 -154.06 -154.09 -154.16 -154.19 -154.22 -154.25 -154.31 -154.34 -154.38 -154.41 -154.44 -154.50 -154.53 -154.56 -154.59 -154.66 -154.69 -154.72 -154.75 -154.81 -154.84 -154.88 -154.94 -154.97 -155.00
-152.56 -152.59 -152.62 -152.66 -152.72 -152.75 -152.78 -152.81 -152.88 -152.91 -152.94 -153.00 -153.03 -153.06 -153.12 -153.16 -153.19 -153.22 -153.28 -153.31 -153.34 -153.38 -153.41 -153.44 -153.47 -153.50 -153.53 -153.56 -153.59 -153.62 -153.69 -153.72 -153.75 -153.78 -153.84 -153.88 -153.91 -153.97 -154.00 -154.03 -154.06 -154.12 -154.16 -154.19 -154.25 -154.28 -154.31 -154.34 -154.38 -154.44 -154.47 -154.50 -154.53 -154.59 -154.62 -154.66 -154.69 -154.75 -154.78 -154.81 -154.88 -154.91 -154.94 -154.97 -155.03 -155.06 -155.09
-152.62 -152.66 -152.69 -152.72 -152.78 -152.81 -152.84 -152.91 -152.94 -152.97 -153.03 -153.06 -153.09 -153.16 -153.19 -153.22 -153.28 -153.31 -153.34 -153.38 -153.41 -153.44 -153.47 -153.50 -153.53 -153.56 -153.59 -153.66 -153.69 -153.72 -153.75 -153.78 -153.84 -153.88 -153.91 -153.97 -154.00 -154.03 -154.09 -154.12 -154.16 -154.22 -154.25 -154.28 -154.31 -154.38 -154.41 -154.44 -154.47 -154.53 -154.56 -154.59 -154.62 -154.69 -154.72 -154.75 -154.78 -154.84 -154.88 -154.91 -154.97 -155.00 -155.03 -155.06 -155.12 -155.16 -155.22
-152.69 -152.72 -152.75 -152.81 -152.84 -152.88 -152.94 -152.97 -153.00 -153.06 -153.09 -153.12 -153.19 -153.22 -153.25 -153.31 -153.34 -153.38 -153.41 -153.44 -153.47 -153.50 -153.53 -153.59 -153.62 -153.66 -153.69 -153.72 -153.75 -153.78 -153.84 -153.88 -153.91 -153.97 -154.00 -154.03 -154.09 -154.12 -154.16 -154.22 -154.25 -154.28 -154.34 -154.38 -154.41 -154.44 -154.50 -154.53 -154.56 -154.59 -154.66 -154.69 -154.72 -154.75 -154.81 -154.84 -154.88 -154.94 -154.97 -155.00 -155.06 -155.09 -155.12 -155.19 -155.22 -155.25 -155.31
-152.75 -152.78 -152.81 -152.88 -152.91 -152.94 -153.00 -153.03 -153.09 -153.12 -153.16 -153.22 -153.25 -153.28 -153.34 -153.38 -153.41 -153.44 -153.47 -153.53 -153.56 -153.59 -153.62 -153.66 -153.69 -153.72 -153.75 -153.78 -153.84 -153.88 -153.91 -153.94 -154.00 -154.03 -154.09 -154.12 -154.16 -154.22 -154.25 -154.28 -154.34 -154.38 -154.41 -154.47 -154.50 -154.53 -154.56 -154.62 -154.66 -154.69 -154.72 -154.78 -154.81 -154.84 -154.91 -154.94 -154.97 -155.03 -155.06 -155.09 -155.12 -155.19 -155.22 -155.28 -155.31 -155.34 -155.41
-152.81 -152.84 -152.88 -152.94 -152.97 -153.00 -153.06 -153.09 -153.16 -153.19 -153.25 -153.28 -153.31 -153.38 -153.41 -153.44 -153.47 -153.53 -153.56 -153.59 -153.62 -153.66 -153.69 -153.72 -153.75 -153.78 -153.84 -153.88 -153.91 -153.94 -154.00 -154.03 -154.06 -154.12 -154.16 -154.22 -154.25 -154.28 -154.34 -154.38 -154.41 -154.47 -154.50 -154.53 -154.59 -154.62 -154.66 -154.69 -154.75 -154.78 -154.81 -154.84 -154.91 -154.94 -154.97 -155.03 -155.06 -155.09 -155.16 -155.19 -155.22 -155.28 -155.31 -155.38 -155.41 -155.44 -155.50
-152.88 -152.91 -152.94 -153.00 -153.03 -153.09 -153.12 -153.19 -153.22 -153.25 -153.31 -153.34 -153.41 -153.44 -153.47 -153.50 -153.56 -153.59 -153.62 -153.66 -153.69 -153.72 -153.75 -153.78 -153.84 -153.88 -153.91 -153.94 -154.00 -154.03 -154.06 -154.12 -154.16 -154.19 -154.25 -154.28 -154.34 -154.38 -154.41 -154.47 -154.50 -154.53 -154.59 -154.62 -154.66 -154.69 -154.75 -154.78 -154.81 -154.88 -154.91 -154.94 -155.00 -155.03 -155.06 -155.09 -155.16 -155.19 -155.25 -155.28 -155.31 -155.38 -155.41 -155.44 -155.50 -155.53 -155.59
-152.94 -152.97 -153.00 -153.06 -153.09 -153.16 -153.19 -153.25 -153.28 -153.34 -153.38 -153.41 -153.47 -153.50 -153.53 -153.56 -153.62 -153.66 -153.69 -153.72 -153.75 -153.78 -153.84 -153.88 -153.91 -153.94 -153.97 -154.03 -154.06 -154.09 -154.16 -154.19 -154.25 -154.28 -154.31 -154.38 -154.41 -154.47 -154.50 -154.53 -154.59 -154.62 -154.66 -154.72 -154.75 -154.78 -154.81 -154.88 -154.91 -154.94 -155.00 -155.03 -155.06 -155.12 -155.16 -155.19 -155.25 -155.28 -155.31 -155.38 -155.41 -155.44 -155.50 -155.53 -155.59 -155.62 -155.69
-153.00 -153.03 -153.06 -153.12 -153.16 -153.22 -153.25 -153.31 -153.34 -153.41 -153.44 -153.47 -153.53 -153.56 -153.59 -153.66 -153.69 -153.72 -153.75 -153.78 -153.81 -153.88 -153.91 -153.94 -153.97 -154.03 -154.06 -154.09 -154.12 -154.19 -154.22 -154.28 -154.31 -154.38 -154.41 -154.44 -154.50 -154.53 -154.59 -154.62 -154.66 -154.72 -154.75 -154.78 -154.81 -154.88 -154.91 -154.94 -154.97 -155.03 -155.06 -155.09 -155.16 -155.19 -155.25 -155.28 -155.31 -155.38 -155.41 -155.44 -155.50 -155.53 -155.59 -155.62 -155.66 -155.72 -155.75
-153.06 -153.09 -153.12 -153.19 -153.22 -153.28 -153.31 -153.38 -153.41 -153.47 -153.50 -153.56 -153.59 -153.62 -153.66 -153.72 -153.75 -153.78 -153.81 -153.84 -153.91 -153.94 -153.97 -154.00 -154.06 -154.09 -154.12 -154.19 -154.22 -154.25 -154.31 -154.34 -154.41 -154.44 -154.50 -154.53 -154.56 -154.62 -154.66 -154.69 -154.75 -154.78 -154.81 -154.88 -154.91 -154.94 -154.97 -155.03 -155.06 -155.09 -155.16 -155.19 -155.22 -155.28 -155.31 -155.34 -155.41 -155.44 -155.50 -155.53 -155.56 -155.62 -155.66 -155.72 -155.75 -155.78 -155.84
-153.12 -153.16 -153.22 -153.25 -153.31 -153.34 -153.41 -153.44 -153.47 -153.53 -153.56 -153.62 -153.66 -153.69 -153.72 -153.78 -153.81 -153.84 -153.88 -153.94 -153.97 -154.00 -154.03 -154.09 -154.12 -154.16 -154.19 -154.25 -154.28 -154.34 -154.38 -154.44 -154.47 -154.53 -154.56 -154.62 -154.66 -154.69 -154.75 -154.78 -154.81 -154.84 -154.91 -154.94 -154.97 -155.03 -155.06 -155.09 -155.16 -155.19 -155.22 -155.28 -155.31 -155.34 -155.41 -155.44 -155.47 -155.53 -155.56 -155.62 -155.66 -155.72 -155.75 -155.78 -155.84 -155.88 -155.91
