arlandasctiles/Tile[11,15].asc
ncols 128
nrows 128
xllcorner 0
yllcorner 0
cellsize 2.0
NODATA_value  -9999
[rows 90 to 119 of 128, columns 0 to 67 of 128]
-94.69 -94.94 -95.22 -95.50 -95.75 -96.03 -96.28 -96.56 -96.81 -96.84 -97.06 -97.25 -97.47 -97.66 -97.81 -97.97 -98.12 -98.25 -98.38 -98.50 -98.59 -98.88 -98.94 -98.97 -99.03 -99.06 -99.09 -99.12 -99.16 -99.19 -99.22 -99.22 -99.25 -99.28 -99.28 -99.31 -99.31 -99.34 -99.34 -99.34 -99.38 -99.38 -99.38 -99.19 -99.19 -99.19 -99.19 -99.19 -99.19 -99.19 -99.16 -99.16 -99.16 -99.12 -99.12 -99.09 -99.09 -99.06 -99.03 -99.00 -98.97 -98.91 -98.88 -98.84 -98.97 -98.91 -98.84 -98.81
-94.53 -94.81 -95.09 -95.38 -95.62 -95.91 -96.16 -96.44 -96.69 -96.72 -96.94 -97.12 -97.34 -97.53 -97.69 -97.84 -98.00 -98.12 -98.25 -98.38 -98.47 -98.75 -98.81 -98.84 -98.91 -98.94 -98.97 -99.00 -99.00 -99.03 -99.06 -99.06 -99.09 -99.09 -99.12 -99.12 -99.16 -99.16 -99.16 -99.19 -99.19 -99.00 -99.00 -99.00 -99.00 -99.00 -99.00 -99.00 -98.97 -98.97 -98.97 -98.94 -98.94 -98.91 -98.91 -98.88 -98.84 -98.81 -98.78 -98.75 -98.72 -98.69 -98.62 -98.78 -98.72 -98.66 -98.59 -98.53
-94.41 -94.69 -94.97 -95.25 -95.53 -95.78 -96.06 -96.31 -96.56 -96.59 -96.81 -97.00 -97.22 -97.41 -97.56 -97.75 -97.88 -98.03 -98.12 -98.25 -98.34 -98.41 -98.69 -98.72 -98.75 -98.78 -98.81 -98.84 -98.88 -98.88 -98.91 -98.91 -98.94 -98.94 -98.97 -98.97 -98.97 -99.00 -99.00 -99.00 -98.81 -98.81 -98.81 -98.81 -98.81 -98.81 -98.78 -98.78 -98.78 -98.75 -98.75 -98.72 -98.72 -98.69 -98.69 -98.66 -98.62 -98.56 -98.53 -98.50 -98.47 -98.41 -98.38 -98.50 -98.44 -98.38 -98.31 -98.25
-94.28 -94.56 -94.84 -95.12 -95.41 -95.66 -95.94 -96.19 -96.44 -96.47 -96.69 -96.91 -97.09 -97.28 -97.47 -97.62 -97.78 -97.91 -98.03 -98.12 -98.22 -98.28 -98.56 -98.59 -98.62 -98.66 -98.69 -98.69 -98.72 -98.72 -98.75 -98.75 -98.78 -98.78 -98.78 -98.81 -98.81 -98.81 -98.81 -98.62 -98.62 -98.62 -98.62 -98.59 -98.59 -98.59 -98.59 -98.56 -98.56 -98.53 -98.53 -98.50 -98.50 -98.47 -98.44 -98.41 -98.38 -98.34 -98.28 -98.25 -98.22 -98.16 -98.31 -98.25 -98.16 -98.09 -98.03 -98.00
-94.16 -94.44 -94.72 -95.00 -95.28 -95.56 -95.81 -96.06 -96.12 -96.34 -96.56 -96.78 -96.97 -97.16 -97.34 -97.50 -97.66 -97.78 -97.91 -98.00 -98.09 -98.16 -98.44 -98.47 -98.50 -98.53 -98.53 -98.56 -98.56 -98.59 -98.59 -98.59 -98.59 -98.62 -98.62 -98.62 -98.62 -98.62 -98.44 -98.44 -98.44 -98.44 -98.41 -98.41 -98.41 -98.38 -98.38 -98.38 -98.34 -98.31 -98.31 -98.28 -98.25 -98.22 -98.19 -98.16 -98.12 -98.09 -98.03 -98.00 -97.94 -97.91 -98.03 -97.97 -97.91 -97.84 -97.78 -97.72
-94.06 -94.34 -94.62 -94.91 -95.19 -95.44 -95.69 -95.97 -96.00 -96.22 -96.44 -96.66 -96.84 -97.03 -97.22 -97.38 -97.53 -97.66 -97.78 -97.88 -97.97 -98.03 -98.09 -98.34 -98.38 -98.38 -98.41 -98.41 -98.44 -98.44 -98.44 -98.44 -98.44 -98.44 -98.44 -98.44 -98.44 -98.25 -98.25 -98.25 -98.22 -98.22 -98.22 -98.19 -98.19 -98.19 -98.16 -98.16 -98.12 -98.09 -98.06 -98.06 -98.03 -98.00 -97.94 -97.91 -97.88 -97.84 -97.78 -97.75 -97.69 -97.62 -97.78 -97.69 -97.62 -97.56 -97.50 -97.44
-93.94 -94.22 -94.50 -94.78 -95.06 -95.31 -95.38 -95.62 -95.88 -96.09 -96.31 -96.53 -96.72 -96.91 -97.09 -97.25 -97.41 -97.56 -97.66 -97.75 -97.84 -97.91 -97.97 -98.03 -98.06 -98.25 -98.28 -98.28 -98.28 -98.28 -98.28 -98.28 -98.28 -98.28 -98.28 -98.28 -98.28 -98.06 -98.06 -98.03 -98.03 -98.03 -98.00 -98.00 -97.97 -97.97 -97.94 -97.91 -97.91 -97.88 -97.84 -97.81 -97.78 -97.75 -97.69 -97.66 -97.62 -97.56 -97.53 -97.47 -97.44 -97.56 -97.50 -97.41 -97.34 -97.28 -97.22 -97.16
-93.81 -94.12 -94.41 -94.47 -94.75 -95.00 -95.25 -95.50 -95.72 -95.97 -96.19 -96.38 -96.59 -96.78 -96.97 -97.12 -97.28 -97.44 -97.53 -97.62 -97.72 -97.78 -97.84 -97.88 -97.91 -97.94 -98.16 -98.16 -98.12 -98.12 -98.12 -98.12 -98.12 -98.09 -98.09 -98.09 -97.88 -97.88 -97.84 -97.84 -97.84 -97.81 -97.78 -97.78 -97.75 -97.72 -97.72 -97.69 -97.66 -97.62 -97.59 -97.56 -97.53 -97.47 -97.44 -97.41 -97.34 -97.31 -97.25 -97.22 -97.16 -97.28 -97.19 -97.12 -97.06 -97.00 -96.94 -96.88
-93.72 -93.78 -94.06 -94.34 -94.59 -94.84 -95.09 -95.34 -95.56 -95.81 -96.03 -96.25 -96.44 -96.62 -96.81 -97.00 -97.16 -97.28 -97.41 -97.50 -97.59 -97.66 -97.72 -97.75 -97.78 -97.78 -97.81 -98.00 -98.00 -97.97 -97.97 -97.97 -97.94 -97.94 -97.94 -97.72 -97.69 -97.69 -97.66 -97.66 -97.62 -97.59 -97.59 -97.56 -97.53 -97.50 -97.47 -97.44 -97.41 -97.38 -97.34 -97.31 -97.28 -97.22 -97.19 -97.12 -97.09 -97.03 -97.00 -96.94 -96.88 -97.00 -96.91 -96.84 -96.78 -96.72 -96.66 -96.59
-93.38 -93.62 -93.91 -94.19 -94.44 -94.69 -94.94 -95.19 -95.41 -95.66 -95.88 -96.09 -96.28 -96.50 -96.69 -96.84 -97.00 -97.16 -97.28 -97.38 -97.44 -97.50 -97.56 -97.59 -97.62 -97.66 -97.66 -97.66 -97.84 -97.81 -97.81 -97.78 -97.78 -97.75 -97.53 -97.53 -97.50 -97.47 -97.47 -97.44 -97.41 -97.38 -97.34 -97.34 -97.31 -97.28 -97.25 -97.22 -97.16 -97.12 -97.09 -97.06 -97.00 -96.97 -96.91 -96.88 -96.81 -96.75 -96.72 -96.66 -96.78 -96.72 -96.62 -96.56 -96.50 -96.44 -96.38 -96.31
-93.19 -93.47 -93.75 -94.00 -94.25 -94.50 -94.75 -95.00 -95.22 -95.47 -95.69 -95.91 -96.12 -96.31 -96.53 -96.69 -96.84 -97.00 -97.12 -97.22 -97.31 -97.38 -97.41 -97.44 -97.47 -97.50 -97.50 -97.50 -97.47 -97.47 -97.66 -97.62 -97.59 -97.56 -97.34 -97.31 -97.31 -97.28 -97.25 -97.22 -97.19 -97.16 -97.12 -97.09 -97.06 -97.03 -97.00 -96.97 -96.91 -96.88 -96.84 -96.78 -96.75 -96.69 -96.66 -96.59 -96.53 -96.47 -96.44 -96.38 -96.50 -96.41 -96.34 -96.28 -96.22 -96.16 -96.09 -96.03
-93.03 -93.31 -93.56 -93.81 -94.06 -94.31 -94.56 -94.81 -95.06 -95.28 -95.50 -95.72 -95.94 -96.16 -96.34 -96.53 -96.69 -96.84 -96.97 -97.06 -97.12 -97.19 -97.25 -97.28 -97.31 -97.34 -97.34 -97.34 -97.31 -97.31 -97.28 -97.44 -97.41 -97.19 -97.16 -97.12 -97.09 -97.06 -97.03 -97.00 -96.97 -96.94 -96.91 -96.88 -96.81 -96.78 -96.75 -96.69 -96.66 -96.62 -96.56 -96.53 -96.47 -96.41 -96.38 -96.31 -96.25 -96.19 -96.16 -96.28 -96.19 -96.12 -96.06 -95.97 -95.91 -95.84 -95.78 -95.75
-92.84 -93.09 -93.34 -93.62 -93.88 -94.12 -94.34 -94.59 -94.84 -95.06 -95.31 -95.53 -95.75 -95.94 -96.16 -96.34 -96.50 -96.66 -96.78 -96.88 -96.97 -97.03 -97.09 -97.12 -97.16 -97.19 -97.19 -97.16 -97.16 -97.12 -97.09 -97.06 -97.03 -97.00 -96.97 -96.94 -96.91 -96.84 -96.81 -96.78 -96.75 -96.69 -96.66 -96.62 -96.56 -96.53 -96.50 -96.44 -96.41 -96.34 -96.28 -96.25 -96.19 -96.12 -96.09 -96.03 -95.97 -95.91 -95.84 -95.97 -95.91 -95.81 -95.75 -95.69 -95.62 -95.56 -95.50 -95.44
-92.62 -92.88 -93.12 -93.38 -93.62 -93.88 -94.12 -94.38 -94.66 -94.84 -95.09 -95.31 -95.50 -95.72 -95.94 -96.09 -96.28 -96.44 -96.59 -96.69 -96.78 -96.84 -96.91 -96.97 -97.00 -97.00 -97.00 -97.00 -96.97 -96.94 -96.91 -96.88 -96.84 -96.81 -96.75 -96.72 -96.69 -96.62 -96.59 -96.56 -96.50 -96.47 -96.41 -96.38 -96.31 -96.28 -96.22 -96.19 -96.12 -96.06 -96.00 -95.97 -95.91 -95.84 -95.78 -95.72 -95.69 -95.62 -95.56 -95.66 -95.59 -95.53 -95.47 -95.41 -95.34 -95.28 -95.22 -95.16
-92.38 -92.62 -92.91 -93.16 -93.41 -93.66 -93.88 -94.12 -94.41 -94.59 -94.88 -95.03 -95.25 -95.50 -95.69 -95.88 -96.03 -96.19 -96.31 -96.47 -96.56 -96.66 -96.72 -96.78 -96.81 -96.84 -96.84 -96.81 -96.78 -96.75 -96.72 -96.69 -96.66 -96.59 -96.56 -96.50 -96.47 -96.41 -96.38 -96.31 -96.28 -96.22 -96.16 -96.12 -96.06 -96.00 -95.97 -95.91 -95.84 -95.78 -95.72 -95.69 -95.62 -95.56 -95.50 -95.44 -95.38 -95.50 -95.44 -95.34 -95.31 -95.22 -95.16 -95.09 -95.03 -94.97 -94.91 -94.84
-92.12 -92.38 -92.62 -92.84 -93.12 -93.38 -93.59 -93.88 -94.06 -94.31 -94.59 -94.75 -94.97 -95.25 -95.44 -95.59 -95.78 -95.94 -96.09 -96.22 -96.38 -96.44 -96.53 -96.59 -96.62 -96.66 -96.66 -96.62 -96.59 -96.56 -96.53 -96.47 -96.44 -96.59 -96.53 -96.28 -96.25 -96.19 -96.12 -96.09 -96.03 -95.97 -95.91 -95.84 -95.81 -95.75 -95.69 -95.62 -95.56 -95.50 -95.44 -95.38 -95.31 -95.25 -95.19 -95.12 -95.28 -95.19 -95.12 -95.06 -95.00 -94.94 -94.88 -94.81 -94.75 -94.69 -94.62 -94.56
-91.84 -92.06 -92.31 -92.56 -92.81 -93.06 -93.31 -93.56 -93.78 -94.03 -94.25 -94.47 -94.75 -94.97 -95.16 -95.31 -95.53 -95.69 -95.81 -95.97 -96.12 -96.19 -96.31 -96.38 -96.44 -96.47 -96.47 -96.44 -96.41 -96.38 -96.31 -96.28 -96.22 -96.19 -96.31 -96.25 -96.00 -95.94 -95.91 -95.84 -95.78 -95.72 -95.66 -95.59 -95.53 -95.47 -95.41 -95.34 -95.28 -95.22 -95.16 -95.09 -95.03 -94.97 -94.91 -95.03 -94.94 -94.88 -94.81 -94.75 -94.69 -94.62 -94.56 -94.50 -94.44 -94.38 -94.34 -94.28
-91.53 -91.75 -92.00 -92.25 -92.50 -92.75 -93.03 -93.25 -93.47 -93.75 -93.94 -94.19 -94.44 -94.66 -94.84 -95.03 -95.22 -95.38 -95.56 -95.72 -95.88 -95.94 -96.09 -96.16 -96.22 -96.25 -96.25 -96.25 -96.22 -96.16 -96.12 -96.06 -96.00 -95.97 -96.09 -96.03 -95.97 -95.72 -95.66 -95.59 -95.53 -95.47 -95.38 -95.31 -95.25 -95.19 -95.12 -95.06 -95.00 -94.91 -94.84 -94.78 -94.72 -94.84 -94.78 -94.69 -94.62 -94.56 -94.50 -94.44 -94.38 -94.31 -94.22 -94.19 -94.12 -94.06 -94.03 -93.97
-91.19 -91.41 -91.69 -91.94 -92.16 -92.41 -92.69 -92.88 -93.16 -93.44 -93.59 -93.88 -94.09 -94.34 -94.53 -94.72 -94.91 -95.09 -95.28 -95.44 -95.62 -95.72 -95.88 -95.94 -96.00 -96.06 -96.06 -96.03 -96.00 -95.94 -95.91 -95.84 -95.78 -95.72 -95.88 -95.78 -95.72 -95.47 -95.41 -95.34 -95.25 -95.19 -95.12 -95.06 -94.97 -94.91 -94.84 -94.75 -94.69 -94.62 -94.75 -94.69 -94.59 -94.53 -94.44 -94.38 -94.31 -94.25 -94.16 -94.09 -94.03 -93.97 -93.91 -93.88 -93.81 -93.75 -93.72 -93.66
-90.84 -91.09 -91.38 -91.56 -91.81 -92.03 -92.28 -92.53 -92.75 -93.09 -93.22 -93.53 -93.78 -94.00 -94.19 -94.41 -94.62 -94.78 -94.97 -95.16 -95.31 -95.44 -95.62 -95.69 -95.78 -95.84 -95.84 -95.81 -95.78 -95.72 -95.69 -95.62 -95.56 -95.50 -95.44 -95.56 -95.47 -95.41 -95.16 -95.06 -95.00 -94.91 -94.84 -94.78 -94.88 -94.81 -94.72 -94.66 -94.56 -94.50 -94.44 -94.34 -94.28 -94.19 -94.12 -94.06 -93.97 -93.91 -93.84 -93.78 -93.72 -93.66 -93.59 -93.53 -93.50 -93.44 -93.41 -93.38
-90.53 -90.75 -91.00 -91.19 -91.44 -91.66 -91.91 -92.16 -92.41 -92.66 -92.88 -93.16 -93.41 -93.62 -93.88 -94.06 -94.28 -94.47 -94.69 -94.84 -95.03 -95.19 -95.31 -95.41 -95.53 -95.62 -95.59 -95.59 -95.53 -95.50 -95.44 -95.38 -95.31 -95.25 -95.19 -95.12 -95.22 -95.16 -95.09 -95.00 -94.94 -94.84 -94.75 -94.66 -94.59 -94.50 -94.41 -94.34 -94.25 -94.16 -94.09 -94.03 -93.94 -93.88 -93.78 -93.72 -93.66 -93.59 -93.53 -93.44 -93.41 -93.34 -93.28 -93.22 -93.19 -93.12 -93.09 -93.06
-90.16 -90.38 -90.59 -90.81 -91.03 -91.25 -91.50 -91.75 -92.03 -92.25 -92.53 -92.78 -93.03 -93.28 -93.50 -93.72 -93.94 -94.12 -94.38 -94.50 -94.72 -94.94 -95.06 -95.16 -95.28 -95.38 -95.34 -95.34 -95.28 -95.25 -95.19 -95.12 -95.06 -95.00 -94.94 -94.84 -94.78 -94.91 -94.81 -94.72 -94.62 -94.53 -94.44 -94.34 -94.28 -94.19 -94.09 -94.00 -93.91 -93.84 -93.75 -93.69 -93.59 -93.53 -93.47 -93.38 -93.31 -93.25 -93.19 -93.12 -93.06 -93.03 -92.97 -92.91 -92.88 -92.81 -92.78 -92.75
-89.94 -90.12 -90.22 -90.38 -90.66 -90.81 -91.06 -91.34 -91.62 -91.97 -92.12 -92.38 -92.62 -92.91 -93.12 -93.34 -93.56 -93.78 -94.00 -94.16 -94.34 -94.62 -94.75 -94.88 -95.00 -95.09 -95.12 -95.06 -95.03 -94.97 -94.94 -94.88 -94.81 -94.75 -94.66 -94.59 -94.50 -94.44 -94.53 -94.44 -94.34 -94.25 -94.16 -94.06 -93.94 -93.84 -93.78 -93.69 -93.59 -93.50 -93.44 -93.34 -93.28 -93.19 -93.12 -93.06 -93.00 -92.94 -92.88 -92.81 -92.75 -92.69 -92.66 -92.59 -92.56 -92.50 -92.47 -92.44
-89.50 -89.72 -89.94 -90.12 -90.25 -90.38 -90.66 -90.94 -91.16 -91.59 -91.88 -92.12 -92.41 -92.59 -92.72 -93.09 -93.19 -93.41 -93.62 -93.97 -94.12 -94.28 -94.50 -94.69 -94.78 -94.72 -94.81 -94.78 -94.75 -94.69 -94.66 -94.59 -94.53 -94.47 -94.41 -94.31 -94.25 -94.16 -94.06 -94.16 -94.06 -93.94 -93.84 -93.75 -93.62 -93.53 -93.44 -93.34 -93.25 -93.19 -93.09 -93.00 -92.94 -92.88 -92.78 -92.72 -92.66 -92.59 -92.53 -92.47 -92.41 -92.38 -92.31 -92.28 -92.22 -92.19 -92.16 -92.12
-88.81 -89.31 -89.41 -89.59 -89.72 -90.06 -90.38 -90.53 -90.81 -91.16 -91.44 -91.69 -91.91 -92.12 -92.44 -92.62 -92.91 -93.12 -93.38 -93.53 -93.62 -94.03 -93.97 -94.16 -94.25 -94.47 -94.47 -94.47 -94.44 -94.41 -94.38 -94.31 -94.25 -94.19 -94.12 -94.03 -93.94 -93.88 -93.78 -93.88 -93.75 -93.66 -93.53 -93.44 -93.31 -93.22 -93.12 -93.03 -92.94 -92.84 -92.75 -92.69 -92.59 -92.53 -92.47 -92.38 -92.31 -92.25 -92.19 -92.16 -92.09 -92.03 -92.00 -91.94 -91.91 -91.88 -91.81 -91.78
-88.03 -88.84 -88.97 -89.12 -89.34 -89.56 -89.81 -90.16 -90.38 -90.69 -90.97 -91.25 -91.47 -91.75 -91.97 -92.19 -92.41 -92.56 -92.94 -92.97 -93.12 -93.50 -93.31 -93.47 -93.56 -94.03 -94.09 -94.12 -94.12 -94.09 -94.06 -94.00 -93.97 -93.88 -93.81 -93.75 -93.66 -93.56 -93.47 -93.38 -93.47 -93.34 -93.22 -93.09 -93.00 -92.88 -92.78 -92.69 -92.59 -92.50 -92.41 -92.34 -92.25 -92.19 -92.12 -92.06 -92.00 -91.94 -91.88 -91.81 -91.75 -91.72 -91.66 -91.62 -91.56 -91.53 -91.50 -91.47
-87.62 -88.28 -88.50 -88.72 -88.94 -89.16 -89.41 -89.66 -89.97 -90.25 -90.59 -90.81 -90.97 -91.22 -91.31 -91.72 -91.88 -91.69 -92.41 -92.09 -92.81 -92.59 -92.66 -92.81 -92.97 -93.62 -93.66 -93.75 -93.81 -93.78 -93.75 -93.72 -93.66 -93.59 -93.50 -93.44 -93.34 -93.28 -93.19 -93.06 -93.16 -93.03 -92.91 -92.78 -92.69 -92.56 -92.47 -92.34 -92.25 -92.19 -92.09 -92.00 -91.91 -91.84 -91.78 -91.72 -91.66 -91.59 -91.53 -91.47 -91.41 -91.38 -91.31 -91.28 -91.25 -91.22 -91.19 -91.16
-87.38 -87.72 -88.00 -88.28 -88.53 -88.72 -88.97 -89.25 -89.50 -89.34 -90.16 -90.16 -90.56 -90.72 -90.66 -91.09 -91.22 -91.12 -91.69 -91.41 -92.19 -91.72 -92.03 -92.12 -92.47 -93.25 -93.41 -93.38 -93.47 -93.47 -93.44 -93.41 -93.34 -93.28 -93.19 -93.12 -93.03 -92.94 -92.84 -92.75 -92.84 -92.72 -92.59 -92.47 -92.34 -92.22 -92.12 -92.03 -91.94 -91.84 -91.75 -91.66 -91.59 -91.50 -91.44 -91.34 -91.28 -91.25 -91.19 -91.12 -91.06 -91.03 -90.97 -90.94 -90.91 -90.88 -90.84 -90.81
-86.91 -87.19 -87.50 -87.56 -88.03 -88.25 -88.53 -88.72 -88.44 -89.12 -89.47 -89.81 -89.88 -89.84 -90.28 -90.44 -90.41 -90.50 -91.00 -90.84 -91.53 -91.03 -91.28 -91.47 -92.12 -92.78 -92.88 -93.00 -93.09 -93.12 -93.09 -93.06 -93.00 -92.94 -92.88 -92.81 -92.72 -92.62 -92.53 -92.44 -92.34 -92.41 -92.25 -92.12 -92.03 -91.91 -91.78 -91.69 -91.59 -91.50 -91.41 -91.31 -91.22 -91.16 -91.09 -91.00 -90.94 -90.88 -90.81 -90.78 -90.72 -90.69 -90.62 -90.59 -90.56 -90.53 -90.50 -90.47
-86.28 -86.56 -86.44 -86.56 -87.50 -87.69 -87.88 -87.84 -87.75 -88.69 -88.44 -89.19 -88.72 -89.34 -89.69 -89.84 -89.66 -89.81 -90.38 -90.16 -90.47 -90.28 -90.56 -90.97 -91.81 -92.34 -92.47 -92.59 -92.72 -92.75 -92.75 -92.72 -92.66 -92.59 -92.53 -92.47 -92.38 -92.28 -92.19 -92.09 -92.00 -92.06 -91.94 -91.81 -91.69 -91.56 -91.47 -91.34 -91.25 -91.16 -91.06 -90.97 -90.88 -90.81 -90.72 -90.66 -90.59 -90.53 -90.47 -90.41 -90.38 -90.31 -90.28 -90.22 -90.19 -90.16 -90.12 -90.12
